--------------------------------
top-20
0.2391304347826087
0.22134387351778656
0.05238095238095238
0.15810276679841898
0.2427536231884058
0.25
0.3230769230769231
0.34057971014492755
0.0380952380952381
0.1225296442687747
0.2706552706552707
0.11904761904761904
0.11462450592885376
0.2276923076923077
0.16205533596837945
0.24923076923076923
0.26666666666666666
0.07142857142857142
0.13043478260869565
0.3333333333333333
0.22924901185770752
0.22134387351778656
0.18614718614718614
0.2714285714285714
0.11688311688311688
0.22333333333333333
0.26406926406926406
0.20652173913043478
0.17193675889328064
0.3333333333333333
0.29
0.4603174603174603
0.21666666666666667
0.18181818181818182
0.3862433862433862
0.5415384615384615
0.31384615384615383
0.47354497354497355
0.05238095238095238
0.07142857142857142
0.04285714285714286
0.16883116883116883
0.17753623188405798
0.2597402597402597
0.2
0.27898550724637683
0.11255411255411256
0.13043478260869565
0.12681159420289856
0.17786561264822134
0.07142857142857142
0.1774891774891775
0.2134387351778656
0.042105263157894736
0.08571428571428572
0.38735177865612647
0.2608695652173913
0.12648221343873517
0.08095238095238096
0.1471861471861472
0.2463768115942029
0.19047619047619047
0.09047619047619047
0.16600790513833993
0.08095238095238096
0.1619047619047619
0.11904761904761904
0.06842105263157895
0.12380952380952381
0.09090909090909091
0.27076923076923076
0.17391304347826086
0.05263157894736842
0.5208333333333334
0.36615384615384616
0.46923076923076923
0.1774891774891775
0.25691699604743085
0.39770114942528734
0.08421052631578947
0.10952380952380952
0.06926406926406926
0.23517786561264822
0.32671957671957674
0.18181818181818182
0.3386243386243386
0.13438735177865613
0.18181818181818182
0.10952380952380952
0.2554112554112554
0.11688311688311688
0.10952380952380952
0.308300395256917
0.23076923076923078
0.19047619047619047
0.17142857142857143
0.09288537549407115
0.009523809523809525
0.2924901185770751
0.1038961038961039
--------------------------------
top-10
0.2692307692307692
0.22727272727272727
0.022222222222222223
0.18181818181818182
0.32967032967032966
0.3076923076923077
0.32051282051282054
0.41025641025641024
0.0
0.09090909090909091
0.21212121212121213
0.18181818181818182
0.15151515151515152
0.12121212121212122
0.16666666666666666
0.15151515151515152
0.32051282051282054
0.022222222222222223
0.28888888888888886
0.3717948717948718
0.3076923076923077
0.2564102564102564
0.2727272727272727
0.3717948717948718
0.2
0.2692307692307692
0.3939393939393939
0.19696969696969696
0.2545454545454545
0.38461538461538464
0.4230769230769231
0.4666666666666667
0.16666666666666666
0.2727272727272727
0.2857142857142857
0.6333333333333333
0.3626373626373626
0.5904761904761905
0.08888888888888889
0.18181818181818182
0.1111111111111111
0.19696969696969696
0.2
0.23076923076923078
0.30303030303030304
0.3516483516483517
0.13333333333333333
0.2
0.14545454545454545
0.10909090909090909
0.0
0.15151515151515152
0.2878787878787879
0.01818181818181818
0.14545454545454545
0.580952380952381
0.28205128205128205
0.08888888888888889
0.07272727272727272
0.43636363636363634
0.23076923076923078
0.4696969696969697
0.10909090909090909
0.12727272727272726
0.07272727272727272
0.34545454545454546
0.12727272727272726
0.14545454545454545
0.16363636363636364
0.03636363636363636
0.3333333333333333
0.09090909090909091
0.1111111111111111
0.4095238095238095
0.46153846153846156
0.6416666666666667
0.2727272727272727
0.20512820512820512
0.26373626373626374
0.17777777777777778
0.03636363636363636
0.15555555555555556
0.2564102564102564
0.24242424242424243
0.18181818181818182
0.25757575757575757
0.14545454545454545
0.2727272727272727
0.14545454545454545
0.47435897435897434
0.18181818181818182
0.10909090909090909
0.48717948717948717
0.18181818181818182
0.16363636363636364
0.2909090909090909
0.022222222222222223
0.0
0.5128205128205128
0.2
--------------------------------
top-5
0.13333333333333333
0.13333333333333333
0.1
0.2
0.3333333333333333
0.23809523809523808
0.2857142857142857
0.47619047619047616
0.0
0.13333333333333333
0.3333333333333333
0.3333333333333333
0.13333333333333333
0.1
0.2
0.0
0.2857142857142857
0.1
0.42857142857142855
0.38095238095238093
0.6
0.06666666666666667
0.13333333333333333
0.6190476190476191
0.3333333333333333
0.3333333333333333
0.42857142857142855
0.13333333333333333
0.38095238095238093
0.2
0.42857142857142855
0.5
0.06666666666666667
0.6
0.2
0.7777777777777778
0.2
0.6111111111111112
0.0
0.1
0.3
0.13333333333333333
0.5
0.06666666666666667
0.2857142857142857
0.2
0.13333333333333333
0.2
0.2
0.13333333333333333
0.0
0.13333333333333333
0.38095238095238093
0.0
0.13333333333333333
0.7777777777777778
0.4666666666666667
0.13333333333333333
0.0
0.5714285714285714
0.06666666666666667
0.6428571428571429
0.2
0.2
0.0
0.42857142857142855
0.0
0.13333333333333333
0.26666666666666666
0.0
0.4666666666666667
0.1
0.0
0.4666666666666667
0.5357142857142857
0.6111111111111112
0.42857142857142855
0.0
0.1
0.4
0.0
0.06666666666666667
0.23809523809523808
0.3333333333333333
0.4
0.26666666666666666
0.13333333333333333
0.3333333333333333
0.06666666666666667
0.5714285714285714
0.13333333333333333
0.2
0.6111111111111112
0.13333333333333333
0.23809523809523808
0.4666666666666667
0.0
0.0
0.7777777777777778
0.2
--------------------------------
top-3
0.0
0.0
0.3333333333333333
0.16666666666666666
0.6666666666666666
0.0
0.3333333333333333
0.6666666666666666
0.0
0.16666666666666666
0.16666666666666666
0.5
0.0
0.3333333333333333
0.16666666666666666
0.0
0.3333333333333333
0.3333333333333333
0.3333333333333333
0.5
0.7
0.0
0.0
0.7
0.5
0.16666666666666666
0.16666666666666666
0.3333333333333333
0.16666666666666666
0.16666666666666666
0.16666666666666666
0.5
0.0
0.6
0.6666666666666666
0.8
0.3333333333333333
0.5
0.0
0.16666666666666666
0.16666666666666666
0.3333333333333333
0.6666666666666666
0.0
0.16666666666666666
0.16666666666666666
0.0
0.0
0.16666666666666666
0.16666666666666666
0.0
0.16666666666666666
0.3333333333333333
0.0
0.0
0.8
0.6
0.16666666666666666
0.0
0.8
0.0
0.7
0.6666666666666666
0.16666666666666666
0.0
0.5
0.0
0.0
0.16666666666666666
0.0
0.5
0.3333333333333333
0.0
0.5
0.6666666666666666
0.5
0.5
0.0
0.3333333333333333
0.5
0.0
0.0
0.0
0.5
0.5
0.3333333333333333
0.0
0.16666666666666666
0.0
0.8
0.16666666666666666
0.0
0.5
0.0
0.0
0.3333333333333333
0.0
0.0
0.8
0.16666666666666666
Average20: 0.20090504196238634	Var: 0.012568377985377105	Count: 100
Average10: 0.2368603341103339	Var: 0.020703887918037713	Count: 100
Average5: 0.26007142857142834	Var: 0.04175693745275898	Count: 100
Average3: 0.2663333333333333	Var: 0.06629988888888894	Count: 100
