--------------------------------
top-20
0.14624505928853754
0.12987012987012986
0.08695652173913043
0.1541501976284585
0.22943722943722944
0.14130434782608695
0.1038961038961039
0.2427536231884058
0.1225296442687747
0.11688311688311688
0.23384615384615384
0.09047619047619047
0.1225296442687747
0.23931623931623933
0.09523809523809523
0.26461538461538464
0.18614718614718614
0.1541501976284585
0.10276679841897234
0.2463768115942029
0.2391304347826087
0.1976284584980237
0.22510822510822512
0.3466666666666667
0.11428571428571428
0.21333333333333335
0.22077922077922077
0.21846153846153846
0.1471861471861472
0.3333333333333333
0.25666666666666665
0.12987012987012986
0.18840579710144928
0.20476190476190476
0.3079710144927536
0.22134387351778656
0.21014492753623187
0.4064039408866995
0.2028985507246377
0.17316017316017315
0.09047619047619047
0.19913419913419914
0.09956709956709957
0.2826086956521739
0.1774891774891775
0.16600790513833993
0.09523809523809523
0.19367588932806323
0.21
0.25
0.09090909090909091
0.17894736842105263
0.32
0.11688311688311688
0.14492753623188406
0.28063241106719367
0.31054131054131057
0.17028985507246377
0.1038961038961039
0.18571428571428572
0.19367588932806323
0.33695652173913043
0.16304347826086957
0.17028985507246377
0.11688311688311688
0.15584415584415584
0.1631578947368421
0.15714285714285714
0.16996047430830039
0.17028985507246377
0.22333333333333333
0.21212121212121213
0.09047619047619047
0.12121212121212122
0.19047619047619047
0.39076923076923076
0.24333333333333335
0.2727272727272727
0.4657258064516129
0.12554112554112554
0.20346320346320346
0.15151515151515152
0.17193675889328064
0.3478835978835979
0.17333333333333334
0.15579710144927536
0.2923076923076923
0.12554112554112554
0.21904761904761905
0.16996047430830039
0.12554112554112554
0.10952380952380952
0.33992094861660077
0.2553846153846154
0.1341991341991342
0.170995670995671
0.12845849802371542
0.1038961038961039
0.23715415019762845
0.1
--------------------------------
top-10
0.21818181818181817
0.08888888888888889
0.1111111111111111
0.10909090909090909
0.25274725274725274
0.044444444444444446
0.2909090909090909
0.22727272727272727
0.14545454545454545
0.07272727272727272
0.16363636363636364
0.15555555555555556
0.07272727272727272
0.05454545454545454
0.05454545454545454
0.13636363636363635
0.25757575757575757
0.09090909090909091
0.15555555555555556
0.28205128205128205
0.21794871794871795
0.20512820512820512
0.3333333333333333
0.36363636363636365
0.2
0.2727272727272727
0.2545454545454545
0.16666666666666666
0.12727272727272726
0.34065934065934067
0.32051282051282054
0.3111111111111111
0.10909090909090909
0.2692307692307692
0.34065934065934067
0.21212121212121213
0.24242424242424243
0.34065934065934067
0.13333333333333333
0.18181818181818182
0.1111111111111111
0.25757575757575757
0.21818181818181817
0.32967032967032966
0.2564102564102564
0.2
0.10909090909090909
0.38181818181818183
0.18181818181818182
0.18181818181818182
0.022222222222222223
0.19696969696969696
0.2878787878787879
0.13636363636363635
0.09090909090909091
0.4065934065934066
0.16666666666666666
0.10909090909090909
0.03636363636363636
0.32727272727272727
0.24358974358974358
0.5384615384615384
0.14545454545454545
0.14545454545454545
0.14545454545454545
0.2
0.3090909090909091
0.2692307692307692
0.16363636363636364
0.09090909090909091
0.2909090909090909
0.3090909090909091
0.13333333333333333
0.16666666666666666
0.18181818181818182
0.3333333333333333
0.2878787878787879
0.19230769230769232
0.26373626373626374
0.24444444444444444
0.10606060606060606
0.14545454545454545
0.10909090909090909
0.19696969696969696
0.07272727272727272
0.18181818181818182
0.25274725274725274
0.13636363636363635
0.25757575757575757
0.3181818181818182
0.2
0.12727272727272726
0.5604395604395604
0.16666666666666666
0.15555555555555556
0.3090909090909091
0.12727272727272726
0.06666666666666667
0.34545454545454546
0.08888888888888889
--------------------------------
top-5
0.23809523809523808
0.1
0.2
0.13333333333333333
0.1
0.0
0.23809523809523808
0.1
0.13333333333333333
0.0
0.13333333333333333
0.13333333333333333
0.06666666666666667
0.0
0.1
0.06666666666666667
0.23809523809523808
0.2
0.2
0.26666666666666666
0.1
0.06666666666666667
0.23809523809523808
0.5238095238095238
0.3333333333333333
0.4
0.3333333333333333
0.13333333333333333
0.2
0.3
0.2857142857142857
0.6
0.1
0.6
0.26666666666666666
0.3333333333333333
0.26666666666666666
0.23809523809523808
0.0
0.1
0.3
0.2857142857142857
0.4
0.3333333333333333
0.2
0.26666666666666666
0.13333333333333333
0.23809523809523808
0.13333333333333333
0.2
0.0
0.2
0.26666666666666666
0.2
0.2
0.6071428571428571
0.26666666666666666
0.13333333333333333
0.06666666666666667
0.2857142857142857
0.06666666666666667
0.6428571428571429
0.2
0.26666666666666666
0.0
0.26666666666666666
0.6666666666666666
0.26666666666666666
0.2
0.0
0.6
0.3333333333333333
0.0
0.06666666666666667
0.3333333333333333
0.13333333333333333
0.42857142857142855
0.0
0.1
0.5333333333333333
0.0
0.06666666666666667
0.13333333333333333
0.26666666666666666
0.13333333333333333
0.6
0.1
0.13333333333333333
0.2857142857142857
0.23809523809523808
0.2
0.2
0.6428571428571429
0.1
0.23809523809523808
0.2857142857142857
0.13333333333333333
0.13333333333333333
0.5714285714285714
0.2
--------------------------------
top-3
0.0
0.0
0.6666666666666666
0.16666666666666666
0.16666666666666666
0.0
0.0
0.0
0.3333333333333333
0.0
0.0
0.0
0.0
0.0
0.3333333333333333
0.0
0.0
0.3333333333333333
0.3333333333333333
0.3333333333333333
0.0
0.0
0.0
0.7
0.5
0.16666666666666666
0.3333333333333333
0.3333333333333333
0.3333333333333333
0.3333333333333333
0.16666666666666666
0.8
0.16666666666666666
0.7
0.6666666666666666
0.16666666666666666
0.3333333333333333
0.0
0.0
0.16666666666666666
0.16666666666666666
0.3333333333333333
0.6666666666666666
0.16666666666666666
0.16666666666666666
0.16666666666666666
0.3333333333333333
0.0
0.0
0.16666666666666666
0.0
0.3333333333333333
0.3333333333333333
0.16666666666666666
0.3333333333333333
0.7
0.16666666666666666
0.3333333333333333
0.0
0.16666666666666666
0.0
0.7
0.6666666666666666
0.16666666666666666
0.0
0.6666666666666666
0.8
0.3333333333333333
0.16666666666666666
0.0
0.7
1.0
0.0
0.0
0.3333333333333333
0.3333333333333333
0.5
0.0
0.3333333333333333
0.5
0.0
0.0
0.0
0.5
0.0
0.6666666666666666
0.0
0.16666666666666666
0.16666666666666666
0.0
0.16666666666666666
0.0
0.5
0.0
0.0
0.16666666666666666
0.0
0.0
0.6
0.3333333333333333
Average20: 0.1928278708643958	Var: 0.006057367491905226	Count: 100
Average10: 0.2051409701409701	Var: 0.010409870662076812	Count: 100
Average5: 0.22549999999999992	Var: 0.027430532312925214	Count: 100
Average3: 0.23699999999999996	Var: 0.06306433333333333	Count: 100
