--------------------------------
top-20
0.233201581027668
0.2727272727272727
0.25296442687747034
0.23666666666666666
0.37846153846153846
0.22380952380952382
0.373015873015873
0.5396825396825397
0.24333333333333335
0.15810276679841898
0.4576719576719577
0.21014492753623187
0.3233333333333333
0.21014492753623187
0.20833333333333334
0.28442028985507245
0.30333333333333334
0.07792207792207792
0.13852813852813853
0.5071225071225072
0.40028490028490027
0.3941798941798942
0.22333333333333333
0.48677248677248675
0.3016666666666667
0.28
0.2866666666666667
0.355
0.3233333333333333
0.3783068783068783
0.14285714285714285
0.5128205128205128
0.19047619047619047
0.33666666666666667
0.48160919540229885
0.49002849002849
0.36666666666666664
0.5353846153846153
0.047619047619047616
0.05714285714285714
0.11255411255411256
0.30153846153846153
0.31333333333333335
0.4066666666666667
0.3046153846153846
0.3359683794466403
0.17786561264822134
0.33903133903133903
0.3418803418803419
0.2833333333333333
0.17786561264822134
0.2246376811594203
0.12987012987012986
0.1067193675889328
0.3723076923076923
0.42028985507246375
0.39920948616600793
0.16017316017316016
0.05238095238095238
0.26268115942028986
0.37433862433862436
0.39666666666666667
0.22134387351778656
0.2866666666666667
0.24456521739130435
0.16996047430830039
0.20346320346320346
0.18478260869565216
0.20652173913043478
0.33166666666666667
0.3412698412698413
0.20948616600790515
0.1038961038961039
0.5852272727272727
0.4358974358974359
0.5211640211640212
0.375
0.23166666666666666
0.4470899470899471
0.19047619047619047
0.2633333333333333
0.22826086956521738
0.4123076923076923
0.5669515669515669
0.37681159420289856
0.4632183908045977
0.2427536231884058
0.12380952380952381
0.19746376811594202
0.3442028985507246
0.15942028985507245
0.18181818181818182
0.26877470355731226
0.2923076923076923
0.2644927536231884
0.22510822510822512
0.22826086956521738
0.08658008658008658
0.4074074074074074
0.31666666666666665
--------------------------------
top-10
0.15151515151515152
0.30303030303030304
0.33974358974358976
0.16666666666666666
0.5641025641025641
0.48717948717948717
0.25274725274725274
0.5583333333333333
0.2545454545454545
0.10909090909090909
0.47619047619047616
0.15151515151515152
0.2878787878787879
0.19696969696969696
0.1590909090909091
0.11363636363636363
0.3939393939393939
0.03636363636363636
0.3333333333333333
0.5833333333333334
0.5571428571428572
0.3904761904761905
0.21794871794871795
0.48333333333333334
0.3181818181818182
0.2
0.38181818181818183
0.4358974358974359
0.5
0.32051282051282054
0.26666666666666666
0.4666666666666667
0.2948717948717949
0.3516483516483517
0.49523809523809526
0.5833333333333334
0.37362637362637363
0.6764705882352942
0.022222222222222223
0.022222222222222223
0.07575757575757576
0.2727272727272727
0.3956043956043956
0.5952380952380952
0.3333333333333333
0.5934065934065934
0.14545454545454545
0.38461538461538464
0.07272727272727272
0.21818181818181817
0.16666666666666666
0.2545454545454545
0.14545454545454545
0.07272727272727272
0.28846153846153844
0.5494505494505495
0.4666666666666667
0.12727272727272726
0.09090909090909091
0.2878787878787879
0.34285714285714286
0.5142857142857142
0.4393939393939394
0.4175824175824176
0.25757575757575757
0.2545454545454545
0.19696969696969696
0.16363636363636364
0.24242424242424243
0.36813186813186816
0.34545454545454546
0.3333333333333333
0.0
0.625
0.5375
0.6397058823529411
0.3787878787878788
0.13636363636363635
0.43956043956043955
0.24242424242424243
0.30303030303030304
0.22727272727272727
0.40476190476190477
0.5708333333333333
0.45054945054945056
0.41904761904761906
0.3076923076923077
0.3111111111111111
0.21212121212121213
0.4727272727272727
0.32727272727272727
0.36363636363636365
0.2692307692307692
0.21212121212121213
0.18181818181818182
0.28205128205128205
0.24242424242424243
0.15555555555555556
0.5164835164835165
0.2727272727272727
--------------------------------
top-5
0.26666666666666666
0.23809523809523808
0.30952380952380953
0.2
0.7142857142857143
0.6428571428571429
0.1
0.6666666666666666
0.3333333333333333
0.26666666666666666
0.42857142857142855
0.1
0.4107142857142857
0.3333333333333333
0.15
0.13333333333333333
0.38095238095238093
0.0
0.5238095238095238
0.75
0.6071428571428571
0.13333333333333333
0.13333333333333333
0.42857142857142855
0.47619047619047616
0.13333333333333333
0.6428571428571429
0.4666666666666667
0.6388888888888888
0.2
0.38095238095238093
0.2857142857142857
0.13333333333333333
0.38095238095238093
0.4107142857142857
0.7222222222222222
0.23809523809523808
0.7777777777777778
0.0
0.0
0.0
0.38095238095238093
0.23809523809523808
0.5535714285714286
0.3333333333333333
0.6388888888888888
0.3333333333333333
0.23809523809523808
0.2
0.13333333333333333
0.3333333333333333
0.2
0.2
0.0
0.5
0.6785714285714286
0.38095238095238093
0.3
0.0
0.38095238095238093
0.1
0.6428571428571429
0.6428571428571429
0.38095238095238093
0.23809523809523808
0.26666666666666666
0.06666666666666667
0.3333333333333333
0.26666666666666666
0.2
0.5714285714285714
0.38095238095238093
0.0
0.7142857142857143
0.6785714285714286
0.6388888888888888
0.5333333333333333
0.2
0.5714285714285714
0.13333333333333333
0.38095238095238093
0.23809523809523808
0.23809523809523808
0.6428571428571429
0.6
0.38095238095238093
0.2
0.5714285714285714
0.3333333333333333
0.44642857142857145
0.5
0.38095238095238093
0.47619047619047616
0.23809523809523808
0.2
0.13333333333333333
0.26666666666666666
0.1
0.7777777777777778
0.5333333333333333
--------------------------------
top-3
0.6666666666666666
0.0
0.16666666666666666
0.16666666666666666
0.8
0.8
0.0
0.7
0.16666666666666666
0.5
0.16666666666666666
0.3333333333333333
0.3333333333333333
0.5
0.3333333333333333
0.0
0.3333333333333333
0.0
0.6
0.8
0.7
0.16666666666666666
0.16666666666666666
0.16666666666666666
0.5
0.0
0.6
0.6
0.6
0.3333333333333333
0.3333333333333333
0.3333333333333333
0.3333333333333333
0.5
0.16666666666666666
0.9
0.0
0.8
0.0
0.0
0.0
0.3333333333333333
0.0
0.45
0.16666666666666666
0.6
0.5
0.0
0.0
0.0
0.16666666666666666
0.16666666666666666
0.16666666666666666
0.0
0.6666666666666666
0.8
0.5
0.16666666666666666
0.0
0.5
0.0
0.8
0.9
0.16666666666666666
0.0
0.3333333333333333
0.0
0.16666666666666666
0.16666666666666666
0.0
0.5
0.5
0.0
0.8
0.7
0.6
0.7
0.3333333333333333
0.5
0.0
0.3333333333333333
0.0
0.0
0.9
0.5
0.3333333333333333
0.3333333333333333
0.7
0.3333333333333333
0.3333333333333333
0.5
0.16666666666666666
0.5
0.0
0.0
0.16666666666666666
0.4166666666666667
0.3333333333333333
0.8
0.6
Average20: 0.2915775747837591	Var: 0.015294225698302272	Count: 100
Average10: 0.3219256397197573	Var: 0.025210952939153264	Count: 100
Average5: 0.353611111111111	Var: 0.044195897896195574	Count: 100
Average3: 0.3416666666666666	Var: 0.07750277777777785	Count: 100
