--------------------------------
top-20
0.4415954415954416
0.16017316017316016
0.08658008658008658
0.2898550724637681
0.16017316017316016
0.04285714285714286
0.10476190476190476
0.3188405797101449
0.19367588932806323
0.20652173913043478
0.3233333333333333
0.13043478260869565
0.19833333333333333
0.26153846153846155
0.245
0.36666666666666664
0.18181818181818182
0.12987012987012986
0.13852813852813853
0.23809523809523808
0.16798418972332016
0.28774928774928776
0.29
0.5833333333333334
0.16996047430830039
0.2934472934472934
0.35333333333333333
0.2536231884057971
0.2608695652173913
0.49507389162561577
0.32
0.4630541871921182
0.11462450592885376
0.1422924901185771
0.5279569892473118
0.5925925925925926
0.25166666666666665
0.38746438746438744
0.11688311688311688
0.09523809523809523
0.08095238095238096
0.3076923076923077
0.322463768115942
0.44666666666666666
0.18181818181818182
0.12987012987012986
0.15810276679841898
0.2923076923076923
0.1857707509881423
0.3
0.213768115942029
0.2523076923076923
0.32065217391304346
0.1038961038961039
0.16017316017316016
0.19927536231884058
0.2898550724637681
0.18478260869565216
0.09047619047619047
0.18972332015810275
0.31666666666666665
0.39076923076923076
0.16304347826086957
0.29846153846153844
0.05714285714285714
0.17028985507246377
0.18181818181818182
0.16666666666666666
0.16
0.18181818181818182
0.5492424242424242
0.27
0.07792207792207792
0.6287878787878788
0.37
0.4039408866995074
0.37538461538461537
0.31
0.5814393939393939
0.09523809523809523
0.22666666666666666
0.15810276679841898
0.17193675889328064
0.5182795698924731
0.2966666666666667
0.22333333333333333
0.26406926406926406
0.14285714285714285
0.18972332015810275
0.3442028985507246
0.1857707509881423
0.1341991341991342
0.31521739130434784
0.301994301994302
0.24615384615384617
0.2807971014492754
0.17588932806324112
0.10606060606060606
0.15810276679841898
0.25333333333333335
--------------------------------
top-10
0.5904761904761905
0.10909090909090909
0.06666666666666667
0.2967032967032967
0.13636363636363635
0.0
0.23636363636363636
0.38461538461538464
0.24242424242424243
0.09090909090909091
0.3516483516483517
0.13333333333333333
0.22727272727272727
0.10909090909090909
0.2196969696969697
0.31868131868131866
0.21212121212121213
0.05454545454545454
0.1111111111111111
0.2727272727272727
0.18181818181818182
0.18181818181818182
0.3333333333333333
0.7279411764705882
0.24444444444444444
0.14545454545454545
0.5164835164835165
0.3076923076923077
0.2727272727272727
0.5166666666666667
0.38461538461538464
0.47619047619047616
0.05454545454545454
0.2
0.46190476190476193
0.6083333333333333
0.2948717948717949
0.3956043956043956
0.022222222222222223
0.09090909090909091
0.05454545454545454
0.2948717948717949
0.3717948717948718
0.5256410256410257
0.24242424242424243
0.13333333333333333
0.24444444444444444
0.21212121212121213
0.2
0.23076923076923078
0.10909090909090909
0.21212121212121213
0.23484848484848486
0.12727272727272726
0.25757575757575757
0.2727272727272727
0.15151515151515152
0.03636363636363636
0.07272727272727272
0.24358974358974358
0.21794871794871795
0.5142857142857142
0.18181818181818182
0.28205128205128205
0.05454545454545454
0.05454545454545454
0.16666666666666666
0.25757575757575757
0.022222222222222223
0.03636363636363636
0.55
0.16363636363636364
0.022222222222222223
0.6797385620915033
0.42857142857142855
0.4175824175824176
0.38461538461538464
0.2692307692307692
0.525
0.044444444444444446
0.12121212121212122
0.2
0.09090909090909091
0.525
0.44871794871794873
0.18181818181818182
0.2727272727272727
0.10606060606060606
0.2878787878787879
0.4835164835164835
0.24358974358974358
0.16363636363636364
0.4090909090909091
0.24242424242424243
0.06666666666666667
0.38181818181818183
0.2545454545454545
0.01818181818181818
0.19696969696969696
0.32727272727272727
--------------------------------
top-5
0.5
0.06666666666666667
0.13333333333333333
0.0
0.2
0.0
0.3333333333333333
0.3333333333333333
0.2
0.06666666666666667
0.3333333333333333
0.06666666666666667
0.26666666666666666
0.2
0.25
0.0
0.26666666666666666
0.1
0.2
0.4
0.13333333333333333
0.06666666666666667
0.3333333333333333
0.7777777777777778
0.4666666666666667
0.26666666666666666
0.6388888888888888
0.13333333333333333
0.4666666666666667
0.4642857142857143
0.3333333333333333
0.4642857142857143
0.2
0.26666666666666666
0.5238095238095238
0.7222222222222222
0.3333333333333333
0.38095238095238093
0.0
0.0
0.0
0.26666666666666666
0.3333333333333333
0.5714285714285714
0.3333333333333333
0.06666666666666667
0.42857142857142855
0.2
0.23809523809523808
0.2
0.2
0.2
0.13333333333333333
0.0
0.23809523809523808
0.2
0.2
0.1
0.13333333333333333
0.26666666666666666
0.06666666666666667
0.5357142857142857
0.4
0.3333333333333333
0.13333333333333333
0.0
0.26666666666666666
0.3333333333333333
0.1
0.0
0.5714285714285714
0.2
0.0
0.7222222222222222
0.3333333333333333
0.5714285714285714
0.5333333333333333
0.2
0.2857142857142857
0.13333333333333333
0.1
0.3333333333333333
0.0
0.4642857142857143
0.5238095238095238
0.2
0.3333333333333333
0.2
0.2857142857142857
0.6190476190476191
0.1
0.26666666666666666
0.6190476190476191
0.26666666666666666
0.0
0.4666666666666667
0.1
0.0
0.23809523809523808
0.3333333333333333
--------------------------------
top-3
0.5
0.0
0.3333333333333333
0.0
0.16666666666666666
0.0
0.6666666666666666
0.3333333333333333
0.16666666666666666
0.0
0.16666666666666666
0.0
0.3333333333333333
0.3333333333333333
0.3333333333333333
0.0
0.3333333333333333
0.0
0.3333333333333333
0.5
0.0
0.0
0.16666666666666666
0.8
0.5
0.16666666666666666
0.6
0.3333333333333333
0.5
0.3333333333333333
0.16666666666666666
0.3333333333333333
0.3333333333333333
0.16666666666666666
0.5
0.9
0.3333333333333333
0.16666666666666666
0.0
0.0
0.0
0.3333333333333333
0.3333333333333333
1.0
0.3333333333333333
0.0
0.5
0.3333333333333333
0.0
0.16666666666666666
0.16666666666666666
0.3333333333333333
0.3333333333333333
0.0
0.0
0.3333333333333333
0.16666666666666666
0.16666666666666666
0.3333333333333333
0.6666666666666666
0.0
0.6666666666666666
0.5
0.16666666666666666
0.0
0.0
0.5
0.5
0.0
0.0
0.7
0.16666666666666666
0.0
0.8
0.16666666666666666
0.6
0.5
0.3333333333333333
0.3333333333333333
0.16666666666666666
0.16666666666666666
0.16666666666666666
0.0
0.3333333333333333
0.5
0.0
0.6666666666666666
0.16666666666666666
0.3333333333333333
0.6
0.3333333333333333
0.3333333333333333
0.7
0.16666666666666666
0.0
0.5
0.3333333333333333
0.0
0.0
0.3333333333333333
Average20: 0.252383434537167	Var: 0.016731523742671825	Count: 100
Average10: 0.2510429701017936	Var: 0.026338326375231813	Count: 100
Average5: 0.2636825396825396	Var: 0.03571013000755856	Count: 100
Average3: 0.28033333333333343	Var: 0.057357666666666585	Count: 100
