--------------------------------
top-20
0.37846153846153846
0.19913419913419914
0.20108695652173914
0.15579710144927536
0.44
0.11688311688311688
0.2619047619047619
0.39886039886039887
0.15217391304347827
0.15810276679841898
0.4057971014492754
0.15584415584415584
0.21333333333333335
0.18774703557312253
0.12554112554112554
0.2923076923076923
0.16600790513833993
0.08571428571428572
0.1471861471861472
0.5133333333333333
0.27898550724637683
0.30833333333333335
0.21428571428571427
0.2450592885375494
0.20355731225296442
0.11462450592885376
0.3079710144927536
0.4
0.2571428571428571
0.24110671936758893
0.22826086956521738
0.48412698412698413
0.22833333333333333
0.3203463203463203
0.4187192118226601
0.4584615384615385
0.2608695652173913
0.3115942028985507
0.02857142857142857
0.042105263157894736
0.03684210526315789
0.1341991341991342
0.16600790513833993
0.11857707509881422
0.2028985507246377
0.1976284584980237
0.1774891774891775
0.32
0.14285714285714285
0.12121212121212122
0.11857707509881422
0.2134387351778656
0.16996047430830039
0.04285714285714286
0.2727272727272727
0.18571428571428572
0.3333333333333333
0.21014492753623187
0.14736842105263157
0.16847826086956522
0.3707692307692308
0.2554112554112554
0.17142857142857143
0.25
0.25666666666666665
0.25
0.1857707509881423
0.1038961038961039
0.11428571428571428
0.20346320346320346
0.3476923076923077
0.22077922077922077
0.021052631578947368
0.4959677419354839
0.2784615384615385
0.2608695652173913
0.25181159420289856
0.24818840579710144
0.33666666666666667
0.16205533596837945
0.16883116883116883
0.19202898550724637
0.30303030303030304
0.345
0.21739130434782608
0.5343915343915344
0.1857707509881423
0.1038961038961039
0.17142857142857143
0.30952380952380953
0.14285714285714285
0.14761904761904762
0.35144927536231885
0.1857707509881423
0.16883116883116883
0.2727272727272727
0.2318840579710145
0.09090909090909091
0.20652173913043478
0.2971014492753623
--------------------------------
top-10
0.4175824175824176
0.42424242424242425
0.14545454545454545
0.09090909090909091
0.6083333333333333
0.3111111111111111
0.24358974358974358
0.5333333333333333
0.10909090909090909
0.06666666666666667
0.46153846153846156
0.12727272727272726
0.26666666666666666
0.2878787878787879
0.09090909090909091
0.20512820512820512
0.23717948717948717
0.022222222222222223
0.2
0.6691176470588235
0.4230769230769231
0.2948717948717949
0.23076923076923078
0.19696969696969696
0.16363636363636364
0.14545454545454545
0.3333333333333333
0.38095238095238093
0.3484848484848485
0.18181818181818182
0.3333333333333333
0.4666666666666667
0.4909090909090909
0.5151515151515151
0.3076923076923077
0.5333333333333333
0.4380952380952381
0.28205128205128205
0.0
0.022222222222222223
0.08888888888888889
0.3090909090909091
0.13333333333333333
0.2222222222222222
0.19230769230769232
0.41818181818181815
0.14545454545454545
0.3516483516483517
0.24242424242424243
0.2222222222222222
0.03636363636363636
0.2545454545454545
0.15151515151515152
0.05454545454545454
0.3269230769230769
0.41818181818181815
0.4095238095238095
0.32727272727272727
0.14545454545454545
0.12727272727272726
0.3333333333333333
0.3076923076923077
0.3484848484848485
0.24358974358974358
0.14545454545454545
0.32727272727272727
0.16363636363636364
0.14545454545454545
0.16363636363636364
0.28205128205128205
0.3333333333333333
0.34615384615384615
0.0
0.3619047619047619
0.2909090909090909
0.48717948717948717
0.1987179487179487
0.12878787878787878
0.43956043956043955
0.16666666666666666
0.23636363636363636
0.2
0.3021978021978022
0.4230769230769231
0.2692307692307692
0.7777777777777778
0.23076923076923078
0.044444444444444446
0.2727272727272727
0.4
0.16363636363636364
0.25757575757575757
0.4175824175824176
0.044444444444444446
0.2
0.19696969696969696
0.23076923076923078
0.12727272727272726
0.18181818181818182
0.41818181818181815
--------------------------------
top-5
0.42857142857142855
0.6428571428571429
0.2
0.2
0.6666666666666666
0.47619047619047616
0.26666666666666666
0.5
0.23809523809523808
0.2
0.42857142857142855
0.06666666666666667
0.2
0.47619047619047616
0.0
0.1
0.3333333333333333
0.0
0.7
0.7777777777777778
0.5714285714285714
0.26666666666666666
0.2
0.2
0.2
0.1
0.2619047619047619
0.2
0.38095238095238093
0.2
0.13333333333333333
0.2857142857142857
0.6428571428571429
0.7777777777777778
0.13333333333333333
0.8571428571428571
0.38095238095238093
0.4666666666666667
0.0
0.0
0.2
0.5
0.13333333333333333
0.3333333333333333
0.06666666666666667
0.8095238095238095
0.23809523809523808
0.23809523809523808
0.13333333333333333
0.13333333333333333
0.1
0.38095238095238093
0.1
0.0
0.23809523809523808
0.6785714285714286
0.2857142857142857
0.3333333333333333
0.38095238095238093
0.26666666666666666
0.0
0.2
0.38095238095238093
0.13333333333333333
0.2
0.7619047619047619
0.13333333333333333
0.2
0.4
0.38095238095238093
0.3333333333333333
0.6190476190476191
0.0
0.2
0.5238095238095238
0.6388888888888888
0.4
0.0
0.5238095238095238
0.0
0.3333333333333333
0.3333333333333333
0.06666666666666667
0.3333333333333333
0.13333333333333333
0.7777777777777778
0.26666666666666666
0.0
0.4
0.3333333333333333
0.4
0.26666666666666666
0.42857142857142855
0.0
0.4
0.5333333333333333
0.30952380952380953
0.1
0.4666666666666667
0.4666666666666667
--------------------------------
top-3
0.6666666666666666
0.8
0.16666666666666666
0.16666666666666666
0.7
0.6
0.3333333333333333
0.5
0.0
0.3333333333333333
0.16666666666666666
0.0
0.16666666666666666
0.5
0.0
0.0
0.3333333333333333
0.0
0.7
0.8
0.7
0.16666666666666666
0.3333333333333333
0.3333333333333333
0.3333333333333333
0.0
0.16666666666666666
0.6666666666666666
0.3333333333333333
0.16666666666666666
0.3333333333333333
0.3333333333333333
0.8
0.8
0.3333333333333333
0.8
0.5
0.5
0.0
0.0
0.16666666666666666
0.5
0.0
0.5
0.0
0.8
0.0
0.0
0.0
0.0
0.3333333333333333
0.16666666666666666
0.16666666666666666
0.0
0.0
0.8
0.16666666666666666
0.3333333333333333
0.16666666666666666
0.6666666666666666
0.0
0.16666666666666666
0.5
0.16666666666666666
0.3333333333333333
0.8
0.0
0.3333333333333333
0.5
0.16666666666666666
0.3333333333333333
0.8
0.0
0.16666666666666666
0.7
0.6
0.3333333333333333
0.0
0.6666666666666666
0.0
0.5
0.3333333333333333
0.0
0.3333333333333333
0.3333333333333333
0.8
0.3333333333333333
0.0
0.3333333333333333
0.16666666666666666
0.5
0.16666666666666666
0.3333333333333333
0.0
0.5
0.5
0.16666666666666666
0.16666666666666666
0.5
0.6
Average20: 0.2300018347054756	Var: 0.01178078090931868	Count: 100
Average10: 0.26793079796020963	Var: 0.02223412529911316	Count: 100
Average5: 0.31088888888888866	Var: 0.046857458805744615	Count: 100
Average3: 0.3243333333333334	Var: 0.06948566666666665	Count: 100
