--------------------------------
top-20
0.22924901185770752
0.18181818181818182
0.22826086956521738
0.15810276679841898
0.19
0.20948616600790515
0.1541501976284585
0.23666666666666666
0.2153846153846154
0.15584415584415584
0.30153846153846153
0.17753623188405798
0.3016666666666667
0.14492753623188406
0.12554112554112554
0.36
0.23369565217391305
0.16017316017316016
0.175
0.2427536231884058
0.2523076923076923
0.19047619047619047
0.2246376811594203
0.2923076923076923
0.25296442687747034
0.20346320346320346
0.375
0.33766233766233766
0.25
0.3201581027667984
0.3079710144927536
0.11428571428571428
0.1471861471861472
0.11688311688311688
0.3333333333333333
0.19367588932806323
0.2391304347826087
0.3446153846153846
0.12554112554112554
0.12554112554112554
0.10476190476190476
0.30434782608695654
0.18972332015810275
0.25
0.22134387351778656
0.39666666666666667
0.2727272727272727
0.2210144927536232
0.3292307692307692
0.3415384615384615
0.06666666666666667
0.18181818181818182
0.2964426877470356
0.12987012987012986
0.26
0.18614718614718614
0.2015810276679842
0.21014492753623187
0.19480519480519481
0.19367588932806323
0.23
0.3076923076923077
0.23715415019762845
0.20948616600790515
0.2318840579710145
0.213768115942029
0.19367588932806323
0.15019762845849802
0.12554112554112554
0.19913419913419914
0.23809523809523808
0.24333333333333335
0.09523809523809523
0.14285714285714285
0.2450592885375494
0.14285714285714285
0.22826086956521738
0.38666666666666666
0.4458128078817734
0.1541501976284585
0.18181818181818182
0.18181818181818182
0.24333333333333335
0.2569230769230769
0.17666666666666667
0.16205533596837945
0.20652173913043478
0.17316017316017315
0.2
0.22529644268774704
0.16996047430830039
0.1
0.3333333333333333
0.24
0.13333333333333333
0.33157894736842103
0.25
0.12121212121212122
0.22
0.21428571428571427
--------------------------------
top-10
0.3076923076923077
0.12727272727272726
0.3090909090909091
0.16363636363636364
0.10909090909090909
0.47435897435897434
0.09090909090909091
0.18181818181818182
0.14545454545454545
0.2
0.2564102564102564
0.16363636363636364
0.3525641025641026
0.10606060606060606
0.18181818181818182
0.21794871794871795
0.25757575757575757
0.07272727272727272
0.17777777777777778
0.3333333333333333
0.2878787878787879
0.13636363636363635
0.14545454545454545
0.36363636363636365
0.4
0.21794871794871795
0.44505494505494503
0.4
0.16363636363636364
0.2692307692307692
0.2564102564102564
0.14545454545454545
0.21212121212121213
0.2222222222222222
0.2948717948717949
0.22727272727272727
0.2
0.42857142857142855
0.022222222222222223
0.022222222222222223
0.022222222222222223
0.38461538461538464
0.30303030303030304
0.18181818181818182
0.21212121212121213
0.45054945054945056
0.34615384615384615
0.2727272727272727
0.31868131868131866
0.31868131868131866
0.03636363636363636
0.2545454545454545
0.2967032967032967
0.14545454545454545
0.10909090909090909
0.2948717948717949
0.2
0.25757575757575757
0.24444444444444444
0.2727272727272727
0.21794871794871795
0.5
0.38461538461538464
0.2
0.13636363636363635
0.2222222222222222
0.2545454545454545
0.21794871794871795
0.16363636363636364
0.21818181818181817
0.34615384615384615
0.3076923076923077
0.044444444444444446
0.2727272727272727
0.3787878787878788
0.24242424242424243
0.2878787878787879
0.2564102564102564
0.37362637362637363
0.16666666666666666
0.21212121212121213
0.2
0.17307692307692307
0.24242424242424243
0.2
0.15151515151515152
0.34545454545454546
0.4
0.3076923076923077
0.20512820512820512
0.2878787878787879
0.14545454545454545
0.4175824175824176
0.08888888888888889
0.05454545454545454
0.4166666666666667
0.17424242424242425
0.14545454545454545
0.32727272727272727
0.3181818181818182
--------------------------------
top-5
0.3333333333333333
0.2
0.4642857142857143
0.2857142857142857
0.06666666666666667
0.5
0.0
0.2
0.2
0.4
0.06666666666666667
0.13333333333333333
0.3333333333333333
0.1
0.3
0.1
0.4
0.0
0.38095238095238093
0.23809523809523808
0.5
0.06666666666666667
0.1
0.2857142857142857
0.4642857142857143
0.0
0.3333333333333333
0.3333333333333333
0.06666666666666667
0.42857142857142855
0.1
0.26666666666666666
0.06666666666666667
0.3333333333333333
0.26666666666666666
0.3333333333333333
0.06666666666666667
0.5714285714285714
0.0
0.0
0.1
0.4642857142857143
0.42857142857142855
0.2857142857142857
0.2
0.47619047619047616
0.2857142857142857
0.2
0.13333333333333333
0.06666666666666667
0.0
0.5238095238095238
0.06666666666666667
0.1
0.2
0.2
0.5
0.3333333333333333
0.3333333333333333
0.5238095238095238
0.06666666666666667
0.6388888888888888
0.2857142857142857
0.13333333333333333
0.1
0.4666666666666667
0.26666666666666666
0.26666666666666666
0.2
0.26666666666666666
0.42857142857142855
0.13333333333333333
0.1
0.47619047619047616
0.6666666666666666
0.3333333333333333
0.3333333333333333
0.06666666666666667
0.38095238095238093
0.13333333333333333
0.13333333333333333
0.26666666666666666
0.0
0.3
0.26666666666666666
0.4
0.3333333333333333
0.5238095238095238
0.5333333333333333
0.1
0.13333333333333333
0.2
0.3333333333333333
0.13333333333333333
0.1
0.4107142857142857
0.06666666666666667
0.2
0.2857142857142857
0.2
--------------------------------
top-3
0.16666666666666666
0.3333333333333333
0.3333333333333333
0.16666666666666666
0.0
0.5
0.0
0.3333333333333333
0.3333333333333333
0.6666666666666666
0.0
0.3333333333333333
0.3333333333333333
0.0
0.5
0.0
0.5
0.0
0.3333333333333333
0.0
0.6666666666666666
0.0
0.3333333333333333
0.16666666666666666
0.3333333333333333
0.0
0.6666666666666666
0.6666666666666666
0.0
0.5
0.0
0.16666666666666666
0.0
0.3333333333333333
0.5
0.3333333333333333
0.0
0.6
0.0
0.0
0.16666666666666666
0.3333333333333333
0.16666666666666666
0.16666666666666666
0.3333333333333333
0.6666666666666666
0.3333333333333333
0.0
0.16666666666666666
0.0
0.0
0.5
0.0
0.3333333333333333
0.3333333333333333
0.6666666666666666
0.5
0.5
0.16666666666666666
0.8333333333333334
0.0
0.6
0.3333333333333333
0.0
0.16666666666666666
0.7
0.16666666666666666
0.3333333333333333
0.3333333333333333
0.3333333333333333
0.16666666666666666
0.3333333333333333
0.16666666666666666
0.5
0.8
0.3333333333333333
0.3333333333333333
0.0
0.5
0.0
0.0
0.16666666666666666
0.0
0.5
0.16666666666666666
0.5
0.16666666666666666
0.7
0.7
0.0
0.0
0.16666666666666666
0.6666666666666666
0.0
0.3333333333333333
0.16666666666666666
0.0
0.3333333333333333
0.16666666666666666
0.6666666666666666
Average20: 0.22023603659288182	Var: 0.005456981307559165	Count: 100
Average10: 0.24017982017982015	Var: 0.011491307186911631	Count: 100
Average5: 0.2537103174603173	Var: 0.026964749858276627	Count: 100
Average3: 0.2776666666666667	Var: 0.05675677777777781	Count: 100
