--------------------------------
top-20
0.37
0.3233333333333333
0.255
0.2
0.4656084656084656
0.2727272727272727
0.31620553359683795
0.42063492063492064
0.24786324786324787
0.2028985507246377
0.47293447293447294
0.24666666666666667
0.3831908831908832
0.2353846153846154
0.17786561264822134
0.42758620689655175
0.3532608695652174
0.12987012987012986
0.25181159420289856
0.4766666666666667
0.3789173789173789
0.4031339031339031
0.29333333333333333
0.335978835978836
0.24094202898550723
0.22924901185770752
0.49833333333333335
0.40217391304347827
0.36333333333333334
0.31521739130434784
0.35333333333333333
0.5172413793103449
0.27166666666666667
0.322463768115942
0.3076923076923077
0.48615384615384616
0.3933333333333333
0.42450142450142453
0.10476190476190476
0.09956709956709957
0.11904761904761904
0.33695652173913043
0.24666666666666667
0.2536231884057971
0.30666666666666664
0.4553846153846154
0.32971014492753625
0.37
0.3476923076923077
0.3446153846153846
0.11594202898550725
0.2753623188405797
0.37681159420289856
0.09047619047619047
0.43538461538461537
0.2813852813852814
0.4189723320158103
0.26666666666666666
0.18181818181818182
0.22166666666666668
0.3707692307692308
0.3630769230769231
0.2753623188405797
0.36752136752136755
0.33903133903133903
0.28615384615384615
0.2845849802371542
0.16883116883116883
0.1774891774891775
0.30434782608695654
0.452991452991453
0.3569230769230769
0.07792207792207792
0.5359848484848485
0.38603988603988604
0.34
0.33692307692307694
0.39166666666666666
0.42328042328042326
0.25333333333333335
0.2391304347826087
0.23550724637681159
0.33
0.3723076923076923
0.2923076923076923
0.5443349753694581
0.2572463768115942
0.21212121212121213
0.2943722943722944
0.4166666666666667
0.2463768115942029
0.19047619047619047
0.4601449275362319
0.24307692307692308
0.233201581027668
0.45849802371541504
0.37333333333333335
0.15584415584415584
0.29333333333333333
0.308300395256917
--------------------------------
top-10
0.5714285714285714
0.47435897435897434
0.2909090909090909
0.09090909090909091
0.580952380952381
0.6153846153846154
0.2857142857142857
0.5047619047619047
0.18181818181818182
0.2222222222222222
0.5142857142857142
0.24242424242424243
0.5064102564102564
0.2909090909090909
0.2564102564102564
0.25274725274725274
0.35714285714285715
0.05454545454545454
0.3333333333333333
0.7166666666666667
0.5256410256410257
0.3516483516483517
0.23076923076923078
0.30303030303030304
0.48484848484848486
0.23076923076923078
0.6041666666666666
0.2948717948717949
0.4358974358974359
0.3076923076923077
0.3626373626373626
0.4857142857142857
0.46153846153846156
0.45454545454545453
0.23636363636363636
0.6666666666666666
0.4666666666666667
0.5333333333333333
0.022222222222222223
0.0
0.1111111111111111
0.5384615384615384
0.3181818181818182
0.3333333333333333
0.3076923076923077
0.580952380952381
0.3076923076923077
0.3516483516483517
0.3626373626373626
0.31868131868131866
0.05454545454545454
0.21212121212121213
0.38095238095238093
0.10909090909090909
0.41208791208791207
0.5256410256410257
0.45714285714285713
0.24242424242424243
0.12727272727272726
0.23636363636363636
0.34285714285714286
0.4945054945054945
0.38461538461538464
0.3956043956043956
0.23076923076923078
0.2545454545454545
0.3333333333333333
0.1794871794871795
0.2
0.41025641025641024
0.5523809523809524
0.5047619047619047
0.044444444444444446
0.44761904761904764
0.44871794871794873
0.6153846153846154
0.36538461538461536
0.36666666666666664
0.5604395604395604
0.19696969696969696
0.3939393939393939
0.21818181818181817
0.34285714285714286
0.46703296703296704
0.2948717948717949
0.7368421052631579
0.3717948717948718
0.36363636363636365
0.4230769230769231
0.4065934065934066
0.3939393939393939
0.2948717948717949
0.4380952380952381
0.08888888888888889
0.21212121212121213
0.46190476190476193
0.3952380952380952
0.15151515151515152
0.45454545454545453
0.47435897435897434
--------------------------------
top-5
0.6666666666666666
0.6785714285714286
0.2857142857142857
0.13333333333333333
0.6666666666666666
0.6944444444444444
0.26666666666666666
0.5714285714285714
0.26666666666666666
0.6
0.42857142857142855
0.13333333333333333
0.5
0.47619047619047616
0.3
0.0
0.4666666666666667
0.0
0.6190476190476191
0.7777777777777778
0.6785714285714286
0.2857142857142857
0.1
0.38095238095238093
0.5
0.1
0.48214285714285715
0.2
0.38095238095238093
0.38095238095238093
0.2
0.3333333333333333
0.6428571428571429
0.6785714285714286
0.3333333333333333
0.7777777777777778
0.38095238095238093
0.7857142857142857
0.0
0.0
0.26666666666666666
0.5357142857142857
0.42857142857142855
0.5714285714285714
0.2
0.7222222222222222
0.1
0.13333333333333333
0.2
0.13333333333333333
0.1
0.3333333333333333
0.13333333333333333
0.1
0.3333333333333333
0.75
0.5238095238095238
0.2
0.13333333333333333
0.4666666666666667
0.06666666666666667
0.6388888888888888
0.3333333333333333
0.2857142857142857
0.1
0.4666666666666667
0.2857142857142857
0.13333333333333333
0.3333333333333333
0.5714285714285714
0.4642857142857143
0.6071428571428571
0.1
0.5238095238095238
0.5357142857142857
0.6111111111111112
0.47619047619047616
0.06666666666666667
0.6666666666666666
0.13333333333333333
0.42857142857142855
0.38095238095238093
0.06666666666666667
0.2857142857142857
0.3333333333333333
0.7777777777777778
0.42857142857142855
0.5238095238095238
0.47619047619047616
0.38095238095238093
0.42857142857142855
0.26666666666666666
0.3333333333333333
0.13333333333333333
0.3333333333333333
0.35714285714285715
0.30952380952380953
0.1
0.5357142857142857
0.5714285714285714
--------------------------------
top-3
0.7
0.8
0.3333333333333333
0.0
0.7
0.8
0.3333333333333333
0.7
0.3333333333333333
0.8333333333333334
0.16666666666666666
0.3333333333333333
0.5
0.5
0.5
0.0
0.3333333333333333
0.0
0.8
0.8
0.8
0.16666666666666666
0.16666666666666666
0.3333333333333333
0.5
0.0
0.5
0.3333333333333333
0.3333333333333333
0.5
0.3333333333333333
0.3333333333333333
0.8
0.8
0.6666666666666666
0.8
0.5
0.8
0.0
0.0
0.16666666666666666
0.5
0.16666666666666666
0.6
0.3333333333333333
0.8
0.3333333333333333
0.0
0.16666666666666666
0.0
0.3333333333333333
0.3333333333333333
0.16666666666666666
0.3333333333333333
0.3333333333333333
0.8
0.6
0.3333333333333333
0.16666666666666666
0.5
0.0
0.6
0.3333333333333333
0.16666666666666666
0.3333333333333333
0.5
0.16666666666666666
0.0
0.3333333333333333
0.5
0.3333333333333333
0.7
0.16666666666666666
0.5
0.6
0.5
0.5
0.0
0.7
0.0
0.5
0.3333333333333333
0.0
0.3333333333333333
0.3333333333333333
0.8
0.5
0.7
0.6
0.16666666666666666
0.5
0.16666666666666666
0.3333333333333333
0.0
0.3333333333333333
0.3333333333333333
0.16666666666666666
0.3333333333333333
0.6
0.7
Average20: 0.31394498847673513	Var: 0.010871537564189793	Count: 100
Average10: 0.3580344078436181	Var: 0.024526654504837014	Count: 100
Average5: 0.37370238095238084	Var: 0.04574889410115898	Count: 100
Average3: 0.39766666666666695	Var: 0.06345011111111087	Count: 100
