--------------------------------
top-20
0.4150197628458498
0.35384615384615387
0.3170289855072464
0.3466666666666667
0.5024630541871922
0.36363636363636365
0.3891625615763547
0.4827586206896552
0.21333333333333335
0.18115942028985507
0.535632183908046
0.31054131054131057
0.520935960591133
0.2976190476190476
0.23550724637681159
0.30978260869565216
0.4100985221674877
0.12380952380952381
0.25833333333333336
0.45584045584045585
0.4482758620689655
0.46798029556650245
0.3862433862433862
0.38333333333333336
0.3005698005698006
0.19913419913419914
0.5494252873563218
0.3945868945868946
0.5049261083743842
0.45584045584045585
0.31076923076923074
0.5128205128205128
0.2536231884057971
0.4408866995073892
0.3373015873015873
0.4553846153846154
0.46551724137931033
0.5356125356125356
0.08095238095238096
0.09523809523809523
0.20652173913043478
0.4433497536945813
0.42165242165242167
0.5712250712250713
0.3994708994708995
0.4415954415954416
0.27666666666666667
0.396011396011396
0.3292307692307692
0.31384615384615383
0.16304347826086957
0.40476190476190477
0.45726495726495725
0.11428571428571428
0.4722222222222222
0.45652173913043476
0.5071225071225072
0.18840579710144928
0.15151515151515152
0.3262108262108262
0.376984126984127
0.36923076923076925
0.33666666666666667
0.3862433862433862
0.46091954022988507
0.2953846153846154
0.20346320346320346
0.19367588932806323
0.28615384615384615
0.42833333333333334
0.47101449275362317
0.4246153846153846
0.06190476190476191
0.6345811051693404
0.4188034188034188
0.49885057471264366
0.41737891737891736
0.3
0.38333333333333336
0.33166666666666667
0.3695652173913043
0.26
0.49195402298850577
0.37538461538461537
0.44666666666666666
0.4913978494623656
0.3241106719367589
0.1645021645021645
0.20471014492753623
0.5123076923076924
0.2924901185770751
0.20346320346320346
0.322463768115942
0.29914529914529914
0.3723076923076923
0.5553846153846154
0.5569800569800569
0.2450592885375494
0.4876847290640394
0.47384615384615386
--------------------------------
top-10
0.5714285714285714
0.3484848484848485
0.35714285714285715
0.32967032967032966
0.6
0.4835164835164835
0.25274725274725274
0.5333333333333333
0.14545454545454545
0.2692307692307692
0.5333333333333333
0.28205128205128205
0.6580882352941176
0.18181818181818182
0.2948717948717949
0.3476190476190476
0.4230769230769231
0.01818181818181818
0.37777777777777777
0.5666666666666667
0.5095238095238095
0.4
0.3516483516483517
0.5
0.23636363636363636
0.21212121212121213
0.6764705882352942
0.2948717948717949
0.6333333333333333
0.5
0.36363636363636365
0.45714285714285713
0.2692307692307692
0.41904761904761906
0.37362637362637363
0.5904761904761905
0.5110294117647058
0.6911764705882353
0.03636363636363636
0.05454545454545454
0.07575757575757576
0.4666666666666667
0.4065934065934066
0.7536764705882353
0.3333333333333333
0.575
0.30303030303030304
0.38461538461538464
0.28205128205128205
0.22727272727272727
0.03636363636363636
0.4380952380952381
0.48333333333333334
0.18181818181818182
0.43333333333333335
0.675
0.49166666666666664
0.22727272727272727
0.10606060606060606
0.34615384615384615
0.38095238095238093
0.5428571428571428
0.5
0.4175824175824176
0.4666666666666667
0.32051282051282054
0.23076923076923078
0.3181818181818182
0.2948717948717949
0.5476190476190477
0.6476190476190476
0.5514705882352942
0.022222222222222223
0.6176470588235294
0.5083333333333333
0.6029411764705882
0.5384615384615384
0.25757575757575757
0.5494505494505495
0.28205128205128205
0.5128205128205128
0.19696969696969696
0.38095238095238093
0.46190476190476193
0.47619047619047616
0.45714285714285713
0.4175824175824176
0.36363636363636365
0.34545454545454546
0.6098901098901099
0.48095238095238096
0.3181818181818182
0.3974358974358974
0.2878787878787879
0.2692307692307692
0.6066176470588235
0.5708333333333333
0.23717948717948717
0.5916666666666667
0.6153846153846154
--------------------------------
top-5
0.5357142857142857
0.2857142857142857
0.30952380952380953
0.2
0.6944444444444444
0.6428571428571429
0.1
0.5357142857142857
0.13333333333333333
0.4
0.42857142857142855
0.5
0.7444444444444445
0.4
0.3
0.06666666666666667
0.42857142857142855
0.0
0.5357142857142857
0.75
0.6071428571428571
0.13333333333333333
0.3333333333333333
0.75
0.38095238095238093
0.2
0.7444444444444445
0.26666666666666666
0.8333333333333334
0.5
0.38095238095238093
0.47619047619047616
0.06666666666666667
0.42857142857142855
0.30952380952380953
0.7222222222222222
0.23809523809523808
0.7777777777777778
0.0
0.1
0.0
0.5714285714285714
0.2857142857142857
0.7666666666666667
0.3333333333333333
0.6111111111111112
0.3333333333333333
0.23809523809523808
0.3333333333333333
0.2
0.1
0.3333333333333333
0.30952380952380953
0.0
0.47619047619047616
0.75
0.47619047619047616
0.4
0.0
0.8
0.06666666666666667
0.5714285714285714
0.5714285714285714
0.23809523809523808
0.2857142857142857
0.38095238095238093
0.13333333333333333
0.38095238095238093
0.26666666666666666
0.4642857142857143
0.6388888888888888
0.4642857142857143
0.0
0.7222222222222222
0.5238095238095238
0.5
0.6428571428571429
0.06666666666666667
0.6428571428571429
0.2
0.5357142857142857
0.23809523809523808
0.06666666666666667
0.42857142857142855
0.6190476190476191
0.42857142857142855
0.5714285714285714
0.5714285714285714
0.3333333333333333
0.7666666666666667
0.5
0.3333333333333333
0.4642857142857143
0.2
0.23809523809523808
0.4107142857142857
0.5972222222222222
0.1
0.6944444444444444
0.75
--------------------------------
top-3
0.5
0.3333333333333333
0.16666666666666666
0.16666666666666666
0.8
0.8
0.0
0.6666666666666666
0.3333333333333333
0.8333333333333334
0.16666666666666666
0.6666666666666666
0.8
0.5
0.5
0.0
0.5
0.0
0.5
0.8
0.7
0.0
0.16666666666666666
0.8
0.5
0.16666666666666666
0.7666666666666667
0.16666666666666666
0.8
0.5
0.3333333333333333
0.6666666666666666
0.0
0.5
0.6666666666666666
0.9
0.0
0.8
0.0
0.3333333333333333
0.0
0.5
0.3333333333333333
0.7666666666666667
0.16666666666666666
0.5
0.16666666666666666
0.0
0.16666666666666666
0.16666666666666666
0.0
0.3333333333333333
0.16666666666666666
0.0
0.6666666666666666
0.8
0.6
0.3333333333333333
0.0
0.8
0.0
0.5
0.7
0.0
0.3333333333333333
0.3333333333333333
0.3333333333333333
0.16666666666666666
0.16666666666666666
0.3333333333333333
0.6
0.3333333333333333
0.0
0.8
0.6
0.5
0.7
0.0
0.9
0.16666666666666666
0.5
0.0
0.0
0.5
0.5
0.5
0.6
0.7
0.3333333333333333
0.8
0.5
0.3333333333333333
0.3333333333333333
0.16666666666666666
0.0
0.16666666666666666
0.45
0.3333333333333333
0.8
0.8
Average20: 0.3637114943965228	Var: 0.015227056664388172	Count: 100
Average10: 0.40077888043329213	Var: 0.027564021090492996	Count: 100
Average5: 0.4016746031746032	Var: 0.05147561281179139	Count: 100
Average3: 0.4005	Var: 0.08066919444444445	Count: 100
