--------------------------------
top-20
0.12681159420289856
0.31521739130434784
0.03684210526315789
0.0380952380952381
0.19913419913419914
0.031578947368421054
0.17786561264822134
0.08095238095238096
0.19523809523809524
0.12554112554112554
0.11428571428571428
0.2904761904761905
0.0761904761904762
0.042105263157894736
0.1383399209486166
0.14761904761904762
0.1383399209486166
0.10526315789473684
0.02631578947368421
0.11067193675889328
0.09523809523809523
0.12631578947368421
0.12380952380952381
0.09473684210526316
0.023809523809523808
0.2510822510822511
0.19480519480519481
0.1368421052631579
0.047619047619047616
0.15019762845849802
0.16017316017316016
0.047619047619047616
0.12631578947368421
0.23931623931623933
0.06666666666666667
0.047619047619047616
0.15810276679841898
0.05263157894736842
0.21428571428571427
0.10476190476190476
0.11052631578947368
0.06277056277056277
0.10952380952380952
0.14492753623188406
0.16600790513833993
0.023809523809523808
0.21904761904761905
0.2
0.07894736842105263
0.13405797101449277
0.03684210526315789
0.05263157894736842
0.05789473684210526
0.1645021645021645
0.19047619047619047
0.17316017316017315
0.14736842105263157
0.09956709956709957
0.06190476190476191
0.2510822510822511
0.08571428571428572
0.19047619047619047
0.13043478260869565
0.05263157894736842
0.13833333333333334
0.1341991341991342
0.03333333333333333
0.1380952380952381
0.1380952380952381
0.08571428571428572
0.21195652173913043
0.18614718614718614
0.07142857142857142
0.12554112554112554
0.1
0.21645021645021645
0.08225108225108226
0.10526315789473684
0.05238095238095238
0.09473684210526316
0.07368421052631578
0.08225108225108226
0.1956521739130435
0.12631578947368421
0.13333333333333333
0.010526315789473684
0.20948616600790515
0.11231884057971014
0.20346320346320346
0.14761904761904762
0.1976284584980237
0.0761904761904762
0.0761904761904762
0.0761904761904762
0.19960474308300397
0.09047619047619047
0.11052631578947368
0.08947368421052632
0.1038961038961039
0.06315789473684211
--------------------------------
top-10
0.03636363636363636
0.37362637362637363
0.044444444444444446
0.09090909090909091
0.32727272727272727
0.044444444444444446
0.2692307692307692
0.23636363636363636
0.22727272727272727
0.14545454545454545
0.3333333333333333
0.27472527472527475
0.2727272727272727
0.10909090909090909
0.05454545454545454
0.1111111111111111
0.21212121212121213
0.18181818181818182
0.03636363636363636
0.1111111111111111
0.17424242424242425
0.3090909090909091
0.3090909090909091
0.07272727272727272
0.022222222222222223
0.15151515151515152
0.2878787878787879
0.23076923076923078
0.0
0.3111111111111111
0.2692307692307692
0.05454545454545454
0.1111111111111111
0.05454545454545454
0.03636363636363636
0.03636363636363636
0.18181818181818182
0.1111111111111111
0.4230769230769231
0.09090909090909091
0.16666666666666666
0.07272727272727272
0.01818181818181818
0.07272727272727272
0.2
0.022222222222222223
0.21212121212121213
0.20512820512820512
0.1794871794871795
0.08888888888888889
0.07272727272727272
0.13333333333333333
0.10909090909090909
0.2564102564102564
0.3956043956043956
0.2727272727272727
0.4
0.1111111111111111
0.08888888888888889
0.25757575757575757
0.1111111111111111
0.3333333333333333
0.1590909090909091
0.08888888888888889
0.05454545454545454
0.2
0.09090909090909091
0.2727272727272727
0.12121212121212122
0.08888888888888889
0.07272727272727272
0.07272727272727272
0.12121212121212122
0.13636363636363635
0.26666666666666666
0.6
0.2
0.3333333333333333
0.05454545454545454
0.07272727272727272
0.15151515151515152
0.2
0.28888888888888886
0.14545454545454545
0.2909090909090909
0.022222222222222223
0.23076923076923078
0.08888888888888889
0.10606060606060606
0.22727272727272727
0.20512820512820512
0.2
0.12727272727272726
0.05454545454545454
0.21212121212121213
0.12727272727272726
0.05454545454545454
0.21818181818181817
0.13333333333333333
0.1111111111111111
--------------------------------
top-5
0.1
0.38095238095238093
0.0
0.06666666666666667
0.4642857142857143
0.1
0.2
0.2
0.13333333333333333
0.06666666666666667
0.6666666666666666
0.13333333333333333
0.38095238095238093
0.13333333333333333
0.2
0.13333333333333333
0.4666666666666667
0.0
0.1
0.26666666666666666
0.3
0.23809523809523808
0.3333333333333333
0.2
0.0
0.3
0.2
0.3
0.0
0.5357142857142857
0.2857142857142857
0.0
0.3
0.0
0.0
0.0
0.2
0.4
0.23809523809523808
0.3
0.3
0.2
0.0
0.1
0.26666666666666666
0.0
0.3
0.3
0.0
0.3
0.2
0.2
0.2
0.4666666666666667
0.23809523809523808
0.3333333333333333
0.42857142857142855
0.1
0.13333333333333333
0.38095238095238093
0.3
0.2
0.2
0.26666666666666666
0.1
0.4
0.0
0.6666666666666666
0.0
0.1
0.1
0.1
0.13333333333333333
0.0
0.6
0.5892857142857143
0.23809523809523808
0.3333333333333333
0.1
0.1
0.06666666666666667
0.2
0.2
0.2857142857142857
0.2
0.0
0.2
0.0
0.0
0.13333333333333333
0.06666666666666667
0.5333333333333333
0.0
0.1
0.26666666666666666
0.06666666666666667
0.0
0.3333333333333333
0.2
0.3
--------------------------------
top-3
0.3333333333333333
0.3333333333333333
0.0
0.0
0.3333333333333333
0.16666666666666666
0.6666666666666666
0.3333333333333333
0.0
0.0
0.8
0.0
0.3333333333333333
0.16666666666666666
0.3333333333333333
0.16666666666666666
0.5
0.0
0.16666666666666666
0.16666666666666666
0.3333333333333333
0.0
0.16666666666666666
0.6666666666666666
0.0
0.5
0.16666666666666666
0.16666666666666666
0.0
0.5
0.3333333333333333
0.0
0.3333333333333333
0.0
0.0
0.0
0.16666666666666666
0.6666666666666666
0.0
0.5
0.3333333333333333
0.16666666666666666
0.0
0.0
0.3333333333333333
0.0
0.5
1.0
0.0
0.5
0.16666666666666666
0.3333333333333333
0.6666666666666666
1.0
0.0
0.16666666666666666
0.16666666666666666
0.16666666666666666
0.0
0.5
0.3333333333333333
0.16666666666666666
0.0
0.16666666666666666
0.3333333333333333
0.5
0.0
0.8
0.0
0.16666666666666666
0.16666666666666666
0.16666666666666666
0.0
0.0
0.7
0.7
0.0
0.3333333333333333
0.3333333333333333
0.16666666666666666
0.0
0.3333333333333333
0.16666666666666666
0.3333333333333333
0.3333333333333333
0.0
0.3333333333333333
0.0
0.0
0.3333333333333333
0.0
0.8333333333333334
0.0
0.0
0.5
0.0
0.0
0.16666666666666666
0.16666666666666666
0.3333333333333333

Average20: 0.1221504815804586	Var: 0.004012654102915271	Count: 100
Average10: 0.16712176712176707	Var: 0.01201216294158354	Count: 100
Average5: 0.20451190476190473	Var: 0.026308114937641715	Count: 100
Average3: 0.2416666666666666	Var: 0.06225277777777783	Count: 100
