--------------------------------
top-20
0.032467532467532464
0.4369230769230769
0.19480519480519481
0.08947368421052632
0.16600790513833993
0.0735930735930736
0.11688311688311688
0.2619047619047619
0.16666666666666666
0.25666666666666665
0.02857142857142857
0.26666666666666666
0.2
0.1
0.45483870967741935
0.21014492753623187
0.26877470355731226
0.08421052631578947
0.047619047619047616
0.0761904761904762
0.06190476190476191
0.08095238095238096
0.23809523809523808
0.09523809523809523
0.29926108374384236
0.308300395256917
0.2727272727272727
0.19913419913419914
0.01904761904761905
0.06315789473684211
0.0735930735930736
0.2554112554112554
0.08658008658008658
0.21014492753623187
0.03333333333333333
0.02857142857142857
0.08695652173913043
0.14624505928853754
0.13157894736842105
0.20476190476190476
0.03463203463203463
0.18095238095238095
0.01904761904761905
0.11594202898550725
0.15263157894736842
0.11428571428571428
0.18181818181818182
0.047619047619047616
0.06666666666666667
0.11255411255411256
0.21904761904761905
0.018421052631578946
0.05731225296442688
0.08571428571428572
0.14285714285714285
0.23517786561264822
0.27666666666666667
0.19473684210526315
0.19480519480519481
0.29
0.08658008658008658
0.04112554112554113
0.16842105263157894
0.24923076923076923
0.02631578947368421
0.16883116883116883
0.08571428571428572
0.3415384615384615
0.02857142857142857
0.11067193675889328
0.0761904761904762
0.10822510822510822
0.11052631578947368
0.1956521739130435
0.213768115942029
0.02631578947368421
0.2536231884057971
0.16842105263157894
0.1380952380952381
0.0380952380952381
0.08571428571428572
0.09047619047619047
0.19367588932806323
0.36796536796536794
0.2
0.02857142857142857
0.17316017316017315
0.16205533596837945
0.2633333333333333
0.06493506493506493
0.3941798941798942
0.09047619047619047
0.06926406926406926
0.09956709956709957
0.13852813852813853
0.11428571428571428
0.11052631578947368
0.22380952380952382
0.16996047430830039
0.14210526315789473
--------------------------------
top-10
0.022222222222222223
0.5523809523809524
0.18181818181818182
0.15555555555555556
0.14545454545454545
0.01818181818181818
0.23636363636363636
0.5
0.1
0.3090909090909091
0.03636363636363636
0.38461538461538464
0.32051282051282054
0.09848484848484848
0.3241758241758242
0.24242424242424243
0.3974358974358974
0.13636363636363635
0.05454545454545454
0.10606060606060606
0.16363636363636364
0.16363636363636364
0.21212121212121213
0.20512820512820512
0.26666666666666666
0.43956043956043955
0.32967032967032966
0.14545454545454545
0.0
0.14545454545454545
0.05454545454545454
0.3956043956043956
0.03636363636363636
0.19696969696969696
0.0
0.044444444444444446
0.07575757575757576
0.3111111111111111
0.2545454545454545
0.16666666666666666
0.022222222222222223
0.28205128205128205
0.01818181818181818
0.13333333333333333
0.19696969696969696
0.23636363636363636
0.16363636363636364
0.07272727272727272
0.17777777777777778
0.06666666666666667
0.21212121212121213
0.05454545454545454
0.0
0.16666666666666666
0.10909090909090909
0.3076923076923077
0.21794871794871795
0.21818181818181817
0.18181818181818182
0.3717948717948718
0.10909090909090909
0.0
0.14545454545454545
0.15555555555555556
0.022222222222222223
0.21212121212121213
0.15555555555555556
0.3717948717948718
0.022222222222222223
0.044444444444444446
0.10909090909090909
0.08888888888888889
0.3090909090909091
0.044444444444444446
0.24358974358974358
0.03636363636363636
0.25757575757575757
0.4393939393939394
0.3333333333333333
0.044444444444444446
0.2
0.044444444444444446
0.2727272727272727
0.5512820512820513
0.3333333333333333
0.044444444444444446
0.12121212121212122
0.07272727272727272
0.30303030303030304
0.09090909090909091
0.3904761904761905
0.1111111111111111
0.14545454545454545
0.1111111111111111
0.12727272727272726
0.12727272727272726
0.3090909090909091
0.3626373626373626
0.24444444444444444
0.23076923076923078
--------------------------------
top-5
0.0
0.5357142857142857
0.13333333333333333
0.26666666666666666
0.4
0.0
0.26666666666666666
0.6607142857142857
0.13333333333333333
0.2857142857142857
0.0
0.23809523809523808
0.2
0.0
0.36666666666666664
0.6
0.38095238095238093
0.2
0.1
0.1
0.36666666666666664
0.06666666666666667
0.06666666666666667
0.1
0.42857142857142855
0.2857142857142857
0.26666666666666666
0.06666666666666667
0.0
0.2
0.1
0.5238095238095238
0.0
0.3333333333333333
0.0
0.13333333333333333
0.0
0.6
0.3333333333333333
0.26666666666666666
0.0
0.06666666666666667
0.0
0.23809523809523808
0.06666666666666667
0.3333333333333333
0.26666666666666666
0.2
0.43333333333333335
0.13333333333333333
0.4
0.06666666666666667
0.0
0.26666666666666666
0.06666666666666667
0.06666666666666667
0.3
0.13333333333333333
0.13333333333333333
0.3333333333333333
0.0
0.0
0.26666666666666666
0.13333333333333333
0.1
0.13333333333333333
0.26666666666666666
0.26666666666666666
0.1
0.13333333333333333
0.23333333333333334
0.3
0.2
0.0
0.4
0.0
0.2
0.4642857142857143
0.23809523809523808
0.0
0.4666666666666667
0.1
0.2
0.5357142857142857
0.23809523809523808
0.0
0.1
0.1
0.38095238095238093
0.13333333333333333
0.13333333333333333
0.26666666666666666
0.0
0.13333333333333333
0.5
0.06666666666666667
0.3333333333333333
0.23809523809523808
0.3333333333333333
0.2
--------------------------------
top-3
0.0
0.6
0.0
0.3333333333333333
0.5
0.0
0.6666666666666666
0.8
0.3333333333333333
0.3333333333333333
0.0
0.0
0.0
0.0
0.5833333333333334
0.5
0.3333333333333333
0.3333333333333333
0.0
0.0
0.4166666666666667
0.0
0.0
0.3333333333333333
0.3333333333333333
0.3333333333333333
0.16666666666666666
0.0
0.0
0.16666666666666666
0.0
0.5
0.0
0.5
0.0
0.0
0.0
0.7
0.3333333333333333
0.3333333333333333
0.0
0.0
0.0
0.0
0.0
0.6666666666666666
0.6666666666666666
0.16666666666666666
0.5833333333333334
0.0
0.16666666666666666
0.0
0.0
0.3333333333333333
0.0
0.0
0.5
0.3333333333333333
0.0
0.3333333333333333
0.0
0.0
0.6666666666666666
0.0
0.16666666666666666
0.3333333333333333
0.3333333333333333
0.3333333333333333
0.16666666666666666
0.3333333333333333
0.3333333333333333
0.5
0.16666666666666666
0.0
0.3333333333333333
0.3333333333333333
0.16666666666666666
0.3333333333333333
0.0
0.0
0.5
0.0
0.3333333333333333
0.5
0.0
0.0
0.3333333333333333
0.16666666666666666
0.3333333333333333
0.3333333333333333
0.16666666666666666
1.0
0.0
0.3333333333333333
0.6666666666666666
0.0
0.16666666666666666
0.0
0.5
0.3333333333333333

Average20: 0.14986794902363504	Var: 0.009349383167139045	Count: 100
Average10: 0.18477605727605723	Var: 0.017024435426547913	Count: 100
Average5: 0.20405952380952372	Var: 0.026570665958049876	Count: 100
Average3: 0.23349999999999999	Var: 0.05669719444444442	Count: 100
