--------------------------------
top-20
0.09881422924901186
0.6276923076923077
0.15
0.213768115942029
0.2766798418972332
0.10822510822510822
0.14624505928853754
0.3238095238095238
0.27056277056277056
0.20553359683794467
0.07142857142857142
0.36666666666666664
0.3333333333333333
0.19202898550724637
0.47634408602150535
0.20615384615384616
0.2943722943722944
0.06842105263157895
0.0761904761904762
0.10952380952380952
0.22644927536231885
0.14285714285714285
0.23809523809523808
0.14761904761904762
0.30295566502463056
0.21212121212121213
0.2987012987012987
0.13333333333333333
0.11857707509881422
0.06315789473684211
0.16017316017316016
0.30952380952380953
0.09090909090909091
0.26153846153846155
0.1038961038961039
0.12845849802371542
0.11255411255411256
0.26
0.11255411255411256
0.20346320346320346
0.0380952380952381
0.23809523809523808
0.05238095238095238
0.09090909090909091
0.2633333333333333
0.10822510822510822
0.15584415584415584
0.047619047619047616
0.2597402597402597
0.23646723646723647
0.1761904761904762
0.11315789473684211
0.09740259740259741
0.05238095238095238
0.2727272727272727
0.19367588932806323
0.2826086956521739
0.1
0.15
0.42028985507246375
0.16996047430830039
0.05844155844155844
0.24761904761904763
0.06926406926406926
0.0380952380952381
0.18181818181818182
0.18478260869565216
0.39076923076923076
0.09523809523809523
0.12121212121212122
0.11688311688311688
0.09956709956709957
0.09523809523809523
0.1645021645021645
0.22943722943722944
0.25691699604743085
0.11578947368421053
0.2
0.07894736842105263
0.12380952380952381
0.13405797101449277
0.07142857142857142
0.213768115942029
0.36363636363636365
0.06190476190476191
0.11904761904761904
0.20553359683794467
0.07792207792207792
0.22666666666666666
0.14761904761904762
0.28774928774928776
0.14285714285714285
0.06493506493506493
0.042105263157894736
0.24703557312252963
0.10476190476190476
0.05952380952380952
0.24210526315789474
0.20948616600790515
0.09473684210526316
--------------------------------
top-10
0.07272727272727272
0.738562091503268
0.044444444444444446
0.15555555555555556
0.4696969696969697
0.18181818181818182
0.4222222222222222
0.5285714285714286
0.24545454545454545
0.2222222222222222
0.10606060606060606
0.3619047619047619
0.5428571428571428
0.2
0.33516483516483514
0.21818181818181817
0.4358974358974359
0.12121212121212122
0.12121212121212122
0.15555555555555556
0.5576923076923077
0.4666666666666667
0.32051282051282054
0.20512820512820512
0.10909090909090909
0.5555555555555556
0.43956043956043955
0.2222222222222222
0.0
0.1111111111111111
0.2545454545454545
0.5333333333333333
0.1111111111111111
0.10909090909090909
0.10606060606060606
0.36363636363636365
0.14545454545454545
0.4666666666666667
0.21818181818181817
0.15151515151515152
0.06666666666666667
0.3974358974358974
0.08888888888888889
0.2222222222222222
0.28888888888888886
0.2
0.2
0.08888888888888889
0.5989010989010989
0.24444444444444444
0.24242424242424243
0.08888888888888889
0.14545454545454545
0.10909090909090909
0.32051282051282054
0.16363636363636364
0.24358974358974358
0.09090909090909091
0.044444444444444446
0.4945054945054945
0.18181818181818182
0.08888888888888889
0.26282051282051283
0.022222222222222223
0.08888888888888889
0.24242424242424243
0.35555555555555557
0.5256410256410257
0.15151515151515152
0.07272727272727272
0.18181818181818182
0.10909090909090909
0.2727272727272727
0.1590909090909091
0.3333333333333333
0.5439560439560439
0.23636363636363636
0.5909090909090909
0.2
0.14545454545454545
0.2545454545454545
0.13333333333333333
0.3076923076923077
0.5054945054945055
0.044444444444444446
0.08888888888888889
0.18181818181818182
0.08888888888888889
0.12121212121212122
0.24242424242424243
0.18181818181818182
0.12727272727272726
0.10909090909090909
0.03636363636363636
0.25757575757575757
0.16666666666666666
0.08888888888888889
0.3974358974358974
0.4
0.16363636363636364
--------------------------------
top-5
0.1
0.7777777777777778
0.06666666666666667
0.4
0.4642857142857143
0.4
0.44642857142857145
0.6388888888888888
0.13333333333333333
0.13333333333333333
0.2
0.13333333333333333
0.5357142857142857
0.0
0.43333333333333335
0.06666666666666667
0.3333333333333333
0.13333333333333333
0.0
0.1
0.5555555555555556
0.6666666666666666
0.5
0.1
0.2
0.6111111111111112
0.4642857142857143
0.40476190476190477
0.0
0.2
0.38095238095238093
0.6785714285714286
0.26666666666666666
0.2
0.0
0.5238095238095238
0.2
0.5714285714285714
0.3333333333333333
0.3
0.3
0.42857142857142855
0.1
0.3333333333333333
0.47619047619047616
0.3333333333333333
0.06666666666666667
0.1
0.6666666666666666
0.6666666666666666
0.4666666666666667
0.06666666666666667
0.06666666666666667
0.13333333333333333
0.3333333333333333
0.3
0.5
0.1
0.06666666666666667
0.4642857142857143
0.06666666666666667
0.3
0.2
0.1
0.2
0.13333333333333333
0.6
0.6428571428571429
0.1
0.0
0.13333333333333333
0.1
0.38095238095238093
0.2
0.7333333333333333
0.5535714285714286
0.2
0.6944444444444444
0.4
0.3
0.4666666666666667
0.2
0.3333333333333333
0.6428571428571429
0.1
0.13333333333333333
0.0
0.0
0.1
0.4
0.06666666666666667
0.3333333333333333
0.1
0.0
0.5
0.0
0.2
0.2857142857142857
0.6071428571428571
0.4
--------------------------------
top-3
0.0
0.8
0.0
0.5
0.3333333333333333
0.5
0.3333333333333333
0.6
0.0
0.0
0.3333333333333333
0.0
0.5
0.0
0.5833333333333334
0.0
0.3333333333333333
0.0
0.0
0.16666666666666666
0.55
0.8
0.5
0.3333333333333333
0.3333333333333333
0.5
0.3333333333333333
0.45
0.0
0.3333333333333333
0.16666666666666666
0.8
0.3333333333333333
0.3333333333333333
0.0
0.5
0.16666666666666666
0.7
0.3333333333333333
1.0
0.6666666666666666
0.16666666666666666
0.0
0.3333333333333333
0.7
0.6666666666666666
0.0
0.3333333333333333
0.7
1.0
0.5
0.0
0.0
0.16666666666666666
0.16666666666666666
0.16666666666666666
0.8333333333333334
0.0
0.0
0.3333333333333333
0.0
0.3333333333333333
0.6666666666666666
0.0
0.3333333333333333
0.0
0.5
0.8
0.0
0.0
0.0
0.0
0.5
0.3333333333333333
0.9
0.55
0.16666666666666666
0.8
0.6666666666666666
0.6666666666666666
0.6666666666666666
0.16666666666666666
0.5
0.5
0.0
0.0
0.0
0.0
0.16666666666666666
0.6666666666666666
0.0
1.0
0.3333333333333333
0.0
0.8333333333333334
0.0
0.3333333333333333
0.16666666666666666
0.7
0.5

Average20: 0.17747047507569635	Var: 0.010808459090108975	Count: 100
Average10: 0.24128988331929505	Var: 0.025769478635527428	Count: 100
Average5: 0.29530158730158723	Var: 0.04540355165028967	Count: 100
Average3: 0.3393333333333334	Var: 0.08879733333333328	Count: 100
