--------------------------------
top-20
0.09090909090909091
0.43333333333333335
0.07894736842105263
0.010526315789473684
0.2134387351778656
0.010526315789473684
0.021052631578947368
0.015789473684210527
0.17316017316017315
0.12857142857142856
0.02857142857142857
0.14285714285714285
0.06666666666666667
0.010526315789473684
0.19927536231884058
0.05263157894736842
0.14285714285714285
0.02631578947368421
0.010526315789473684
0.0761904761904762
0.031578947368421054
0.02631578947368421
0.03684210526315789
0.03684210526315789
0.2724867724867725
0.10526315789473684
0.1761904761904762
0.05789473684210526
0.07905138339920949
0.04523809523809524
0.1
0.09047619047619047
0.02857142857142857
0.2276923076923077
0.010526315789473684
0.014285714285714285
0.047619047619047616
0.02631578947368421
0.06493506493506493
0.047619047619047616
0.021052631578947368
0.07142857142857142
0.02631578947368421
0.10476190476190476
0.07894736842105263
0.0380952380952381
0.12380952380952381
0.1523809523809524
0.03684210526315789
0.14624505928853754
0.1038961038961039
0.09288537549407115
0.04736842105263158
0.09523809523809523
0.13333333333333333
0.14624505928853754
0.23157894736842105
0.03333333333333333
0.08571428571428572
0.24761904761904763
0.06190476190476191
0.015789473684210527
0.06666666666666667
0.10952380952380952
0.045454545454545456
0.07142857142857142
0.10507246376811594
0.26877470355731226
0.02857142857142857
0.042105263157894736
0.07368421052631578
0.05714285714285714
0.04736842105263158
0.12380952380952381
0.06842105263157895
0.042105263157894736
0.021052631578947368
0.05789473684210526
0.023809523809523808
0.07894736842105263
0.08421052631578947
0.005263157894736842
0.15789473684210525
0.12380952380952381
0.06428571428571428
0.005263157894736842
0.047619047619047616
0.009523809523809525
0.10952380952380952
0.06190476190476191
0.22134387351778656
0.1471861471861472
0.06190476190476191
0.015789473684210527
0.15800865800865802
0.02631578947368421
0.031578947368421054
0.021052631578947368
0.09090909090909091
0.03684210526315789
--------------------------------
top-10
0.022222222222222223
0.5428571428571428
0.23636363636363636
0.044444444444444446
0.4
0.0
0.03636363636363636
0.022222222222222223
0.15151515151515152
0.21818181818181817
0.044444444444444446
0.16666666666666666
0.26666666666666666
0.03636363636363636
0.09090909090909091
0.1111111111111111
0.2545454545454545
0.06666666666666667
0.01818181818181818
0.1111111111111111
0.07272727272727272
0.022222222222222223
0.03636363636363636
0.05454545454545454
0.24444444444444444
0.12727272727272726
0.28205128205128205
0.09090909090909091
0.0
0.06666666666666667
0.12121212121212122
0.12727272727272726
0.044444444444444446
0.12121212121212122
0.022222222222222223
0.0
0.07272727272727272
0.08888888888888889
0.08888888888888889
0.14545454545454545
0.044444444444444446
0.05454545454545454
0.03636363636363636
0.03636363636363636
0.26666666666666666
0.08888888888888889
0.14545454545454545
0.12121212121212122
0.10606060606060606
0.08888888888888889
0.10909090909090909
0.1111111111111111
0.07272727272727272
0.12727272727272726
0.25757575757575757
0.14545454545454545
0.41818181818181815
0.022222222222222223
0.08888888888888889
0.25757575757575757
0.022222222222222223
0.022222222222222223
0.15555555555555556
0.21818181818181817
0.022222222222222223
0.10909090909090909
0.022222222222222223
0.41025641025641024
0.044444444444444446
0.044444444444444446
0.05454545454545454
0.05454545454545454
0.12727272727272726
0.12121212121212122
0.15555555555555556
0.15555555555555556
0.044444444444444446
0.2
0.01818181818181818
0.05454545454545454
0.16363636363636364
0.01818181818181818
0.2
0.14545454545454545
0.14444444444444443
0.022222222222222223
0.06666666666666667
0.022222222222222223
0.03636363636363636
0.022222222222222223
0.2564102564102564
0.1111111111111111
0.05454545454545454
0.044444444444444446
0.14545454545454545
0.06666666666666667
0.05454545454545454
0.06666666666666667
0.022222222222222223
0.08888888888888889
--------------------------------
top-5
0.0
0.6428571428571429
0.4
0.0
0.5357142857142857
0.0
0.1
0.06666666666666667
0.1
0.23809523809523808
0.2
0.06666666666666667
0.3333333333333333
0.0
0.0
0.13333333333333333
0.2857142857142857
0.0
0.0
0.3
0.2
0.1
0.06666666666666667
0.2
0.2857142857142857
0.2
0.13333333333333333
0.3
0.0
0.2
0.0
0.13333333333333333
0.2
0.1
0.0
0.0
0.06666666666666667
0.4
0.1
0.26666666666666666
0.2
0.06666666666666667
0.0
0.1
0.3333333333333333
0.3
0.1
0.0
0.2
0.26666666666666666
0.0
0.2
0.2
0.13333333333333333
0.23809523809523808
0.2
0.5357142857142857
0.0
0.06666666666666667
0.26666666666666666
0.0
0.1
0.2
0.4
0.0
0.1
0.0
0.6428571428571429
0.1
0.1
0.1
0.0
0.2
0.0
0.3333333333333333
0.26666666666666666
0.0
0.2
0.0
0.0
0.13333333333333333
0.0
0.3333333333333333
0.2
0.13333333333333333
0.0
0.2
0.0
0.0
0.1
0.06666666666666667
0.3333333333333333
0.0
0.0
0.3
0.0
0.1
0.0
0.0
0.1
--------------------------------
top-3
0.0
0.7
0.5
0.0
0.6
0.0
0.3333333333333333
0.0
0.0
0.0
0.3333333333333333
0.0
0.3333333333333333
0.0
0.0
0.3333333333333333
0.16666666666666666
0.0
0.0
0.16666666666666666
0.3333333333333333
0.16666666666666666
0.0
0.6666666666666666
0.3333333333333333
0.3333333333333333
0.0
0.16666666666666666
0.0
0.16666666666666666
0.0
0.0
0.3333333333333333
0.3333333333333333
0.0
0.0
0.0
0.6666666666666666
0.0
0.5
0.3333333333333333
0.0
0.0
0.0
0.3333333333333333
0.3333333333333333
0.0
0.0
0.6666666666666666
0.3333333333333333
0.0
0.6666666666666666
0.6666666666666666
0.0
0.0
0.16666666666666666
0.5
0.0
0.0
0.3333333333333333
0.0
0.16666666666666666
0.0
0.5
0.0
0.16666666666666666
0.0
0.8
0.0
0.16666666666666666
0.16666666666666666
0.0
0.0
0.0
0.5
0.6666666666666666
0.0
0.3333333333333333
0.0
0.0
0.3333333333333333
0.0
0.5
0.3333333333333333
0.3333333333333333
0.0
0.3333333333333333
0.0
0.0
0.0
0.0
1.0
0.0
0.0
0.5
0.0
0.3333333333333333
0.0
0.0
0.3333333333333333

Average20: 0.08365265709796602	Var: 0.005213437913010575	Count: 100
Average10: 0.11078443778443767	Var: 0.00985143959099572	Count: 100
Average5: 0.14504761904761898	Var: 0.021810507936507934	Count: 100
Average3: 0.1926666666666666	Var: 0.058057333333333336	Count: 100
