--------------------------------
top-20
0.13203463203463203
0.5108695652173914
0.17753623188405798
0.10474308300395258
0.2885375494071146
0.13438735177865613
0.15584415584415584
0.1368421052631579
0.24285714285714285
0.24333333333333335
0.014285714285714285
0.32857142857142857
0.10822510822510822
0.2826086956521739
0.32142857142857145
0.24818840579710144
0.2727272727272727
0.1631578947368421
0.0380952380952381
0.09047619047619047
0.195
0.11428571428571428
0.2964426877470356
0.08421052631578947
0.29679802955665024
0.22380952380952382
0.31601731601731603
0.2964426877470356
0.16666666666666666
0.10526315789473684
0.1645021645021645
0.2523809523809524
0.1541501976284585
0.2976190476190476
0.09523809523809523
0.02619047619047619
0.16666666666666666
0.25846153846153846
0.1
0.33
0.049783549783549784
0.16666666666666666
0.06719367588932806
0.05627705627705628
0.27898550724637683
0.07905138339920949
0.2987012987012987
0.05238095238095238
0.13438735177865613
0.17333333333333334
0.21428571428571427
0.05
0.05263157894736842
0.18972332015810275
0.31666666666666665
0.22332015810276679
0.06190476190476191
0.26679841897233203
0.17753623188405798
0.40217391304347827
0.06926406926406926
0.01904761904761905
0.18947368421052632
0.09090909090909091
0.12648221343873517
0.15714285714285714
0.03333333333333333
0.35333333333333333
0.05714285714285714
0.05194805194805195
0.2554112554112554
0.13333333333333333
0.1
0.2644927536231884
0.22529644268774704
0.06315789473684211
0.3433333333333333
0.06315789473684211
0.14736842105263157
0.15714285714285714
0.0735930735930736
0.1
0.12121212121212122
0.23333333333333334
0.2845849802371542
0.07142857142857142
0.354978354978355
0.213768115942029
0.3695652173913043
0.09523809523809523
0.46798029556650245
0.06926406926406926
0.05789473684210526
0.2077922077922078
0.2509881422924901
0.1736842105263158
0.11578947368421053
0.2523809523809524
0.13405797101449277
0.1
--------------------------------
top-10
0.07272727272727272
0.6166666666666667
0.18181818181818182
0.17777777777777778
0.3956043956043956
0.12727272727272726
0.2909090909090909
0.36363636363636365
0.22727272727272727
0.3090909090909091
0.022222222222222223
0.4
0.18181818181818182
0.08333333333333333
0.1858974358974359
0.2545454545454545
0.4230769230769231
0.2692307692307692
0.03636363636363636
0.01818181818181818
0.38636363636363635
0.25757575757575757
0.36363636363636365
0.19230769230769232
0.24444444444444444
0.3076923076923077
0.42857142857142855
0.3333333333333333
0.0
0.2727272727272727
0.19696969696969696
0.3956043956043956
0.14545454545454545
0.18181818181818182
0.07272727272727272
0.06666666666666667
0.22727272727272727
0.17777777777777778
0.18181818181818182
0.28205128205128205
0.044444444444444446
0.21212121212121213
0.022222222222222223
0.1111111111111111
0.21212121212121213
0.05454545454545454
0.3484848484848485
0.05454545454545454
0.21818181818181817
0.06666666666666667
0.25757575757575757
0.06666666666666667
0.06666666666666667
0.2727272727272727
0.2878787878787879
0.2878787878787879
0.022222222222222223
0.2909090909090909
0.18181818181818182
0.5714285714285714
0.05454545454545454
0.022222222222222223
0.18181818181818182
0.1111111111111111
0.14743589743589744
0.2
0.0
0.42857142857142855
0.07272727272727272
0.044444444444444446
0.30128205128205127
0.19696969696969696
0.2727272727272727
0.2727272727272727
0.37362637362637363
0.14545454545454545
0.43956043956043955
0.12727272727272726
0.3333333333333333
0.11363636363636363
0.16363636363636364
0.06666666666666667
0.16666666666666666
0.3141025641025641
0.32051282051282054
0.08888888888888889
0.3076923076923077
0.14545454545454545
0.5128205128205128
0.12727272727272726
0.4
0.15555555555555556
0.06818181818181818
0.3484848484848485
0.2196969696969697
0.24242424242424243
0.2909090909090909
0.42857142857142855
0.044444444444444446
0.21212121212121213
--------------------------------
top-5
0.0
0.6944444444444444
0.13333333333333333
0.26666666666666666
0.3333333333333333
0.4
0.4
0.40476190476190477
0.2857142857142857
0.38095238095238093
0.1
0.23809523809523808
0.06666666666666667
0.0
0.05
0.4
0.3333333333333333
0.3333333333333333
0.0
0.0
0.4107142857142857
0.4
0.2857142857142857
0.0
0.38095238095238093
0.13333333333333333
0.42857142857142855
0.42857142857142855
0.0
0.26666666666666666
0.4
0.47619047619047616
0.3
0.4
0.0
0.13333333333333333
0.26666666666666666
0.3333333333333333
0.2857142857142857
0.26666666666666666
0.06666666666666667
0.13333333333333333
0.0
0.13333333333333333
0.26666666666666666
0.0
0.5238095238095238
0.2
0.35714285714285715
0.13333333333333333
0.6
0.13333333333333333
0.0
0.26666666666666666
0.13333333333333333
0.2
0.1
0.3333333333333333
0.13333333333333333
0.6071428571428571
0.0
0.1
0.2
0.13333333333333333
0.1
0.2857142857142857
0.0
0.3333333333333333
0.1
0.13333333333333333
0.21428571428571427
0.2
0.13333333333333333
0.30952380952380953
0.5238095238095238
0.06666666666666667
0.38095238095238093
0.2
0.23809523809523808
0.1
0.2
0.1
0.13333333333333333
0.13333333333333333
0.13333333333333333
0.06666666666666667
0.2857142857142857
0.0
0.5357142857142857
0.1
0.13333333333333333
0.4
0.0
0.47619047619047616
0.06666666666666667
0.2857142857142857
0.38095238095238093
0.42857142857142855
0.0
0.2
--------------------------------
top-3
0.0
0.8
0.0
0.3333333333333333
0.5
0.5
0.75
0.5
0.3333333333333333
0.5
0.3333333333333333
0.0
0.0
0.0
0.16666666666666666
0.5
0.3333333333333333
0.3333333333333333
0.0
0.0
0.3333333333333333
0.6666666666666666
0.16666666666666666
0.0
0.3333333333333333
0.0
0.3333333333333333
0.75
0.0
0.16666666666666666
0.6666666666666666
0.5
0.6666666666666666
0.5
0.0
0.0
0.3333333333333333
0.3333333333333333
0.16666666666666666
0.3333333333333333
0.0
0.0
0.0
0.0
0.3333333333333333
0.0
0.7
0.16666666666666666
0.16666666666666666
0.0
0.5
0.3333333333333333
0.0
0.3333333333333333
0.0
0.0
0.16666666666666666
0.3333333333333333
0.0
0.7
0.0
0.16666666666666666
0.0
0.0
0.16666666666666666
0.3333333333333333
0.0
1.0
0.16666666666666666
0.3333333333333333
0.0
0.3333333333333333
0.16666666666666666
0.16666666666666666
0.6666666666666666
0.0
0.3333333333333333
0.6666666666666666
0.0
0.3333333333333333
0.3333333333333333
0.0
0.16666666666666666
0.0
0.0
0.0
0.3333333333333333
0.0
0.5
0.3333333333333333
0.0
0.8333333333333334
0.0
0.3333333333333333
0.0
0.16666666666666666
0.16666666666666666
0.16666666666666666
0.0
0.3333333333333333

Average20: 0.17895001877314656	Var: 0.011257835211980233	Count: 100
Average10: 0.2146604506604505	Var: 0.018098795990383776	Count: 100
Average5: 0.22550396825396818	Var: 0.027239156131897237	Count: 100
Average3: 0.24366666666666664	Var: 0.061965444444444455	Count: 100
