--------------------------------
top-20
0.11578947368421053
0.233201581027668
0.05194805194805195
0.10507246376811594
0.22826086956521738
0.03684210526315789
0.12681159420289856
0.07368421052631578
0.16666666666666666
0.1383399209486166
0.1225296442687747
0.20476190476190476
0.04285714285714286
0.15789473684210525
0.25925925925925924
0.12987012987012986
0.10476190476190476
0.10952380952380952
0.031578947368421054
0.12987012987012986
0.2077922077922078
0.08095238095238096
0.2
0.05789473684210526
0.13043478260869565
0.23809523809523808
0.1523809523809524
0.24285714285714285
0.13
0.12987012987012986
0.13852813852813853
0.0761904761904762
0.21739130434782608
0.14492753623188406
0.36752136752136755
0.023809523809523808
0.13438735177865613
0.06926406926406926
0.19523809523809524
0.13333333333333333
0.05789473684210526
0.11578947368421053
0.014285714285714285
0.13157894736842105
0.17391304347826086
0.1
0.19523809523809524
0.10526315789473684
0.1422924901185771
0.13852813852813853
0.06842105263157895
0.17384615384615384
0.03684210526315789
0.07894736842105263
0.12121212121212122
0.21645021645021645
0.10822510822510822
0.2
0.06666666666666667
0.25296442687747034
0.09047619047619047
0.04736842105263158
0.12648221343873517
0.031578947368421054
0.16833333333333333
0.09047619047619047
0.12121212121212122
0.13043478260869565
0.07509881422924901
0.07792207792207792
0.2318840579710145
0.12121212121212122
0.23809523809523808
0.18972332015810275
0.15714285714285714
0.14761904761904762
0.09523809523809523
0.14761904761904762
0.09523809523809523
0.3230769230769231
0.05789473684210526
0.07114624505928854
0.15151515151515152
0.18972332015810275
0.18972332015810275
0.04285714285714286
0.2727272727272727
0.08095238095238096
0.18181818181818182
0.06926406926406926
0.19047619047619047
0.05714285714285714
0.0735930735930736
0.08571428571428572
0.18614718614718614
0.06666666666666667
0.06842105263157895
0.18095238095238095
0.09090909090909091
0.1
--------------------------------
top-10
0.01818181818181818
0.36363636363636365
0.06666666666666667
0.044444444444444446
0.21212121212121213
0.07272727272727272
0.14545454545454545
0.23636363636363636
0.19696969696969696
0.08888888888888889
0.022222222222222223
0.2
0.12727272727272726
0.14545454545454545
0.13636363636363635
0.15151515151515152
0.2545454545454545
0.18181818181818182
0.08888888888888889
0.14545454545454545
0.4230769230769231
0.17777777777777778
0.3181818181818182
0.08888888888888889
0.022222222222222223
0.4358974358974359
0.2727272727272727
0.4358974358974359
0.01818181818181818
0.26666666666666666
0.12727272727272726
0.10909090909090909
0.2
0.10606060606060606
0.14743589743589744
0.022222222222222223
0.13333333333333333
0.15555555555555556
0.4065934065934066
0.13636363636363635
0.1111111111111111
0.07272727272727272
0.0
0.12727272727272726
0.2
0.25757575757575757
0.21818181818181817
0.14545454545454545
0.24242424242424243
0.03636363636363636
0.13636363636363635
0.08888888888888889
0.08888888888888889
0.09090909090909091
0.09090909090909091
0.23076923076923078
0.17777777777777778
0.16363636363636364
0.08888888888888889
0.3787878787878788
0.10909090909090909
0.12727272727272726
0.10909090909090909
0.06666666666666667
0.03636363636363636
0.10909090909090909
0.09090909090909091
0.15555555555555556
0.022222222222222223
0.08888888888888889
0.3106060606060606
0.10909090909090909
0.2878787878787879
0.19696969696969696
0.24444444444444444
0.2545454545454545
0.21818181818181817
0.2909090909090909
0.10909090909090909
0.34285714285714286
0.16363636363636364
0.022222222222222223
0.24242424242424243
0.25
0.2545454545454545
0.13333333333333333
0.3076923076923077
0.06666666666666667
0.21212121212121213
0.1111111111111111
0.13636363636363635
0.06666666666666667
0.08888888888888889
0.17777777777777778
0.26515151515151514
0.15555555555555556
0.05454545454545454
0.48484848484848486
0.06666666666666667
0.19696969696969696
--------------------------------
top-5
0.0
0.47619047619047616
0.0
0.0
0.06666666666666667
0.2
0.3333333333333333
0.4666666666666667
0.1
0.13333333333333333
0.1
0.1
0.13333333333333333
0.1
0.2
0.13333333333333333
0.23809523809523808
0.0
0.0
0.2
0.4523809523809524
0.13333333333333333
0.38095238095238093
0.3
0.1
0.47619047619047616
0.4
0.4642857142857143
0.0
0.42857142857142855
0.26666666666666666
0.2
0.3333333333333333
0.1
0.0
0.0
0.13333333333333333
0.4666666666666667
0.42857142857142855
0.06666666666666667
0.0
0.1
0.0
0.26666666666666666
0.3333333333333333
0.06666666666666667
0.2
0.2
0.2
0.1
0.1
0.13333333333333333
0.3
0.06666666666666667
0.0
0.2
0.4666666666666667
0.2
0.2
0.47619047619047616
0.2
0.13333333333333333
0.23333333333333334
0.13333333333333333
0.1
0.0
0.2
0.2
0.0
0.3
0.2619047619047619
0.0
0.38095238095238093
0.2
0.6666666666666666
0.13333333333333333
0.2
0.3333333333333333
0.2
0.1
0.13333333333333333
0.06666666666666667
0.2
0.38095238095238093
0.13333333333333333
0.13333333333333333
0.13333333333333333
0.0
0.13333333333333333
0.0
0.06666666666666667
0.2
0.2
0.06666666666666667
0.47619047619047616
0.2
0.0
0.42857142857142855
0.13333333333333333
0.2
--------------------------------
top-3
0.0
0.8333333333333334
0.0
0.0
0.0
0.3333333333333333
0.45
0.5
0.3333333333333333
0.0
0.3333333333333333
0.0
0.0
0.0
0.3333333333333333
0.16666666666666666
0.0
0.0
0.0
0.0
0.5
0.0
0.3333333333333333
0.5
0.3333333333333333
0.6666666666666666
0.16666666666666666
0.3333333333333333
0.0
0.3333333333333333
0.3333333333333333
0.3333333333333333
0.16666666666666666
0.0
0.0
0.0
0.16666666666666666
0.6666666666666666
0.16666666666666666
0.0
0.0
0.0
0.0
0.3333333333333333
0.16666666666666666
0.0
0.16666666666666666
0.16666666666666666
0.16666666666666666
0.16666666666666666
0.16666666666666666
0.3333333333333333
0.6666666666666666
0.0
0.0
0.6666666666666666
0.6666666666666666
0.3333333333333333
0.3333333333333333
0.3333333333333333
0.16666666666666666
0.0
0.16666666666666666
0.16666666666666666
0.3333333333333333
0.0
0.16666666666666666
0.16666666666666666
0.0
0.5
0.16666666666666666
0.0
0.16666666666666666
0.16666666666666666
0.9
0.0
0.16666666666666666
0.3333333333333333
0.3333333333333333
0.16666666666666666
0.0
0.0
0.16666666666666666
0.3333333333333333
0.0
0.16666666666666666
0.0
0.0
0.0
0.0
0.0
0.3333333333333333
0.16666666666666666
0.0
0.5
0.0
0.0
0.16666666666666666
0.0
0.6666666666666666

Average20: 0.13252628832731805	Var: 0.004638484322605333	Count: 100
Average10: 0.16586280386280386	Var: 0.011054817890093282	Count: 100
Average5: 0.18983333333333313	Var: 0.022519144557823202	Count: 100
Average3: 0.19516666666666663	Var: 0.047312749999999994	Count: 100
