--------------------------------
top-20
0.06493506493506493
0.37662337662337664
0.10526315789473684
0.02857142857142857
0.17028985507246377
0.031578947368421054
0.17391304347826086
0.0761904761904762
0.17142857142857143
0.12648221343873517
0.11578947368421053
0.21212121212121213
0.04285714285714286
0.031578947368421054
0.2318840579710145
0.10952380952380952
0.2134387351778656
0.07894736842105263
0.03684210526315789
0.1067193675889328
0.08658008658008658
0.11052631578947368
0.10952380952380952
0.11052631578947368
0.2724867724867725
0.2510822510822511
0.09523809523809523
0.08947368421052632
0.05194805194805195
0.16403162055335968
0.14285714285714285
0.10952380952380952
0.10476190476190476
0.19202898550724637
0.06666666666666667
0.03333333333333333
0.1383399209486166
0.02631578947368421
0.19480519480519481
0.10822510822510822
0.11052631578947368
0.12450592885375494
0.13333333333333333
0.18840579710144928
0.14624505928853754
0.03684210526315789
0.2857142857142857
0.19047619047619047
0.06315789473684211
0.17391304347826086
0.10822510822510822
0.09683794466403162
0.021052631578947368
0.22134387351778656
0.17142857142857143
0.21666666666666667
0.1368421052631579
0.07142857142857142
0.08095238095238096
0.1774891774891775
0.11904761904761904
0.1761904761904762
0.1225296442687747
0.12857142857142856
0.10869565217391304
0.07792207792207792
0.12318840579710146
0.233201581027668
0.16017316017316016
0.05714285714285714
0.161231884057971
0.16666666666666666
0.0380952380952381
0.047619047619047616
0.0761904761904762
0.2077922077922078
0.06493506493506493
0.06842105263157895
0.047619047619047616
0.03684210526315789
0.042105263157894736
0.08658008658008658
0.12681159420289856
0.10476190476190476
0.09210526315789473
0.015789473684210527
0.18972332015810275
0.10869565217391304
0.10952380952380952
0.10526315789473684
0.2536231884057971
0.16600790513833993
0.11688311688311688
0.09047619047619047
0.1
0.09523809523809523
0.1
0.07894736842105263
0.11255411255411256
0.04736842105263158
--------------------------------
top-10
0.05454545454545454
0.3974358974358974
0.23636363636363636
0.05454545454545454
0.14545454545454545
0.044444444444444446
0.2564102564102564
0.2545454545454545
0.18181818181818182
0.08888888888888889
0.37777777777777777
0.16666666666666666
0.12727272727272726
0.08888888888888889
0.13636363636363635
0.044444444444444446
0.3076923076923077
0.12727272727272726
0.03636363636363636
0.044444444444444446
0.13636363636363635
0.32727272727272727
0.2727272727272727
0.07575757575757576
0.2222222222222222
0.23076923076923078
0.13636363636363635
0.15151515151515152
0.0
0.28888888888888886
0.2727272727272727
0.15151515151515152
0.06666666666666667
0.09090909090909091
0.01818181818181818
0.03636363636363636
0.2222222222222222
0.022222222222222223
0.3717948717948718
0.10606060606060606
0.13636363636363635
0.13636363636363635
0.07575757575757576
0.05454545454545454
0.12727272727272726
0.1111111111111111
0.2948717948717949
0.21794871794871795
0.16363636363636364
0.17777777777777778
0.18181818181818182
0.15555555555555556
0.05454545454545454
0.34615384615384615
0.3717948717948718
0.18181818181818182
0.2727272727272727
0.08888888888888889
0.08888888888888889
0.16666666666666666
0.08888888888888889
0.32051282051282054
0.12878787878787878
0.18181818181818182
0.03636363636363636
0.1111111111111111
0.10909090909090909
0.21212121212121213
0.15151515151515152
0.044444444444444446
0.022222222222222223
0.022222222222222223
0.05454545454545454
0.07575757575757576
0.15555555555555556
0.5818181818181818
0.15555555555555556
0.13333333333333333
0.044444444444444446
0.1111111111111111
0.14545454545454545
0.18181818181818182
0.17777777777777778
0.07272727272727272
0.22727272727272727
0.044444444444444446
0.20512820512820512
0.06666666666666667
0.05454545454545454
0.24242424242424243
0.2564102564102564
0.08888888888888889
0.18181818181818182
0.09090909090909091
0.12121212121212122
0.14545454545454545
0.05454545454545454
0.2
0.1111111111111111
0.06666666666666667
--------------------------------
top-5
0.1
0.6
0.4
0.06666666666666667
0.2
0.1
0.1
0.2
0.2
0.13333333333333333
0.7142857142857143
0.1
0.1
0.13333333333333333
0.2
0.2
0.26666666666666666
0.0
0.1
0.06666666666666667
0.13333333333333333
0.2857142857142857
0.3333333333333333
0.0
0.2857142857142857
0.26666666666666666
0.1
0.0
0.0
0.47619047619047616
0.2857142857142857
0.13333333333333333
0.1
0.1
0.0
0.0
0.2857142857142857
0.0
0.23809523809523808
0.06666666666666667
0.1
0.2
0.0
0.0
0.1
0.3
0.4
0.3
0.2
0.4666666666666667
0.2
0.2857142857142857
0.0
0.6
0.23809523809523808
0.13333333333333333
0.38095238095238093
0.1
0.1
0.13333333333333333
0.3
0.13333333333333333
0.0
0.26666666666666666
0.1
0.3
0.0
0.23809523809523808
0.1
0.0
0.0
0.1
0.1
0.0
0.4
0.5892857142857143
0.23809523809523808
0.13333333333333333
0.1
0.1
0.13333333333333333
0.2
0.2
0.13333333333333333
0.1
0.0
0.0
0.0
0.0
0.2
0.06666666666666667
0.2
0.0
0.1
0.06666666666666667
0.06666666666666667
0.1
0.3333333333333333
0.2
0.2
--------------------------------
top-3
0.3333333333333333
0.6666666666666666
0.5
0.0
0.3333333333333333
0.16666666666666666
0.3333333333333333
0.3333333333333333
0.0
0.0
0.8
0.0
0.0
0.16666666666666666
0.3333333333333333
0.3333333333333333
0.3333333333333333
0.0
0.16666666666666666
0.0
0.0
0.16666666666666666
0.16666666666666666
0.0
0.3333333333333333
0.3333333333333333
0.16666666666666666
0.0
0.0
0.5
0.3333333333333333
0.0
0.0
0.3333333333333333
0.0
0.0
0.16666666666666666
0.0
0.0
0.0
0.0
0.16666666666666666
0.0
0.0
0.0
0.3333333333333333
0.5
1.0
0.6666666666666666
0.5
0.16666666666666666
0.3333333333333333
0.0
1.0
0.0
0.0
0.3333333333333333
0.16666666666666666
0.0
0.16666666666666666
0.3333333333333333
0.0
0.0
0.6666666666666666
0.3333333333333333
0.3333333333333333
0.0
0.0
0.0
0.0
0.0
0.16666666666666666
0.0
0.0
0.3333333333333333
0.45
0.0
0.0
0.3333333333333333
0.16666666666666666
0.3333333333333333
0.3333333333333333
0.3333333333333333
0.0
0.0
0.0
0.0
0.0
0.0
0.3333333333333333
0.0
0.3333333333333333
0.0
0.0
0.0
0.0
0.3333333333333333
0.16666666666666666
0.16666666666666666
0.16666666666666666

Average20: 0.12083173816182965	Var: 0.004407350476000117	Count: 100
Average10: 0.15253185703185695	Var: 0.010463165244429244	Count: 100
Average5: 0.1680833333333332	Var: 0.02236841539115649	Count: 100
Average3: 0.18249999999999997	Var: 0.05067430555555554	Count: 100
