--------------------------------
top-20
0.2015810276679842
0.4066666666666667
0.16833333333333333
0.19166666666666668
0.1341991341991342
0.09523809523809523
0.06926406926406926
0.10952380952380952
0.18095238095238095
0.22666666666666666
0.08421052631578947
0.2523809523809524
0.11255411255411256
0.1
0.2815384615384615
0.04736842105263158
0.30303030303030304
0.03684210526315789
0.08571428571428572
0.11904761904761904
0.0380952380952381
0.11666666666666667
0.19913419913419914
0.14736842105263157
0.29894179894179895
0.22943722943722944
0.06666666666666667
0.09523809523809523
0.2153846153846154
0.08421052631578947
0.02631578947368421
0.3116883116883117
0.023809523809523808
0.245014245014245
0.15019762845849802
0.14210526315789473
0.08225108225108226
0.06926406926406926
0.09956709956709957
0.1976284584980237
0.08102766798418973
0.21428571428571427
0.04285714285714286
0.08658008658008658
0.18478260869565216
0.04329004329004329
0.14285714285714285
0.03333333333333333
0.014285714285714285
0.23076923076923078
0.20476190476190476
0.07105263157894737
0.05844155844155844
0.0380952380952381
0.05238095238095238
0.15151515151515152
0.05714285714285714
0.07894736842105263
0.16833333333333333
0.19367588932806323
0.16996047430830039
0.04285714285714286
0.10476190476190476
0.06060606060606061
0.09523809523809523
0.01904761904761905
0.10276679841897234
0.25296442687747034
0.09956709956709957
0.047619047619047616
0.0380952380952381
0.03896103896103896
0.09047619047619047
0.08658008658008658
0.09956709956709957
0.11067193675889328
0.08571428571428572
0.06190476190476191
0.08095238095238096
0.07142857142857142
0.07114624505928854
0.06190476190476191
0.15151515151515152
0.10476190476190476
0.04736842105263158
0.15151515151515152
0.06315789473684211
0.09090909090909091
0.10822510822510822
0.02857142857142857
0.20333333333333334
0.13043478260869565
0.1
0.04285714285714286
0.06842105263157895
0.06060606060606061
0.04523809523809524
0.1
0.10952380952380952
0.07368421052631578
--------------------------------
top-10
0.044444444444444446
0.580952380952381
0.08888888888888889
0.13333333333333333
0.10909090909090909
0.10909090909090909
0.08888888888888889
0.2909090909090909
0.10909090909090909
0.2222222222222222
0.05454545454545454
0.3076923076923077
0.30303030303030304
0.24444444444444444
0.14393939393939395
0.15555555555555556
0.44871794871794873
0.07272727272727272
0.12121212121212122
0.17777777777777778
0.044444444444444446
0.18181818181818182
0.30303030303030304
0.19230769230769232
0.10909090909090909
0.5555555555555556
0.14545454545454545
0.08888888888888889
0.0
0.2
0.08888888888888889
0.5333333333333333
0.08888888888888889
0.05454545454545454
0.10606060606060606
0.41818181818181815
0.16363636363636364
0.044444444444444446
0.12727272727272726
0.16363636363636364
0.06666666666666667
0.24358974358974358
0.09090909090909091
0.2
0.14545454545454545
0.0
0.18181818181818182
0.08888888888888889
0.044444444444444446
0.2
0.22727272727272727
0.1111111111111111
0.1111111111111111
0.05454545454545454
0.03636363636363636
0.10909090909090909
0.022222222222222223
0.08888888888888889
0.08888888888888889
0.2564102564102564
0.16363636363636364
0.09090909090909091
0.14545454545454545
0.01818181818181818
0.08888888888888889
0.022222222222222223
0.044444444444444446
0.2878787878787879
0.10909090909090909
0.09090909090909091
0.01818181818181818
0.022222222222222223
0.23636363636363636
0.07272727272727272
0.12727272727272726
0.3333333333333333
0.09090909090909091
0.14545454545454545
0.2222222222222222
0.05454545454545454
0.07272727272727272
0.09090909090909091
0.14545454545454545
0.14545454545454545
0.10909090909090909
0.08888888888888889
0.10909090909090909
0.044444444444444446
0.05454545454545454
0.044444444444444446
0.09090909090909091
0.12727272727272726
0.16363636363636364
0.05454545454545454
0.05454545454545454
0.06666666666666667
0.06666666666666667
0.26666666666666666
0.24444444444444444
0.07272727272727272
--------------------------------
top-5
0.1
0.5357142857142857
0.23809523809523808
0.5
0.1
0.2
0.1
0.38095238095238093
0.06666666666666667
0.2
0.1
0.06666666666666667
0.42857142857142855
0.375
0.15
0.1
0.3333333333333333
0.13333333333333333
0.0
0.1
0.13333333333333333
0.26666666666666666
0.4
0.0
0.1
0.6111111111111112
0.13333333333333333
0.06666666666666667
0.0
0.26666666666666666
0.13333333333333333
0.6785714285714286
0.26666666666666666
0.2
0.0
0.5238095238095238
0.26666666666666666
0.0
0.13333333333333333
0.26666666666666666
0.3
0.13333333333333333
0.1
0.26666666666666666
0.4
0.0
0.13333333333333333
0.1
0.1
0.6
0.3333333333333333
0.06666666666666667
0.06666666666666667
0.06666666666666667
0.0
0.2
0.1
0.1
0.23809523809523808
0.2
0.06666666666666667
0.3
0.0
0.0
0.2
0.0
0.2
0.42857142857142855
0.1
0.06666666666666667
0.0
0.1
0.3333333333333333
0.2
0.6
0.5238095238095238
0.2
0.3
0.4
0.2
0.2
0.2
0.5
0.06666666666666667
0.1
0.23809523809523808
0.1
0.0
0.13333333333333333
0.1
0.0
0.26666666666666666
0.1
0.0
0.06666666666666667
0.0
0.1
0.23809523809523808
0.38095238095238093
0.1
--------------------------------
top-3
0.0
0.6666666666666666
0.0
0.5
0.3333333333333333
0.3333333333333333
0.3333333333333333
0.3333333333333333
0.0
0.3333333333333333
0.0
0.0
0.16666666666666666
0.16666666666666666
0.16666666666666666
0.3333333333333333
0.3333333333333333
0.0
0.0
0.3333333333333333
0.0
0.5
0.5
0.0
0.3333333333333333
0.5
0.0
0.0
0.0
0.3333333333333333
0.0
0.8
0.3333333333333333
0.3333333333333333
0.0
0.5
0.16666666666666666
0.0
0.0
0.6666666666666666
0.6666666666666666
0.0
0.0
0.3333333333333333
0.5
0.0
0.16666666666666666
0.3333333333333333
0.0
0.8333333333333334
0.5
0.0
0.0
0.0
0.0
0.16666666666666666
0.3333333333333333
0.0
0.0
0.16666666666666666
0.0
0.3333333333333333
0.0
0.0
0.3333333333333333
0.0
0.16666666666666666
0.6666666666666666
0.0
0.0
0.0
0.0
0.3333333333333333
0.3333333333333333
0.5
0.5
0.16666666666666666
0.3333333333333333
0.5
0.6666666666666666
0.3333333333333333
0.16666666666666666
0.6666666666666666
0.0
0.0
0.0
0.0
0.0
0.16666666666666666
0.16666666666666666
0.0
0.6666666666666666
0.3333333333333333
0.0
0.0
0.0
0.3333333333333333
0.0
0.3333333333333333
0.3333333333333333

Average20: 0.11767093040445442	Var: 0.005829834173356675	Count: 100
Average10: 0.14281690531690525	Var: 0.012931659421334351	Count: 100
Average5: 0.19269444444444442	Var: 0.026718002314814783	Count: 100
Average3: 0.21633333333333332	Var: 0.05376655555555555	Count: 100
