--------------------------------
top-20
0.08421052631578947
0.5133333333333333
0.12121212121212122
0.06926406926406926
0.3230769230769231
0.09047619047619047
0.1541501976284585
0.10526315789473684
0.19047619047619047
0.15810276679841898
0.1225296442687747
0.25296442687747034
0.03333333333333333
0.2597402597402597
0.25846153846153846
0.21739130434782608
0.2246376811594203
0.14761904761904762
0.05263157894736842
0.13438735177865613
0.21428571428571427
0.06190476190476191
0.2571428571428571
0.06666666666666667
0.2222222222222222
0.22380952380952382
0.15584415584415584
0.3047619047619048
0.12666666666666668
0.1761904761904762
0.15584415584415584
0.14624505928853754
0.28
0.2353846153846154
0.35384615384615387
0.03684210526315789
0.1774891774891775
0.03896103896103896
0.2
0.20553359683794467
0.09473684210526316
0.23333333333333334
0.047619047619047616
0.17142857142857143
0.20553359683794467
0.08095238095238096
0.21904761904761905
0.16666666666666666
0.15584415584415584
0.1038961038961039
0.1619047619047619
0.04047619047619048
0.08947368421052632
0.1774891774891775
0.15151515151515152
0.2523809523809524
0.1976284584980237
0.3079710144927536
0.06190476190476191
0.36594202898550726
0.1645021645021645
0.06315789473684211
0.12681159420289856
0.1341991341991342
0.1431159420289855
0.13333333333333333
0.04285714285714286
0.2077922077922078
0.07905138339920949
0.06926406926406926
0.26877470355731226
0.18095238095238095
0.2523809523809524
0.26877470355731226
0.22134387351778656
0.13333333333333333
0.17786561264822134
0.1380952380952381
0.26877470355731226
0.17316017316017315
0.06842105263157895
0.047619047619047616
0.21739130434782608
0.24242424242424243
0.30434782608695654
0.06190476190476191
0.2077922077922078
0.15151515151515152
0.2391304347826087
0.09047619047619047
0.4031339031339031
0.11688311688311688
0.1067193675889328
0.2554112554112554
0.20476190476190476
0.11578947368421053
0.14761904761904762
0.18181818181818182
0.09486166007905138
0.09523809523809523
--------------------------------
top-10
0.01818181818181818
0.6285714285714286
0.3090909090909091
0.1111111111111111
0.31868131868131866
0.16363636363636364
0.24242424242424243
0.32727272727272727
0.18181818181818182
0.15555555555555556
0.05454545454545454
0.3717948717948718
0.08888888888888889
0.3238095238095238
0.14545454545454545
0.19696969696969696
0.3076923076923077
0.2564102564102564
0.16363636363636364
0.10909090909090909
0.4230769230769231
0.14545454545454545
0.3717948717948718
0.06666666666666667
0.17777777777777778
0.4230769230769231
0.2727272727272727
0.38461538461538464
0.0
0.4222222222222222
0.2545454545454545
0.18181818181818182
0.14545454545454545
0.2909090909090909
0.16025641025641027
0.08888888888888889
0.13636363636363635
0.044444444444444446
0.32051282051282054
0.21212121212121213
0.18181818181818182
0.13636363636363635
0.022222222222222223
0.12727272727272726
0.2878787878787879
0.18181818181818182
0.3111111111111111
0.22727272727272727
0.25757575757575757
0.16363636363636364
0.3181818181818182
0.13333333333333333
0.16363636363636364
0.36363636363636365
0.10606060606060606
0.3484848484848485
0.2909090909090909
0.3076923076923077
0.06666666666666667
0.358974358974359
0.18181818181818182
0.14545454545454545
0.18181818181818182
0.21212121212121213
0.03636363636363636
0.2
0.022222222222222223
0.18181818181818182
0.022222222222222223
0.08888888888888889
0.36538461538461536
0.24242424242424243
0.38461538461538464
0.28205128205128205
0.21212121212121213
0.23636363636363636
0.23636363636363636
0.3090909090909091
0.28205128205128205
0.20512820512820512
0.2
0.044444444444444446
0.34615384615384615
0.25
0.4725274725274725
0.2222222222222222
0.2948717948717949
0.16666666666666666
0.3939393939393939
0.13333333333333333
0.3516483516483517
0.022222222222222223
0.08888888888888889
0.2727272727272727
0.26515151515151514
0.16363636363636364
0.16363636363636364
0.3939393939393939
0.022222222222222223
0.16666666666666666
--------------------------------
top-5
0.0
0.7222222222222222
0.5333333333333333
0.1
0.06666666666666667
0.3
0.3333333333333333
0.5
0.1
0.2
0.1
0.4
0.06666666666666667
0.13333333333333333
0.1
0.13333333333333333
0.23809523809523808
0.0
0.2
0.1
0.4523809523809524
0.13333333333333333
0.42857142857142855
0.1
0.2857142857142857
0.42857142857142855
0.4
0.4642857142857143
0.0
0.42857142857142855
0.38095238095238093
0.2
0.26666666666666666
0.47619047619047616
0.1
0.06666666666666667
0.1
0.1
0.23809523809523808
0.26666666666666666
0.4
0.13333333333333333
0.0
0.3333333333333333
0.47619047619047616
0.0
0.42857142857142855
0.13333333333333333
0.3
0.2
0.38095238095238093
0.2
0.26666666666666666
0.38095238095238093
0.0
0.2
0.42857142857142855
0.2
0.2
0.5238095238095238
0.4
0.13333333333333333
0.3333333333333333
0.3333333333333333
0.06666666666666667
0.0
0.0
0.26666666666666666
0.0
0.2
0.4523809523809524
0.2
0.42857142857142855
0.26666666666666666
0.3333333333333333
0.23809523809523808
0.3333333333333333
0.2857142857142857
0.5333333333333333
0.0
0.13333333333333333
0.06666666666666667
0.5714285714285714
0.2
0.23809523809523808
0.3333333333333333
0.23809523809523808
0.0
0.42857142857142855
0.0
0.2857142857142857
0.0
0.2
0.2
0.4
0.2
0.26666666666666666
0.42857142857142855
0.1
0.1
--------------------------------
top-3
0.0
0.8
0.5
0.0
0.0
0.5
0.45
0.5
0.3333333333333333
0.3333333333333333
0.3333333333333333
0.5
0.0
0.0
0.0
0.16666666666666666
0.0
0.0
0.16666666666666666
0.0
0.5
0.0
0.5
0.16666666666666666
0.3333333333333333
0.5
0.16666666666666666
0.3333333333333333
0.0
0.16666666666666666
0.5
0.0
0.3333333333333333
0.5
0.3333333333333333
0.0
0.3333333333333333
0.16666666666666666
0.0
0.16666666666666666
0.3333333333333333
0.0
0.0
0.3333333333333333
0.3333333333333333
0.0
0.3333333333333333
0.0
0.3333333333333333
0.16666666666666666
0.16666666666666666
0.6666666666666666
0.6666666666666666
0.5
0.0
0.3333333333333333
0.3333333333333333
0.3333333333333333
0.3333333333333333
0.5
0.3333333333333333
0.0
0.16666666666666666
0.6666666666666666
0.0
0.0
0.0
0.3333333333333333
0.0
0.3333333333333333
0.45
0.0
0.16666666666666666
0.16666666666666666
0.5
0.0
0.16666666666666666
0.16666666666666666
0.5
0.0
0.0
0.0
0.5
0.3333333333333333
0.0
0.3333333333333333
0.0
0.0
0.5
0.0
0.16666666666666666
0.0
0.16666666666666666
0.3333333333333333
0.5
0.0
0.16666666666666666
0.16666666666666666
0.0
0.3333333333333333

Average20: 0.17039445761882835	Var: 0.007778852198925667	Count: 100
Average10: 0.2181512931512932	Var: 0.014250854963600519	Count: 100
Average5: 0.24024603174603157	Var: 0.026821759826152723	Count: 100
Average3: 0.22700000000000006	Var: 0.043920999999999925	Count: 100
