--------------------------------
top-20
0.07368421052631578
0.49333333333333335
0.11428571428571428
0.06060606060606061
0.18181818181818182
0.05714285714285714
0.15019762845849802
0.05263157894736842
0.10822510822510822
0.15810276679841898
0.023809523809523808
0.17316017316017315
0.05263157894736842
0.13852813852813853
0.28615384615384615
0.1380952380952381
0.16205533596837945
0.07142857142857142
0.042105263157894736
0.08095238095238096
0.08658008658008658
0.06926406926406926
0.17142857142857143
0.07142857142857142
0.23076923076923078
0.22510822510822512
0.10476190476190476
0.15714285714285714
0.021052631578947368
0.10476190476190476
0.09090909090909091
0.1067193675889328
0.1067193675889328
0.18774703557312253
0.03333333333333333
0.02857142857142857
0.1471861471861472
0.05789473684210526
0.08095238095238096
0.1341991341991342
0.03684210526315789
0.18571428571428572
0.03333333333333333
0.07142857142857142
0.15019762845849802
0.03333333333333333
0.13333333333333333
0.14761904761904762
0.03333333333333333
0.11904761904761904
0.1380952380952381
0.1753846153846154
0.05263157894736842
0.15584415584415584
0.047619047619047616
0.2510822510822511
0.25691699604743085
0.213768115942029
0.0380952380952381
0.2463768115942029
0.12987012987012986
0.02631578947368421
0.10822510822510822
0.14285714285714285
0.0380952380952381
0.09090909090909091
0.11255411255411256
0.12554112554112554
0.030303030303030304
0.02857142857142857
0.11688311688311688
0.14761904761904762
0.13157894736842105
0.12554112554112554
0.1857707509881423
0.11052631578947368
0.15810276679841898
0.11578947368421053
0.25296442687747034
0.21014492753623187
0.031578947368421054
0.06493506493506493
0.19047619047619047
0.2077922077922078
0.17316017316017315
0.021052631578947368
0.2
0.15019762845849802
0.16883116883116883
0.03333333333333333
0.30833333333333335
0.08571428571428572
0.07142857142857142
0.20952380952380953
0.05238095238095238
0.08571428571428572
0.13333333333333333
0.06666666666666667
0.06666666666666667
0.05238095238095238
--------------------------------
top-10
0.0
0.6
0.32727272727272727
0.06666666666666667
0.16666666666666666
0.1111111111111111
0.19696969696969696
0.16363636363636364
0.09090909090909091
0.06666666666666667
0.03636363636363636
0.3787878787878788
0.12727272727272726
0.23076923076923078
0.1794871794871795
0.14545454545454545
0.18181818181818182
0.16363636363636364
0.12727272727272726
0.044444444444444446
0.15151515151515152
0.03636363636363636
0.2727272727272727
0.06666666666666667
0.15555555555555556
0.3974358974358974
0.18181818181818182
0.18181818181818182
0.01818181818181818
0.28888888888888886
0.24444444444444444
0.12727272727272726
0.09090909090909091
0.2878787878787879
0.022222222222222223
0.06666666666666667
0.15151515151515152
0.2
0.2
0.10909090909090909
0.09090909090909091
0.05454545454545454
0.022222222222222223
0.044444444444444446
0.12727272727272726
0.1111111111111111
0.14545454545454545
0.2727272727272727
0.06666666666666667
0.2
0.23636363636363636
0.13333333333333333
0.09090909090909091
0.2727272727272727
0.07272727272727272
0.32051282051282054
0.32727272727272727
0.25757575757575757
0.06666666666666667
0.12121212121212122
0.08888888888888889
0.06666666666666667
0.09090909090909091
0.19696969696969696
0.044444444444444446
0.10909090909090909
0.07272727272727272
0.12121212121212122
0.0
0.044444444444444446
0.10909090909090909
0.18181818181818182
0.16363636363636364
0.13636363636363635
0.22727272727272727
0.21212121212121213
0.14545454545454545
0.28888888888888886
0.22727272727272727
0.12121212121212122
0.03636363636363636
0.06666666666666667
0.2878787878787879
0.3090909090909091
0.3717948717948718
0.08888888888888889
0.24242424242424243
0.16666666666666666
0.23636363636363636
0.022222222222222223
0.2948717948717949
0.044444444444444446
0.0
0.12727272727272726
0.08888888888888889
0.10909090909090909
0.12727272727272726
0.10909090909090909
0.08888888888888889
0.08888888888888889
--------------------------------
top-5
0.0
0.7857142857142857
0.5333333333333333
0.1
0.06666666666666667
0.1
0.0
0.16666666666666666
0.0
0.1
0.0
0.4666666666666667
0.13333333333333333
0.06666666666666667
0.1
0.06666666666666667
0.2
0.0
0.2
0.13333333333333333
0.0
0.0
0.26666666666666666
0.2
0.23809523809523808
0.2857142857142857
0.0
0.2
0.0
0.38095238095238093
0.42857142857142855
0.2
0.2
0.47619047619047616
0.1
0.06666666666666667
0.2
0.5333333333333333
0.2
0.3
0.4
0.06666666666666667
0.0
0.1
0.2
0.06666666666666667
0.26666666666666666
0.26666666666666666
0.1
0.26666666666666666
0.3333333333333333
0.3
0.06666666666666667
0.4
0.0
0.3333333333333333
0.5714285714285714
0.06666666666666667
0.2
0.1
0.2
0.13333333333333333
0.23333333333333334
0.3333333333333333
0.13333333333333333
0.0
0.2
0.1
0.0
0.13333333333333333
0.4
0.2
0.06666666666666667
0.1
0.5
0.06666666666666667
0.23809523809523808
0.4
0.4
0.1
0.0
0.06666666666666667
0.38095238095238093
0.2
0.23809523809523808
0.3
0.06666666666666667
0.0
0.3333333333333333
0.0
0.26666666666666666
0.2
0.0
0.2
0.13333333333333333
0.0
0.26666666666666666
0.06666666666666667
0.2
0.1
--------------------------------
top-3
0.0
0.8
0.5
0.0
0.0
0.16666666666666666
0.0
0.0
0.0
0.3333333333333333
0.0
0.5
0.0
0.0
0.3333333333333333
0.0
0.0
0.0
0.16666666666666666
0.0
0.0
0.0
0.3333333333333333
0.6666666666666666
0.0
0.3333333333333333
0.0
0.16666666666666666
0.0
0.3333333333333333
0.3333333333333333
0.3333333333333333
0.3333333333333333
0.5
0.3333333333333333
0.0
0.3333333333333333
0.8333333333333334
0.16666666666666666
0.16666666666666666
0.3333333333333333
0.0
0.0
0.0
0.3333333333333333
0.0
0.3333333333333333
0.16666666666666666
0.3333333333333333
0.16666666666666666
0.16666666666666666
1.0
0.0
0.5
0.0
0.6666666666666666
1.0
0.0
0.16666666666666666
0.16666666666666666
0.3333333333333333
0.0
0.16666666666666666
0.5
0.3333333333333333
0.0
0.16666666666666666
0.3333333333333333
0.0
0.3333333333333333
0.45
0.0
0.0
0.0
0.8333333333333334
0.0
0.0
0.3333333333333333
0.5
0.16666666666666666
0.0
0.0
0.3333333333333333
0.16666666666666666
0.0
0.3333333333333333
0.0
0.0
0.5
0.0
0.16666666666666666
0.3333333333333333
0.0
0.3333333333333333
0.0
0.0
0.16666666666666666
0.0
0.0
0.3333333333333333

Average20: 0.12117137503991049	Var: 0.005906038776976187	Count: 100
Average10: 0.15246386946386944	Var: 0.010674736763969857	Count: 100
Average5: 0.1855714285714285	Var: 0.02477027437641722	Count: 100
Average3: 0.2041666666666666	Var: 0.05812986111111112	Count: 100
