--------------------------------
top50
0.0
0.0
0.15384615384615385
0.0
0.014844804318488529
0.8285714285714286
0.02564102564102564
0.17582417582417584
0.9526530612244898
0.9591836734693877
0.0
0.016194331983805668
0.0
0.0
0.2757619738751814
0.0
0.09523809523809523
0.3164005805515239
0.12402597402597403
0.8285714285714286
0.9591836734693877
0.5841441441441442
0.5931531531531532
0.8310204081632653
0.5065573770491804
0.2692307692307692
0.16194331983805668
0.12402597402597403
0.0
0.0
0.5076502732240438
0.0
0.26373626373626374
0.1984626135569532
0.1978021978021978
0.8310204081632653
0.07111756168359942
0.20246734397677793
0.0
0.8293877551020408
0.0
0.9477551020408164
0.2636734693877551
0.14465408805031446
0.8293877551020408
0.2967032967032967
0.8310204081632653
0.0
--------------------------------
top10
0.0
0.0
0.15384615384615385
0.0
0.08571428571428572
0.0
0.21818181818181817
0.17582417582417584
0.4
0.4727272727272727
0.0
0.21818181818181817
0.0
0.0
0.45454545454545453
0.0
0.09523809523809523
0.45
0.2545454545454545
0.23076923076923078
0.4727272727272727
0.06666666666666667
0.37777777777777777
0.06666666666666667
0.0
0.3181818181818182
0.25274725274725274
0.2545454545454545
0.0
0.0
0.022222222222222223
0.0
0.26373626373626374
0.12727272727272726
0.20512820512820512
0.2692307692307692
0.2
0.16363636363636364
0.0
0.0
0.0
0.21818181818181817
0.022222222222222223
0.0
0.0
0.3076923076923077
0.2692307692307692
0.0
--------------------------------
top5
0.0
0.0
0.2
0.0
0.0
0.0
0.19047619047619047
0.06666666666666667
0.42857142857142855
0.5555555555555556
0.0
0.06666666666666667
0.0
0.0
0.2857142857142857
0.0
0.2
0.06666666666666667
0.2857142857142857
0.0
0.5555555555555556
0.3
0.8095238095238095
0.3
0.0
0.2
0.3333333333333333
0.2857142857142857
0.0
0.0
0.0
0.0
0.06666666666666667
0.2857142857142857
0.19047619047619047
0.06666666666666667
0.23809523809523808
0.3333333333333333
0.0
0.0
0.0
0.2857142857142857
0.0
0.0
0.0
0.32142857142857145
0.06666666666666667
0.0
