--------------------------------
top50
0.02026554856743536
0.0
0.019566736547868623
0.0
0.021337126600284494
0.8285714285714286
0.051209103840682786
0.018867924528301886
0.9526530612244898
0.9591836734693877
0.0
0.059743954480796585
0.0
0.0
0.18451178451178452
0.0
0.0
0.21818181818181817
0.10637054354178843
0.8204081632653061
0.9591836734693877
0.29340592861464004
0.31094978826376285
0.830204081632653
0.35430988894764676
0.18316498316498317
0.06970128022759602
0.10637054354178843
0.0
0.0
0.35219460602855635
0.0
0.26373626373626374
0.24660633484162897
0.019566736547868623
0.8204081632653061
0.281332628239027
0.26666666666666666
0.0
0.8310204081632653
0.0
0.9477551020408164
0.11294117647058824
0.08942139099941554
0.8310204081632653
0.2967032967032967
0.8204081632653061
0.0
--------------------------------
top10
0.0
0.0
0.21212121212121213
0.0
0.0
0.0
0.2545454545454545
0.19696969696969696
0.4
0.4727272727272727
0.0
0.36363636363636365
0.0
0.0
0.4230769230769231
0.0
0.0
0.4583333333333333
0.18181818181818182
0.19696969696969696
0.4727272727272727
0.10909090909090909
0.36363636363636365
0.044444444444444446
0.1111111111111111
0.34285714285714286
0.24242424242424243
0.18181818181818182
0.0
0.0
0.0
0.0
0.26373626373626374
0.15555555555555556
0.21212121212121213
0.19696969696969696
0.13333333333333333
0.17777777777777778
0.0
0.0
0.0
0.21818181818181817
0.3333333333333333
0.14102564102564102
0.0
0.3076923076923077
0.19696969696969696
0.0
--------------------------------
top5
0.0
0.0
0.4
0.0
0.0
0.0
0.2857142857142857
0.13333333333333333
0.42857142857142855
0.5555555555555556
0.0
0.3333333333333333
0.0
0.0
0.2857142857142857
0.0
0.0
0.13333333333333333
0.4
0.2
0.5555555555555556
0.3
0.8095238095238095
0.2
0.3333333333333333
0.2
0.42857142857142855
0.4
0.0
0.0
0.0
0.0
0.06666666666666667
0.3333333333333333
0.19047619047619047
0.06666666666666667
0.19047619047619047
0.3333333333333333
0.0
0.0
0.0
0.2857142857142857
0.5357142857142857
0.0
0.0
0.32142857142857145
0.06666666666666667
0.0
Average50: 0.28224879959010635	Count: 48
Average10: 0.15343759250009248	Count: 48
Average5: 0.182771164021164	Count: 48
