--------------------------------
top50
0.2967032967032967
0.0
0.2857142857142857
0.0
0.08771929824561403
0.8285714285714286
0.058029689608636977
0.32967032967032966
0.9526530612244898
0.9591836734693877
0.0
0.048582995951417005
0.0
0.08571428571428572
0.2808417997097242
0.0
0.0
0.3193033381712627
0.09711779448621553
0.830204081632653
0.9591836734693877
0.5392354124748491
0.5448692152917505
0.830204081632653
0.5038251366120219
0.274310595065312
0.18083670715249664
0.09711779448621553
0.0
0.0
0.5049180327868853
0.0
0.26373626373626374
0.2082459818308875
0.3956043956043956
0.8326530612244898
0.07692307692307693
0.23802612481857766
0.0
0.8293877551020408
0.0
0.9477551020408164
0.2546938775510204
0.14605171208944795
0.8293877551020408
0.2967032967032967
0.8326530612244898
0.10476190476190476
--------------------------------
top10
0.2967032967032967
0.0
0.2692307692307692
0.0
0.21794871794871795
0.0
0.21818181818181817
0.32967032967032966
0.4
0.4727272727272727
0.0
0.21818181818181817
0.0
0.13636363636363635
0.4696969696969697
0.0
0.0
0.45
0.28205128205128205
0.2564102564102564
0.4727272727272727
0.06666666666666667
0.37777777777777777
0.044444444444444446
0.022222222222222223
0.3333333333333333
0.15384615384615385
0.28205128205128205
0.0
0.0
0.044444444444444446
0.0
0.26373626373626374
0.24444444444444444
0.3956043956043956
0.2948717948717949
0.28888888888888886
0.16363636363636364
0.0
0.0
0.0
0.21818181818181817
0.022222222222222223
0.0
0.0
0.3076923076923077
0.2948717948717949
0.12121212121212122
--------------------------------
top5
0.26666666666666666
0.0
0.3333333333333333
0.0
0.1
0.0
0.19047619047619047
0.2
0.42857142857142855
0.5555555555555556
0.0
0.06666666666666667
0.0
0.0
0.3333333333333333
0.0
0.0
0.06666666666666667
0.2857142857142857
0.13333333333333333
0.5555555555555556
0.3
0.8095238095238095
0.2
0.1
0.26666666666666666
0.13333333333333333
0.2857142857142857
0.0
0.0
0.1
0.0
0.06666666666666667
0.5238095238095238
0.19047619047619047
0.2
0.38095238095238093
0.3333333333333333
0.0
0.0
0.0
0.2857142857142857
0.0
0.0
0.0
0.32142857142857145
0.2
0.0
