--------------------------------
top50
0.06821480406386067
0.0
0.061683599419448475
0.0
0.07254623044096728
0.8285714285714286
0.07681365576102418
0.06676342525399129
0.9526530612244898
0.9591836734693877
0.0
0.06258890469416785
0.0
0.02857142857142857
0.17679944095038436
0.0
0.0
0.21453529000698812
0.09643483343074226
0.830204081632653
0.9591836734693877
0.32086499123319695
0.32846288720046757
0.830204081632653
0.36700158646218933
0.17051013277428373
0.11948790896159317
0.09643483343074226
0.0
0.0
0.3659439450026441
0.0
0.26373626373626374
0.2420814479638009
0.08345428156748912
0.830204081632653
0.27853107344632766
0.24579124579124578
0.0
0.8293877551020408
0.0
0.9477551020408164
0.2752571082879613
0.07948568088836938
0.8293877551020408
0.2967032967032967
0.830204081632653
0.06666666666666667
--------------------------------
top10
0.25274725274725274
0.0
0.23076923076923078
0.0
0.15384615384615385
0.0
0.0
0.37362637362637363
0.4
0.4727272727272727
0.0
0.14545454545454545
0.0
0.03636363636363636
0.45454545454545453
0.0
0.0
0.4583333333333333
0.10909090909090909
0.2564102564102564
0.4727272727272727
0.10909090909090909
0.36363636363636365
0.044444444444444446
0.022222222222222223
0.3181818181818182
0.15384615384615385
0.10909090909090909
0.0
0.0
0.022222222222222223
0.0
0.26373626373626374
0.13333333333333333
0.45054945054945056
0.2948717948717949
0.21818181818181817
0.18181818181818182
0.0
0.0
0.0
0.21818181818181817
0.0
0.05454545454545454
0.0
0.3076923076923077
0.2948717948717949
0.05454545454545454
--------------------------------
top5
0.0
0.0
0.0
0.0
0.0
0.0
0.0
0.13333333333333333
0.42857142857142855
0.5555555555555556
0.0
0.2
0.0
0.0
0.2857142857142857
0.0
0.0
0.13333333333333333
0.0
0.13333333333333333
0.5555555555555556
0.3
0.8095238095238095
0.2
0.1
0.2
0.13333333333333333
0.0
0.0
0.0
0.1
0.0
0.06666666666666667
0.2857142857142857
0.19047619047619047
0.2
0.39285714285714285
0.4
0.0
0.0
0.0
0.2857142857142857
0.0
0.0
0.0
0.32142857142857145
0.2
0.0
