--------------------------------
top-50
0.23604710701484896
0.2324561403508772
0.29237071172555046
0.07111756168359942
0.3755693581780538
0.49344188150158297
0.26464646464646463
0.16228070175438597
0.3695436507936508
0.3179427235534775
0.2926587301587302
0.31931252826775214
0.17293233082706766
0.2849364791288566
0.46675191815856776
0.2593984962406015
0.34207650273224044
0.09361393323657474
0.45422535211267606
0.4288461538461538
0.11215538847117794
0.27956989247311825
0.2836065573770492
0.3541666666666667
0.2314436002337814
0.17570621468926553
0.4454390451832907
0.3680555555555556
0.34743521946060285
0.24238026124818576
0.17889587700908455
0.25468844525105866
0.11248185776487664
0.1705989110707804
0.27704918032786885
0.296969696969697
0.3061101028433152
0.27049180327868855
0.22207792207792207
0.20981881940385738
0.2734463276836158
0.3915715539947322
0.13737373737373737
0.328397673188789
0.054693877551020405
0.3586309523809524
0.4459325396825397
0.42142230026338895
0.23378141437755698
0.4875251509054326
0.3092896174863388
0.1237012987012987
0.405775638652351
0.1824858757062147
0.17120387174833634
0.33646616541353386
0.3817307692307692
0.39032112166440525
0.20928961748633879
0.22641509433962265
0.32363828662083555
0.27465214761040535
0.3707033315705976
0.26195286195286194
0.4380952380952381
0.3491841491841492
0.16152450090744103
0.19047619047619047
0.28135593220338984
0.19903206291591047
0.27035330261136714
0.2964307320024198
0.2675438596491228
0.13246753246753246
0.4132505175983437
0.19237749546279492
0.3251408090117768
0.2819548872180451
0.23502824858757063
0.3421470121628768
0.22152341020265548
0.12272727272727273
0.48175568482284503
0.2430976430976431
0.27759562841530055
0.4153209109730849
0.1935483870967742
0.3948412698412698
0.24167107350608144
0.20614035087719298
0.42525879917184267
0.19935064935064936
0.13636363636363635
0.09643605870020965
0.3697115384615385
0.10774410774410774
0.10971348707197764
0.29423076923076924
0.16818181818181818
0.13095238095238096
--------------------------------
top-10
0.3333333333333333
0.4222222222222222
0.5274725274725275
0.13333333333333333
0.38095238095238093
0.44761904761904764
0.65
0.5769230769230769
0.21794871794871795
0.6691176470588235
0.4666666666666667
0.10606060606060606
0.43956043956043955
0.4175824175824176
0.6797385620915033
0.46153846153846156
0.55
0.18181818181818182
0.41904761904761906
0.6842105263157895
0.37362637362637363
0.5384615384615384
0.3076923076923077
0.2857142857142857
0.5256410256410257
0.45454545454545453
0.5333333333333333
0.15151515151515152
0.5955882352941176
0.5416666666666666
0.38461538461538464
0.3956043956043956
0.07272727272727272
0.28205128205128205
0.4857142857142857
0.575
0.34065934065934067
0.5619047619047619
0.44871794871794873
0.09090909090909091
0.6102941176470589
0.2948717948717949
0.3939393939393939
0.6176470588235294
0.35555555555555557
0.5583333333333333
0.425
0.37362637362637363
0.4358974358974359
0.34615384615384615
0.6691176470588235
0.34615384615384615
0.0
0.2545454545454545
0.36363636363636365
0.5428571428571428
0.65
0.6470588235294118
0.23636363636363636
0.47619047619047616
0.48717948717948717
0.358974358974359
0.48333333333333334
0.5882352941176471
0.4666666666666667
0.12121212121212122
0.2878787878787879
0.5583333333333333
0.6323529411764706
0.3516483516483517
0.5384615384615384
0.05454545454545454
0.45054945054945056
0.4358974358974359
0.4095238095238095
0.6583333333333333
0.01818181818181818
0.6397058823529411
0.4065934065934066
0.5142857142857142
0.32727272727272727
0.32727272727272727
0.6842105263157895
0.6842105263157895
0.3076923076923077
0.4095238095238095
0.2727272727272727
0.6571428571428571
0.3939393939393939
0.32051282051282054
0.6083333333333333
0.12121212121212122
0.5303030303030303
0.06666666666666667
0.48484848484848486
0.1111111111111111
0.15555555555555556
0.3904761904761905
0.2727272727272727
0.25757575757575757
--------------------------------
top-5
0.42857142857142855
0.42857142857142855
0.5357142857142857
0.2
0.26666666666666666
0.5357142857142857
0.6944444444444444
0.7857142857142857
0.1
0.7777777777777778
0.3333333333333333
0.06666666666666667
0.5
0.4666666666666667
0.7777777777777778
0.4642857142857143
0.5
0.2
0.3333333333333333
0.6111111111111112
0.38095238095238093
0.75
0.2
0.06666666666666667
0.7222222222222222
0.42857142857142855
0.5
0.13333333333333333
0.6785714285714286
0.6071428571428571
0.4642857142857143
0.5714285714285714
0.3
0.26666666666666666
0.5
0.6666666666666666
0.2
0.5357142857142857
0.6111111111111112
0.26666666666666666
0.6071428571428571
0.13333333333333333
0.42857142857142855
0.6388888888888888
0.47619047619047616
0.6071428571428571
0.06666666666666667
0.38095238095238093
0.5714285714285714
0.5238095238095238
0.7777777777777778
0.3333333333333333
0.0
0.3333333333333333
0.47619047619047616
0.7222222222222222
0.7777777777777778
0.6388888888888888
0.23809523809523808
0.4642857142857143
0.6071428571428571
0.5714285714285714
0.23809523809523808
0.5714285714285714
0.42857142857142855
0.0
0.4666666666666667
0.5714285714285714
0.7222222222222222
0.3333333333333333
0.6785714285714286
0.1
0.6428571428571429
0.7142857142857143
0.2857142857142857
0.6944444444444444
0.0
0.7222222222222222
0.26666666666666666
0.6785714285714286
0.4666666666666667
0.4666666666666667
0.6111111111111112
0.6111111111111112
0.06666666666666667
0.3333333333333333
0.23809523809523808
0.7777777777777778
0.47619047619047616
0.4666666666666667
0.7222222222222222
0.2
0.6785714285714286
0.13333333333333333
0.6111111111111112
0.4
0.4
0.13333333333333333
0.3333333333333333
0.26666666666666666

Average50: 0.27382238316196444	Count: 100
Average10: 0.41153283214893127	Count: 100
Average5: 0.44738888888888906	Count: 100
