--------------------------------
top-50
0.18418079096045198
0.22768361581920904
0.28520225294418844
0.08313725490196078
0.4075079149706015
0.40559440559440557
0.39471153846153845
0.14473684210526316
0.33076923076923076
0.2886093640810622
0.2924378635642517
0.2748015873015873
0.16558441558441558
0.3061101028433152
0.42451923076923076
0.2271186440677966
0.32575356953992596
0.14035087719298245
0.45822676896845693
0.48653846153846153
0.0859538784067086
0.23691168693812797
0.2939890710382514
0.3426758328926494
0.23559322033898306
0.14786967418546365
0.40860215053763443
0.42424242424242425
0.3551912568306011
0.32075471698113206
0.1987012987012987
0.39487179487179486
0.22542372881355932
0.16618287373004353
0.2573770491803279
0.3706293706293706
0.30112994350282485
0.22150789012273525
0.17575757575757575
0.28757062146892653
0.22693602693602694
0.4156010230179028
0.1286195286195286
0.3787258912916423
0.09740259740259741
0.3864087301587302
0.37158469945355194
0.4420289855072464
0.2320280537697253
0.21468926553672316
0.29617486338797816
0.09019607843137255
0.389648033126294
0.14216575922565033
0.13283208020050125
0.39185616076150187
0.3490216816499207
0.43934426229508194
0.15664160401002505
0.2872503840245776
0.30282485875706217
0.2832080200501253
0.3864406779661017
0.32914046121593293
0.425599276345545
0.42097902097902096
0.15245009074410162
0.1033182503770739
0.2710382513661202
0.16623376623376623
0.211864406779661
0.3557377049180328
0.22857142857142856
0.09796806966618288
0.4480331262939959
0.10971348707197764
0.3604710701484895
0.4228855721393035
0.218671679197995
0.2939890710382514
0.21818181818181817
0.10667634252539913
0.4438103599648815
0.31245791245791243
0.3331570597567425
0.17912457912457913
0.15663354763296317
0.41864801864801865
0.235329703569268
0.23947750362844702
0.4497716894977169
0.5063063063063064
0.12337662337662338
0.12121212121212122
0.40660334690185435
0.13556953179594688
0.1292929292929293
0.27976190476190477
0.24430157802454705
0.0957372466806429
--------------------------------
top-10
0.16363636363636364
0.38181818181818183
0.6583333333333333
0.14545454545454545
0.5666666666666667
0.6190476190476191
0.6
0.6263736263736264
0.23076923076923078
0.46153846153846156
0.5808823529411765
0.1794871794871795
0.5047619047619047
0.6583333333333333
0.5882352941176471
0.43956043956043955
0.4065934065934066
0.2878787878787879
0.4725274725274725
0.695906432748538
0.21818181818181817
0.46153846153846156
0.41904761904761906
0.44166666666666665
0.4696969696969697
0.42424242424242425
0.5583333333333333
0.19696969696969696
0.7058823529411765
0.6416666666666667
0.3626373626373626
0.5619047619047619
0.07272727272727272
0.2692307692307692
0.6095238095238096
0.5238095238095238
0.49523809523809526
0.4725274725274725
0.36363636363636365
0.12727272727272726
0.3717948717948718
0.28205128205128205
0.48484848484848486
0.6029411764705882
0.25757575757575757
0.6274509803921569
0.4945054945054945
0.4380952380952381
0.3717948717948718
0.34065934065934067
0.7124183006535948
0.21818181818181817
0.10606060606060606
0.2545454545454545
0.3333333333333333
0.47619047619047616
0.5274725274725275
0.6993464052287581
0.21818181818181817
0.41904761904761906
0.4065934065934066
0.44761904761904764
0.6397058823529411
0.6764705882352942
0.5916666666666667
0.3076923076923077
0.32727272727272727
0.24242424242424243
0.6617647058823529
0.32051282051282054
0.4393939393939394
0.07272727272727272
0.5384615384615384
0.24358974358974358
0.32051282051282054
0.3076923076923077
0.07575757575757576
0.5428571428571428
0.2967032967032967
0.5303030303030303
0.36363636363636365
0.13636363636363635
0.42857142857142855
0.6666666666666666
0.3904761904761905
0.4666666666666667
0.26666666666666666
0.6285714285714286
0.4090909090909091
0.30303030303030304
0.6
0.13636363636363635
0.5303030303030303
0.15151515151515152
0.5583333333333333
0.07272727272727272
0.1111111111111111
0.43956043956043955
0.2727272727272727
0.21212121212121213
--------------------------------
top-5
0.26666666666666666
0.5238095238095238
0.7222222222222222
0.2
0.6111111111111112
0.6071428571428571
0.6785714285714286
0.7222222222222222
0.2
0.6190476190476191
0.5
0.06666666666666667
0.5357142857142857
0.7777777777777778
0.5357142857142857
0.42857142857142855
0.42857142857142855
0.26666666666666666
0.42857142857142855
0.6666666666666666
0.13333333333333333
0.6428571428571429
0.38095238095238093
0.23809523809523808
0.6388888888888888
0.42857142857142855
0.6666666666666666
0.2
0.7777777777777778
0.6666666666666666
0.3333333333333333
0.47619047619047616
0.2
0.2
0.6111111111111112
0.4642857142857143
0.42857142857142855
0.6190476190476191
0.5
0.26666666666666666
0.42857142857142855
0.4
0.6111111111111112
0.5
0.47619047619047616
0.6111111111111112
0.5357142857142857
0.42857142857142855
0.5
0.2
0.7777777777777778
0.13333333333333333
0.13333333333333333
0.5333333333333333
0.5714285714285714
0.5238095238095238
0.5714285714285714
0.7777777777777778
0.4666666666666667
0.42857142857142855
0.5714285714285714
0.5714285714285714
0.7777777777777778
0.7222222222222222
0.7222222222222222
0.2
0.4666666666666667
0.2857142857142857
0.7777777777777778
0.4
0.5714285714285714
0.1
0.6111111111111112
0.06666666666666667
0.3333333333333333
0.13333333333333333
0.0
0.6944444444444444
0.13333333333333333
0.75
0.42857142857142855
0.06666666666666667
0.42857142857142855
0.6944444444444444
0.2
0.5
0.2857142857142857
0.7777777777777778
0.5238095238095238
0.4
0.7222222222222222
0.2
0.75
0.13333333333333333
0.5714285714285714
0.13333333333333333
0.4
0.23809523809523808
0.6666666666666666
0.2

Average50: 0.2759823491315614	Count: 100
Average10: 0.4103425844021819	Count: 100
Average5: 0.4547698412698413	Count: 100
