--------------------------------
top-50
0.5737327188940092
0.5861848825331971
0.6083333333333333
NaN
0.5886781090033123
0.4868686868686869
0.4865047233468286
0.4660218253968254
0.5895131086142322
0.6036789297658863
0.41939890710382516
0.5863453815261044
0.5945498343872327
0.605246913580247
0.6080198537095088
0.5933453778982234
0.6080198537095088
0.5
0.4863636363636364
0.6152962206332993
0.5724094881398252
0.5697297297297297
0.5834144758195391
0.4768361581920904
0.578018018018018
0.4768361581920904
0.48787878787878786
0.5834639498432602
0.5468468468468468
0.6108442004118051
0.5495151337055539
0.4858585858585859
0.4583333333333333
0.5574493094328533
0.5856864654333008
0.4898785425101215
0.566982214572576
0.5705960705960706
0.6216709621993127
0.5495151337055539
0.6290763728171681
0.5787765293383271
0.4303075396825397
0.5863453815261044
0.4777777777777778
0.5442890442890443
0.6033205924510272
0.48737373737373735
0.5812612612612612
0.48717948717948717
0.5998456790123456
0.5721598002496879
0.586641697877653
0.5737327188940092
0.42857142857142855
0.48717948717948717
0.5895131086142322
0.6080198537095088
0.5739887352790578
0.4621212121212121
0.5549687010954617
0.5941745036572623
0.5590430201931519
0.6114221724524076
0.5953601953601954
0.5940074906367041
0.4207650273224044
0.5714107365792759
0.6072530864197531
0.5863453815261044
0.5524606971975393
0.5863453815261044
0.6279192089206816
0.5575842696629213
0.5921855921855922
0.5987816531294792
0.5863453815261044
0.4898785425101215
0.6016975308641975
0.594993894993895
0.566982214572576
0.5626915219611849
0.5830280830280831
0.6165637153969343
0.5886781090033123
0.4863636363636364
0.5737327188940092
0.44471153846153844
0.4634615384615385
0.5495151337055539
0.44879807692307694
0.4863636363636364
0.42279217345319936
0.4444444444444444
0.570141065830721
0.4444444444444444
0.4444444444444444
0.5891297801866907
0.4621212121212121
0.624868504102672
--------------------------------
top-10
0.6549707602339181
0.5894736842105263
0.6131578947368421
NaN
0.6342105263157894
0.6360294117647058
0.6026315789473684
0.5555555555555556
0.5921052631578947
0.5921052631578947
0.6257309941520468
0.5263157894736842
0.631578947368421
0.6131578947368421
0.5815789473684211
0.6394736842105263
0.5815789473684211
0.5
0.5384615384615384
0.5815789473684211
0.6491228070175439
0.6213235294117647
0.6078431372549019
0.6013071895424836
0.6421052631578947
0.6013071895424836
0.5904761904761905
0.5684210526315789
0.5784313725490197
0.5973684210526315
0.5263157894736842
0.631578947368421
0.4583333333333333
0.5263157894736842
0.6078431372549019
0.6157894736842106
0.5263157894736842
0.6228070175438597
0.631578947368421
0.5263157894736842
0.631578947368421
0.5439560439560439
0.5955882352941176
0.5263157894736842
0.4777777777777778
0.5877192982456141
0.6257309941520468
0.5845588235294118
0.6374269005847953
0.5326797385620915
0.6157894736842106
0.6491228070175439
0.5894736842105263
0.6549707602339181
0.6333333333333333
0.6026315789473684
0.5921052631578947
0.5815789473684211
0.6578947368421053
0.5909090909090909
0.6403508771929824
0.5684210526315789
0.5964912280701754
0.6026315789473684
0.5894736842105263
0.5894736842105263
0.6111111111111112
0.4835164835164835
0.618421052631579
0.5263157894736842
0.5698529411764706
0.5263157894736842
0.6368421052631579
0.5857142857142857
0.55
0.6143790849673203
0.5263157894736842
0.6157894736842106
0.618421052631579
0.5894736842105263
0.5263157894736842
0.6491228070175439
0.5921052631578947
0.6263157894736842
0.6342105263157894
0.6169590643274854
0.6549707602339181
0.6289473684210526
0.6447368421052632
0.5263157894736842
0.6368421052631579
0.6139705882352942
0.6286549707602339
0.4444444444444444
0.5730994152046783
0.4444444444444444
0.4444444444444444
0.6342105263157894
0.6212121212121212
0.631578947368421
--------------------------------
top-5
0.6555555555555556
0.6
0.6
NaN
0.6555555555555556
0.6555555555555556
0.6222222222222222
0.625
0.5555555555555556
0.5555555555555556
0.6555555555555556
0.5555555555555556
0.6555555555555556
0.6
0.5555555555555556
0.6555555555555556
0.5555555555555556
0.5
0.5535714285714286
0.5555555555555556
0.6666666666666666
0.6666666666666666
0.6444444444444445
0.6805555555555556
0.6666666666666666
0.6805555555555556
0.5892857142857143
0.5555555555555556
0.6555555555555556
0.6222222222222222
0.5555555555555556
0.6444444444444445
0.5892857142857143
0.5555555555555556
0.6444444444444445
0.5555555555555556
0.5555555555555556
0.6666666666666666
0.6555555555555556
0.5555555555555556
0.6333333333333333
0.6805555555555556
0.5555555555555556
0.5555555555555556
0.5
0.6444444444444445
0.6555555555555556
0.6444444444444445
0.6333333333333333
0.5
0.6555555555555556
0.6555555555555556
0.5555555555555556
0.6555555555555556
0.6111111111111112
0.6333333333333333
0.5555555555555556
0.5555555555555556
0.6666666666666666
0.6805555555555556
0.6333333333333333
0.5555555555555556
0.6333333333333333
0.5555555555555556
0.5555555555555556
0.6
0.6666666666666666
0.5357142857142857
0.6222222222222222
0.5555555555555556
0.6666666666666666
0.5555555555555556
0.6444444444444445
0.6944444444444444
0.5555555555555556
0.6444444444444445
0.5555555555555556
0.5555555555555556
0.6222222222222222
0.5555555555555556
0.5555555555555556
0.6555555555555556
0.5555555555555556
0.6222222222222222
0.6555555555555556
0.6666666666666666
0.6666666666666666
0.6333333333333333
0.6666666666666666
0.5555555555555556
0.6333333333333333
0.6222222222222222
0.6666666666666666
0.5666666666666667
0.5555555555555556
0.43333333333333335
0.5666666666666667
0.6555555555555556
0.6805555555555556
0.6333333333333333

Average50: 0.5481976340021665	Count: 99
Average10: 0.5895348563293492	Count: 99
Average5: 0.6082050665384001	Count: 99
