--------------------------------
top-50
0.27598566308243727
0.24561403508771928
0.33230926779313874
0.07329462989840348
0.45424430641821945
0.5549525101763908
0.2713804713804714
0.17543859649122806
0.4146825396825397
0.3389830508474576
0.33779761904761907
0.3808231569425599
0.18609022556390978
0.3018753781004235
0.5396419437340153
0.2725563909774436
0.3721311475409836
0.09579100145137881
0.5446009389671361
0.4793269230769231
0.12531328320802004
0.3195084485407066
0.31366120218579235
0.3993055555555556
0.25248392752776155
0.20112994350282487
0.5183290707587382
0.4131944444444444
0.38233738762559494
0.24455732946298983
0.18308874912648498
0.2716273442226255
0.11465892597968069
0.18753781004234724
0.307103825136612
0.3037037037037037
0.32304900181488205
0.3056583818085669
0.2318181818181818
0.23085914669783753
0.29887005649717513
0.45873573309920984
0.1441077441077441
0.36329984135378107
0.054693877551020405
0.4037698412698413
0.49107142857142855
0.48858647936786653
0.2548217416715371
0.5722334004024144
0.33934426229508197
0.13376623376623376
0.5079600148093298
0.207909604519774
0.1881427707199032
0.34962406015037595
0.4322115384615385
0.451831750339213
0.23934426229508196
0.23060796645702306
0.3585404547858276
0.29159104658197216
0.4056054997355896
0.2686868686868687
0.5167701863354037
0.40512820512820513
0.17846339987900786
0.20363408521303258
0.30677966101694915
0.2159709618874773
0.3102918586789555
0.3133696309739867
0.2807017543859649
0.1422077922077922
0.4919254658385093
0.20931639443436176
0.36507936507936506
0.2951127819548872
0.26045197740112996
0.3770491803278688
0.22571628232005592
0.13246753246753246
0.5166578529878372
0.24983164983164982
0.3076502732240437
0.4939958592132505
0.22845055526176627
0.4399801587301587
0.2765732416710735
0.21929824561403508
0.5039337474120082
0.20909090909090908
0.1461038961038961
0.10062893081761007
0.4201923076923077
0.11447811447811448
0.11390635918937805
0.34471153846153846
0.17792207792207793
0.14411027568922305
--------------------------------
top-10
0.3333333333333333
0.4222222222222222
0.5934065934065934
0.13333333333333333
0.47619047619047616
0.5428571428571428
0.775
0.6153846153846154
0.2564102564102564
0.8235294117647058
0.5916666666666667
0.12121212121212122
0.5054945054945055
0.4835164835164835
0.8627450980392157
0.5274725274725275
0.675
0.18181818181818182
0.5142857142857142
0.8947368421052632
0.43956043956043955
0.6043956043956044
0.37362637362637363
0.3516483516483517
0.5641025641025641
0.4696969696969697
0.6285714285714286
0.16666666666666666
0.75
0.6666666666666666
0.4230769230769231
0.46153846153846156
0.07272727272727272
0.32051282051282054
0.580952380952381
0.7
0.4065934065934066
0.6571428571428571
0.48717948717948717
0.09090909090909091
0.7647058823529411
0.3333333333333333
0.4090909090909091
0.7720588235294118
0.35555555555555557
0.6833333333333333
0.55
0.43956043956043955
0.47435897435897434
0.38461538461538464
0.8235294117647058
0.38461538461538464
0.0
0.2545454545454545
0.3787878787878788
0.638095238095238
0.775
0.8014705882352942
0.23636363636363636
0.5714285714285714
0.5256410256410257
0.3974358974358974
0.6083333333333333
0.7426470588235294
0.5619047619047619
0.13636363636363635
0.30303030303030304
0.6833333333333333
0.7867647058823529
0.4175824175824176
0.6043956043956044
0.05454545454545454
0.5164835164835165
0.47435897435897434
0.5047619047619047
0.7833333333333333
0.01818181818181818
0.7941176470588235
0.4725274725274725
0.6095238095238096
0.32727272727272727
0.32727272727272727
0.8947368421052632
0.8947368421052632
0.37362637362637363
0.5047619047619047
0.2727272727272727
0.7523809523809524
0.4090909090909091
0.358974358974359
0.7333333333333333
0.13636363636363635
0.5454545454545454
0.06666666666666667
0.5
0.1111111111111111
0.15555555555555556
0.4857142857142857
0.2878787878787879
0.2727272727272727
--------------------------------
top-5
0.47619047619047616
0.47619047619047616
0.6428571428571429
0.2
0.26666666666666666
0.6428571428571429
0.8611111111111112
0.8928571428571429
0.1
1.0
0.38095238095238093
0.06666666666666667
0.6071428571428571
0.4666666666666667
1.0
0.5714285714285714
0.6071428571428571
0.2
0.38095238095238093
0.7777777777777778
0.42857142857142855
0.8571428571428571
0.2
0.06666666666666667
0.8888888888888888
0.47619047619047616
0.6071428571428571
0.13333333333333333
0.7857142857142857
0.7142857142857143
0.5714285714285714
0.6785714285714286
0.3
0.26666666666666666
0.6071428571428571
0.8333333333333334
0.2
0.6428571428571429
0.7777777777777778
0.26666666666666666
0.7142857142857143
0.13333333333333333
0.47619047619047616
0.8055555555555556
0.5238095238095238
0.7142857142857143
0.06666666666666667
0.42857142857142855
0.6785714285714286
0.5714285714285714
1.0
0.38095238095238093
0.0
0.38095238095238093
0.5238095238095238
0.8888888888888888
1.0
0.8055555555555556
0.2857142857142857
0.5714285714285714
0.7142857142857143
0.6190476190476191
0.2857142857142857
0.6785714285714286
0.5357142857142857
0.0
0.4666666666666667
0.6785714285714286
0.8888888888888888
0.3333333333333333
0.7857142857142857
0.1
0.75
0.8214285714285714
0.3333333333333333
0.8611111111111112
0.0
0.8888888888888888
0.26666666666666666
0.7857142857142857
0.4666666666666667
0.4666666666666667
0.7777777777777778
0.7777777777777778
0.06666666666666667
0.3333333333333333
0.2857142857142857
1.0
0.5238095238095238
0.4666666666666667
0.8888888888888888
0.2
0.7857142857142857
0.13333333333333333
0.7777777777777778
0.4
0.4
0.13333333333333333
0.38095238095238093
0.26666666666666666

Average50: 0.3044975444584093	Count: 100
Average10: 0.47981284204271824	Count: 100
Average5: 0.5219523809523811	Count: 100
