--------------------------------
top-50
0.5120663650075414
0.5376344086021505
0.493469387755102
0.5197132616487455
0.4910204081632653
0.4902713773681516
0.4942857142857143
0.5053763440860215
0.5533234126984127
0.507168458781362
0.4807909604519774
0.49001536098310294
0.5114478114478115
0.5120992135511192
0.5365967365967366
0.5617559523809523
0.5124579124579125
0.5393971443680592
0.5122887864823349
0.4807692307692308
0.5266257040450589
0.49523809523809526
0.493469387755102
0.5099846390168971
0.4845117845117845
0.5099846390168971
0.5116892911010558
0.493469387755102
0.4975198412698413
0.4920814479638009
0.5139140955837871
0.4922448979591837
0.49523809523809526
0.49142857142857144
0.5063973063973064
0.538281706604325
0.5186891961085509
0.525089605734767
0.4774305555555556
0.503030303030303
0.498989898989899
0.49523809523809526
0.5273937532002048
0.5145929339477726
0.5303915838690824
0.5120327700972862
0.4952861952861953
0.49387755102040815
0.5143288084464555
0.5266826923076923
0.5131448412698413
0.5056323604710702
0.49183673469387756
0.48383838383838385
0.5184766214177979
0.526969857218403
0.5594923320994183
0.5374050263004091
0.493469387755102
0.5099846390168971
0.5099846390168971
0.49142857142857144
0.4886031560490941
0.49142857142857144
0.5404265873015873
0.4815233785822021
0.4898989898989899
0.49523809523809526
0.5248015873015873
0.5299539170506913
0.4906122448979592
0.543778801843318
0.5124434389140271
0.5145425700687467
0.49523809523809526
0.521870286576169
0.5145929339477726
0.5161616161616162
0.4942857142857143
0.49183673469387756
0.49523809523809526
0.5128205128205128
0.5476190476190477
0.5290851401374934
0.5124579124579125
0.5471070148489503
0.4906122448979592
0.5335801163405606
0.4935995903737839
0.49523809523809526
0.493469387755102
0.5063973063973064
0.5307219662058372
0.5178451178451179
0.5450588837685612
0.5193587416817906
0.5497091485986251
0.5290851401374934
0.5153609831029186
0.46299435028248587
--------------------------------
top-10
0.5915032679738562
0.5994152046783626
0.6345029239766082
0.6274509803921569
0.6491228070175439
0.5994152046783626
0.6503267973856209
0.6209150326797386
0.618421052631579
0.6263157894736842
0.5916666666666667
0.6045751633986928
0.6342105263157894
0.618421052631579
0.6198830409356725
0.5947712418300654
0.6023391812865497
0.6289473684210526
0.5955882352941176
0.5833333333333334
0.5992647058823529
0.6098901098901099
0.631578947368421
0.6323529411764706
0.6111111111111112
0.6323529411764706
0.6421052631578947
0.5915032679738562
0.6432748538011696
0.652046783625731
0.6078431372549019
0.5751633986928104
0.5791666666666667
0.5735294117647058
0.631578947368421
0.6111111111111112
0.631578947368421
0.6176470588235294
0.5947712418300654
0.5808823529411765
0.6360294117647058
0.44505494505494503
0.5845588235294118
0.6045751633986928
0.6078431372549019
0.6286764705882353
0.5808823529411765
0.6374269005847953
0.6125
0.6257309941520468
0.6111111111111112
0.6372549019607843
0.6045751633986928
0.5980392156862745
0.6083333333333333
0.6601307189542484
0.6052631578947368
0.6286549707602339
0.6291666666666667
0.6323529411764706
0.6323529411764706
0.6368421052631579
0.6078431372549019
0.6013071895424836
0.6236842105263158
0.5808823529411765
0.5808823529411765
0.47802197802197804
0.6236842105263158
0.5730994152046783
0.6433823529411765
0.5730994152046783
0.6421052631578947
0.5541666666666667
0.6458333333333334
0.6045751633986928
0.6045751633986928
0.6339869281045751
0.6023391812865497
0.6372549019607843
0.6066176470588235
0.5919117647058824
0.6140350877192983
0.6368421052631579
0.6111111111111112
0.5973684210526315
0.6375
0.6345029239766082
0.6286549707602339
0.6066176470588235
0.652046783625731
0.6111111111111112
0.6403508771929824
0.6045751633986928
0.6169590643274854
0.6169590643274854
0.5789473684210527
0.6081871345029239
0.6342105263157894
0.6045751633986928
--------------------------------
top-5
0.6666666666666666
0.6444444444444445
0.6666666666666666
0.6555555555555556
0.6555555555555556
0.6
0.6444444444444445
0.6666666666666666
0.6
0.6
0.5833333333333334
0.5555555555555556
0.6666666666666666
0.6222222222222222
0.6333333333333333
0.6333333333333333
0.6444444444444445
0.6666666666666666
0.6333333333333333
0.6333333333333333
0.6111111111111112
0.6944444444444444
0.6555555555555556
0.6555555555555556
0.6666666666666666
0.6555555555555556
0.6555555555555556
0.5833333333333334
0.6555555555555556
0.6555555555555556
0.6
0.5892857142857143
0.6388888888888888
0.6388888888888888
0.6555555555555556
0.6222222222222222
0.6444444444444445
0.6666666666666666
0.5833333333333334
0.5833333333333334
0.6666666666666666
0.42857142857142855
0.5357142857142857
0.5555555555555556
0.6
0.6444444444444445
0.5972222222222222
0.6666666666666666
0.5972222222222222
0.6333333333333333
0.5694444444444444
0.6666666666666666
0.5972222222222222
0.5833333333333334
0.5972222222222222
0.6444444444444445
0.6444444444444445
0.6444444444444445
0.6555555555555556
0.6555555555555556
0.6555555555555556
0.6555555555555556
0.5694444444444444
0.6555555555555556
0.6444444444444445
0.6527777777777778
0.6428571428571429
0.6785714285714286
0.6555555555555556
0.6444444444444445
0.6666666666666666
0.6444444444444445
0.6555555555555556
0.5714285714285714
0.6555555555555556
0.5694444444444444
0.5555555555555556
0.6444444444444445
0.6555555555555556
0.6333333333333333
0.6666666666666666
0.6944444444444444
0.6333333333333333
0.6666666666666666
0.6444444444444445
0.6
0.6666666666666666
0.6555555555555556
0.6333333333333333
0.5833333333333334
0.6555555555555556
0.6527777777777778
0.6666666666666666
0.6444444444444445
0.5555555555555556
0.6555555555555556
0.6333333333333333
0.6555555555555556
0.6555555555555556
0.6805555555555556

Average50: 0.5103333999135531	Count: 100
Average10: 0.6113104064837814	Count: 100
Average5: 0.631742063492064	Count: 100
