--------------------------------
top-50
0.3040674603174603
0.2916666666666667
0.3519125683060109
0.26981246218995764
0.3617664851784634
0.42498719918074757
0.3392752776154296
0.34531886024423336
0.3748251748251748
0.4500226142017187
0.3681515616999488
0.23495032144944478
0.2824858757062147
0.3769230769230769
0.47585601404741
0.3076502732240437
0.3437334743521946
0.3154121863799283
0.46987480438184664
0.4359086918349429
0.2805939580133128
0.32688492063492064
0.3466461853558628
0.38125
0.32872503840245776
0.37715617715617716
0.3649717514124294
0.3092896174863388
0.3888111888111888
0.35176651305683565
0.3744131455399061
0.25171866737176096
0.2692075015124017
0.461981981981982
0.36661546338965695
0.34375
0.268361581920904
0.33426573426573425
0.3640552995391705
0.3691834942932397
0.3421470121628768
0.3446327683615819
0.3473193473193473
0.3854166666666667
0.2923076923076923
0.40576923076923077
0.4211309523809524
0.4216346153846154
0.32565284178187404
0.42655935613682094
0.42230026338893767
0.3301673450927182
0.3801580333625988
0.33076923076923076
0.3036354326676907
0.34207650273224044
0.36329984135378107
0.42311507936507936
0.3178212585933369
0.4454390451832907
0.3911421911421911
0.30550514216575925
0.41878841088674273
0.405076679005817
0.4486391571553995
0.3841346153846154
0.2915865384615385
0.31041776837652035
0.36951605608322025
0.26949152542372884
0.3318452380952381
0.29491525423728815
0.3999122036874451
0.3076923076923077
0.2565751022793688
0.3323412698412698
0.25875706214689265
0.269774011299435
0.3307731694828469
0.4226190476190476
0.35526315789473684
0.2954429083461341
0.468997668997669
0.3448275862068966
0.3183500793231095
0.310719131614654
0.3403846153846154
0.4075021312872975
0.41471048513302033
0.32644110275689225
0.42379014020805067
0.3350961538461538
0.2961309523809524
0.26651081239041496
0.33978174603174605
0.25806451612903225
0.35615079365079366
0.32821300563236044
0.3918269230769231
0.27551560021152827
--------------------------------
top-10
0.2878787878787879
0.4230769230769231
0.5274725274725275
0.4725274725274725
0.6083333333333333
0.5916666666666667
0.5428571428571428
0.580952380952381
0.38461538461538464
0.7426900584795322
0.49523809523809526
0.3717948717948718
0.5142857142857142
0.4725274725274725
0.7368421052631579
0.5714285714285714
0.5833333333333334
0.5333333333333333
0.7647058823529411
0.7309941520467836
0.4230769230769231
0.6617647058823529
0.49523809523809526
0.3076923076923077
0.7083333333333334
0.6691176470588235
0.7083333333333334
0.5333333333333333
0.5583333333333333
0.6333333333333333
0.5128205128205128
0.42857142857142855
0.5714285714285714
0.5128205128205128
0.5416666666666666
0.44761904761904764
0.6617647058823529
0.5666666666666667
0.525
0.4725274725274725
0.75
0.7058823529411765
0.45714285714285713
0.49523809523809526
0.42857142857142855
0.5714285714285714
0.65
0.725
0.6333333333333333
0.2
0.49523809523809526
0.4230769230769231
0.5333333333333333
0.5333333333333333
0.32967032967032966
0.525
0.6095238095238096
0.7058823529411765
0.3076923076923077
0.6985294117647058
0.6544117647058824
0.580952380952381
0.5523809523809524
0.6476190476190476
0.65
0.4380952380952381
0.45454545454545453
0.6617647058823529
0.55
0.37362637362637363
0.5904761904761905
0.3333333333333333
0.6043956043956044
0.4380952380952381
0.5714285714285714
0.4725274725274725
0.2692307692307692
0.7142857142857143
0.5047619047619047
0.6143790849673203
0.3626373626373626
0.5054945054945055
0.673202614379085
0.6544117647058824
0.49523809523809526
0.44871794871794873
0.41904761904761906
0.7058823529411765
0.3333333333333333
0.5604395604395604
0.625
0.19230769230769232
0.4095238095238095
0.5494505494505495
0.5274725274725275
0.4065934065934066
0.5384615384615384
0.3717948717948718
0.6397058823529411
0.41025641025641024
--------------------------------
top-5
0.3333333333333333
0.5
0.6428571428571429
0.6111111111111112
0.7222222222222222
0.7222222222222222
0.4642857142857143
0.6666666666666666
0.38095238095238093
0.7777777777777778
0.6428571428571429
0.47619047619047616
0.6428571428571429
0.7142857142857143
0.7777777777777778
0.6428571428571429
0.6944444444444444
0.47619047619047616
0.7777777777777778
0.7777777777777778
0.5
0.6388888888888888
0.6428571428571429
0.13333333333333333
0.7777777777777778
0.7222222222222222
0.7777777777777778
0.6071428571428571
0.5714285714285714
0.7222222222222222
0.42857142857142855
0.47619047619047616
0.7857142857142857
0.7142857142857143
0.6428571428571429
0.47619047619047616
0.7777777777777778
0.7142857142857143
0.5357142857142857
0.5714285714285714
0.7777777777777778
0.7777777777777778
0.42857142857142855
0.5714285714285714
0.5357142857142857
0.6111111111111112
0.7777777777777778
0.7777777777777778
0.75
0.6
0.6071428571428571
0.5714285714285714
0.5714285714285714
0.8214285714285714
0.3333333333333333
0.6428571428571429
0.75
0.7777777777777778
0.38095238095238093
0.7777777777777778
0.6666666666666666
0.6428571428571429
0.6428571428571429
0.7777777777777778
0.7777777777777778
0.47619047619047616
0.6190476190476191
0.7222222222222222
0.6428571428571429
0.42857142857142855
0.7222222222222222
0.26666666666666666
0.7142857142857143
0.4666666666666667
0.7222222222222222
0.42857142857142855
0.2
0.7777777777777778
0.6071428571428571
0.5
0.5333333333333333
0.6428571428571429
0.6944444444444444
0.7777777777777778
0.6428571428571429
0.5714285714285714
0.6
0.7777777777777778
0.38095238095238093
0.6944444444444444
0.7222222222222222
0.13333333333333333
0.42857142857142855
0.6388888888888888
0.6428571428571429
0.5238095238095238
0.6071428571428571
0.2857142857142857
0.6944444444444444
0.5714285714285714

Average50: 0.3500882404561941	Count: 100
Average10: 0.5315915432177041	Count: 100
Average5: 0.6086984126984128	Count: 100
