--------------------------------
top-50
0.29790209790209793
0.3012211668928087
0.35118525021949076
0.25171866737176096
0.44821347806422435
0.39185616076150187
0.3933531746031746
0.310359964881475
0.3533674339300938
0.40210711150131695
0.3423076923076923
0.26705446853516657
0.27035330261136714
0.3770491803278688
0.45311871227364187
0.3209325396825397
0.3522785458269329
0.2822420634920635
0.5066510172143975
0.5203219315895372
0.25806451612903225
0.313590692755156
0.3263888888888889
0.3717357910906298
0.3093601269169751
0.31387608806963646
0.3759920634920635
0.4343685300207039
0.41248016922263353
0.41220238095238093
0.2457627118644068
0.3950310559006211
0.4032395566922421
0.3103825136612022
0.3340649692712906
0.4070393374741201
0.30847457627118646
0.26284153005464483
0.3236047107014849
0.33193473193473194
0.34262295081967215
0.423963133640553
0.28869047619047616
0.4561018437225636
0.2402104032729398
0.4144522144522145
0.40721153846153846
0.48612836438923396
0.307103825136612
0.16767676767676767
0.38244047619047616
0.2569444444444444
0.4140845070422535
0.30414746543778803
0.29563492063492064
0.3717124488603156
0.39574853007688826
0.4640035118525022
0.31299603174603174
0.4013986013986014
0.3407925407925408
0.35813492063492064
0.43459174714661986
0.42857142857142855
0.43265132139812446
0.448692152917505
0.27444956477214544
0.3225988700564972
0.32403846153846155
0.26045197740112996
0.27128503437334744
0.3644230769230769
0.3846790890269151
0.2533051295610788
0.4429323968393327
0.28929851510496674
0.3317972350230415
0.35528846153846155
0.31346153846153846
0.43648763853367434
0.36607142857142855
0.27232142857142855
0.45034965034965035
0.4191256830601093
0.37596153846153846
0.22154882154882155
0.365445499773858
0.4492753623188406
0.2890710382513661
0.34613415258576546
0.4749608763693271
0.4444444444444444
0.2590885816692268
0.3229166666666667
0.41705790297339596
0.3146853146853147
0.3504807692307692
0.31253305129561076
0.38492063492063494
0.2616487455197133
--------------------------------
top-10
0.21818181818181817
0.2564102564102564
0.5054945054945055
0.32967032967032966
0.6339869281045751
0.5333333333333333
0.4835164835164835
0.4945054945054945
0.2948717948717949
0.5666666666666667
0.5416666666666666
0.42857142857142855
0.6176470588235294
0.4945054945054945
0.6544117647058824
0.580952380952381
0.5714285714285714
0.45714285714285713
0.7124183006535948
0.7631578947368421
0.42857142857142855
0.5523809523809524
0.47619047619047616
0.3076923076923077
0.6
0.5047619047619047
0.625
0.5333333333333333
0.5882352941176471
0.7333333333333333
0.4666666666666667
0.47435897435897434
0.6176470588235294
0.55
0.6095238095238096
0.42424242424242425
0.580952380952381
0.5238095238095238
0.42857142857142855
0.38461538461538464
0.6
0.5583333333333333
0.3956043956043956
0.6190476190476191
0.3333333333333333
0.6029411764705882
0.725
0.7134502923976608
0.5238095238095238
0.14545454545454545
0.44761904761904764
0.3956043956043956
0.49523809523809526
0.48484848484848486
0.2
0.3717948717948718
0.580952380952381
0.7279411764705882
0.25757575757575757
0.5808823529411765
0.5142857142857142
0.5583333333333333
0.6166666666666667
0.7516339869281046
0.6764705882352942
0.45714285714285713
0.41025641025641024
0.5274725274725275
0.5047619047619047
0.5512820512820513
0.44871794871794873
0.22727272727272727
0.580952380952381
0.44761904761904764
0.6583333333333333
0.3974358974358974
0.20512820512820512
0.5238095238095238
0.48717948717948717
0.6397058823529411
0.5
0.5333333333333333
0.6
0.673202614379085
0.4666666666666667
0.46153846153846156
0.2948717948717949
0.6985294117647058
0.3939393939393939
0.6043956043956044
0.6583333333333333
0.10606060606060606
0.4857142857142857
0.580952380952381
0.575
0.46153846153846156
0.5142857142857142
0.34065934065934067
0.41025641025641024
0.4175824175824176
--------------------------------
top-5
0.26666666666666666
0.3333333333333333
0.6944444444444444
0.3333333333333333
0.6071428571428571
0.6388888888888888
0.42857142857142855
0.6071428571428571
0.26666666666666666
0.5357142857142857
0.5714285714285714
0.4642857142857143
0.6944444444444444
0.6428571428571429
0.6666666666666666
0.6111111111111112
0.6666666666666666
0.42857142857142855
0.7777777777777778
0.7777777777777778
0.38095238095238093
0.6428571428571429
0.5357142857142857
0.13333333333333333
0.6666666666666666
0.6190476190476191
0.6428571428571429
0.5714285714285714
0.5714285714285714
0.7777777777777778
0.42857142857142855
0.42857142857142855
0.6428571428571429
0.5714285714285714
0.6666666666666666
0.5
0.75
0.5714285714285714
0.47619047619047616
0.4
0.6666666666666666
0.6428571428571429
0.47619047619047616
0.6666666666666666
0.6666666666666666
0.6111111111111112
0.7777777777777778
0.75
0.6071428571428571
0.2
0.5238095238095238
0.42857142857142855
0.6071428571428571
0.5714285714285714
0.3333333333333333
0.6190476190476191
0.6071428571428571
0.7777777777777778
0.3333333333333333
0.6666666666666666
0.6071428571428571
0.6785714285714286
0.7222222222222222
0.7777777777777778
0.7777777777777778
0.47619047619047616
0.5714285714285714
0.75
0.5357142857142857
0.6111111111111112
0.7222222222222222
0.13333333333333333
0.8214285714285714
0.4
0.8333333333333334
0.42857142857142855
0.1
0.7142857142857143
0.6071428571428571
0.75
0.6428571428571429
0.5714285714285714
0.6071428571428571
0.6944444444444444
0.5714285714285714
0.5714285714285714
0.5333333333333333
0.7777777777777778
0.38095238095238093
0.8571428571428571
0.7777777777777778
0.1
0.5238095238095238
0.6388888888888888
0.6428571428571429
0.7619047619047619
0.5
0.2857142857142857
0.6190476190476191
0.42857142857142855

Average50: 0.35343274048682666	Count: 100
Average10: 0.5026917819882217	Count: 100
Average5: 0.5702936507936507	Count: 100
