--------------------------------
top-20
0.27717391304347827
0.3717948717948718
0.060526315789473685
0.09736842105263158
0.2318840579710145
0.17894736842105263
0.16428571428571428
0.1763157894736842
0.31521739130434784
0.1341991341991342
0.2571428571428571
0.3
0.23333333333333334
0.5543478260869565
0.3839080459770115
0.20238095238095238
0.2789473684210526
0.26842105263157895
0.18461538461538463
0.18333333333333332
0.26842105263157895
0.1723076923076923
0.22631578947368422
0.22631578947368422
0.30626780626780625
0.1541501976284585
0.1277056277056277
0.45692307692307693
0.1541501976284585
0.2753846153846154
0.06521739130434782
0.1406926406926407
0.010526315789473684
0.35978835978835977
0.34833333333333333
0.34833333333333333
0.05844155844155844
0.12380952380952381
0.20923076923076922
0.15579710144927536
0.03333333333333333
0.36507936507936506
0.005263157894736842
0.3548387096774194
0.06521739130434782
0.005263157894736842
0.24769230769230768
0.35978835978835977
0.0
0.030952380952380953
0.015789473684210527
0.3783068783068783
0.4014778325123153
0.47419354838709676
0.4014778325123153
0.18307692307692308
0.11904761904761904
0.4031339031339031
0.4014778325123153
0.4014778325123153
0.46578947368421053
0.4014778325123153
0.34833333333333333
0.4014778325123153
0.005263157894736842
0.04329004329004329
0.32105263157894737
0.11428571428571428
0.28205128205128205
0.43846153846153846
0.18307692307692308
0.4014778325123153
0.16847826086956522
0.18307692307692308
0.0
0.3868421052631579
0.4014778325123153
0.45692307692307693
0.28205128205128205
0.14210526315789473
0.36333333333333334
0.18307692307692308
0.2606837606837607
0.05789473684210526
0.3862433862433862
0.2606837606837607
0.12681159420289856
0.13636363636363635
0.11904761904761904
0.17894736842105263
0.021052631578947368
0.2606837606837607
0.3448275862068966
0.04112554112554113
0.03684210526315789
0.12681159420289856
0.2642857142857143
0.04047619047619048
0.11052631578947368
0.030952380952380953
--------------------------------
top-10
0.46153846153846156
0.15151515151515152
0.09090909090909091
0.09848484848484848
0.34615384615384615
0.26282051282051283
0.32051282051282054
0.3241758241758242
0.5904761904761905
0.3181818181818182
0.4807692307692308
0.3791208791208791
0.4551282051282051
0.4934640522875817
0.17307692307692307
0.44696969696969696
0.5064102564102564
0.5064102564102564
0.2
0.4015151515151515
0.5064102564102564
0.17777777777777778
0.4358974358974359
0.4358974358974359
0.12121212121212122
0.3333333333333333
0.4
0.6503267973856209
0.3333333333333333
0.3333333333333333
0.022222222222222223
0.36363636363636365
0.022222222222222223
0.4095238095238095
0.2857142857142857
0.2857142857142857
0.06666666666666667
0.2
0.23636363636363636
0.26666666666666666
0.0
0.41208791208791207
0.0
0.1858974358974359
0.022222222222222223
0.0
0.12727272727272726
0.4095238095238095
0.0
0.022222222222222223
0.0
0.41208791208791207
0.3333333333333333
0.34285714285714286
0.3333333333333333
0.03636363636363636
0.18181818181818182
0.28095238095238095
0.3333333333333333
0.3333333333333333
0.6794871794871795
0.3333333333333333
0.2857142857142857
0.3333333333333333
0.0
0.0
0.5714285714285714
0.16363636363636364
0.12121212121212122
0.4375
0.03636363636363636
0.3333333333333333
0.3712121212121212
0.03636363636363636
0.0
0.3111111111111111
0.3333333333333333
0.6503267973856209
0.12121212121212122
0.3712121212121212
0.5882352941176471
0.03636363636363636
0.16666666666666666
0.17272727272727273
0.46794871794871795
0.16666666666666666
0.0
0.17424242424242425
0.18181818181818182
0.2
0.06666666666666667
0.16666666666666666
0.23626373626373626
0.0
0.022222222222222223
0.0
0.3516483516483517
0.044444444444444446
0.3712121212121212
0.022222222222222223
--------------------------------
top-5
0.6428571428571429
0.06666666666666667
0.1
0.0
0.5238095238095238
0.1
0.42857142857142855
0.13333333333333333
0.7555555555555555
0.42857142857142855
0.7666666666666667
0.5535714285714286
0.7083333333333334
0.35714285714285715
0.3
0.7083333333333334
0.6944444444444444
0.7083333333333334
0.3333333333333333
0.6805555555555556
0.7083333333333334
0.3333333333333333
0.6805555555555556
0.6805555555555556
0.0
0.6071428571428571
0.5892857142857143
0.5277777777777778
0.6071428571428571
0.5277777777777778
0.0
0.5892857142857143
0.1
0.4107142857142857
0.26666666666666666
0.26666666666666666
0.0
0.23333333333333334
0.5
0.4523809523809524
0.0
0.5277777777777778
0.0
0.0
0.0
0.0
0.2
0.4107142857142857
0.0
0.0
0.0
0.5277777777777778
0.6
0.23809523809523808
0.6
0.0
0.16666666666666666
0.0
0.6
0.6
0.5694444444444444
0.6
0.26666666666666666
0.6
0.0
0.0
0.5277777777777778
0.2
0.0
0.21428571428571427
0.0
0.6
0.2619047619047619
0.0
0.0
0.15
0.6
0.5277777777777778
0.0
0.2619047619047619
0.5138888888888888
0.0
0.0
0.3333333333333333
0.6388888888888888
0.0
0.0
0.1
0.16666666666666666
0.4666666666666667
0.3
0.0
0.0
0.0
0.1
0.0
0.16666666666666666
0.1
0.2619047619047619
0.0
--------------------------------
top-3
0.8
0.0
0.16666666666666666
0.0
0.7
0.16666666666666666
0.6666666666666666
0.0
0.7666666666666667
0.5
0.8
0.45
0.8
0.3333333333333333
0.5
0.8
0.7666666666666667
0.8
0.5
0.8
0.8
0.5
0.8
0.8
0.0
0.7
0.7
0.45
0.7
0.45
0.0
0.7
0.3333333333333333
0.3333333333333333
0.16666666666666666
0.16666666666666666
0.0
0.3333333333333333
0.6666666666666666
0.5
0.0
0.45
0.0
0.0
0.0
0.0
0.16666666666666666
0.3333333333333333
0.0
0.0
0.0
0.45
0.8333333333333334
0.0
0.8333333333333334
0.0
0.0
0.0
0.8333333333333334
0.8333333333333334
0.5
0.8333333333333334
0.16666666666666666
0.8333333333333334
0.0
0.0
0.45
0.16666666666666666
0.0
0.0
0.0
0.8333333333333334
0.16666666666666666
0.0
0.0
0.0
0.8333333333333334
0.45
0.0
0.3333333333333333
0.4
0.0
0.0
0.6666666666666666
0.7
0.0
0.0
0.4166666666666667
0.0
0.6666666666666666
1.0
0.0
0.0
0.0
0.3333333333333333
0.0
0.6666666666666666
0.0
0.3333333333333333
0.0

Average20: 0.2246680542166937	Var: 0.019270799803157733	Count: 100
Average10: 0.2558665280797634	Var: 0.032596196732423616	Count: 100
Average5: 0.3006984126984129	Var: 0.06831274288233796	Count: 100
Average3: 0.3489999999999999	Var: 0.10835455555555555	Count: 100
