--------------------------------
top-20
0.274703557312253
0.31403940886699505
0.1631578947368421
0.1956521739130435
0.2816666666666667
0.29051383399209485
0.2683333333333333
0.2246376811594203
0.32166666666666666
0.18831168831168832
0.2885375494071146
0.2816666666666667
0.2608695652173913
0.6068840579710145
0.2833333333333333
0.25296442687747034
0.2916666666666667
0.28804347826086957
0.1482213438735178
0.24110671936758893
0.28804347826086957
0.2076923076923077
0.2826086956521739
0.2826086956521739
0.3689655172413793
0.23157894736842105
0.23593073593073594
0.47044334975369456
0.23157894736842105
0.23376623376623376
0.12121212121212122
0.21861471861471862
0.042105263157894736
0.27705627705627706
0.3
0.31084656084656087
0.08095238095238096
0.16847826086956522
0.32336182336182334
0.22380952380952382
0.05714285714285714
0.25757575757575757
0.042105263157894736
0.3850806451612903
0.12121212121212122
0.02631578947368421
0.18379446640316205
0.27705627705627706
0.0
0.009523809523809525
0.015789473684210527
0.375
0.5594758064516129
0.6016806722689075
0.5594758064516129
0.19264069264069264
0.16847826086956522
0.6793650793650794
0.5594758064516129
0.5594758064516129
0.6631578947368421
0.5594758064516129
0.4021164021164021
0.5594758064516129
0.02631578947368421
0.11255411255411256
0.4367588932806324
0.48544973544973546
0.18840579710144928
0.4046153846153846
0.19264069264069264
0.5594758064516129
0.26268115942028986
0.19264069264069264
0.04285714285714286
0.3605263157894737
0.5594758064516129
0.5492610837438424
0.18840579710144928
0.18947368421052632
0.37681159420289856
0.19264069264069264
0.1956521739130435
0.12105263157894737
0.4646153846153846
0.1956521739130435
0.3201581027667984
0.2608695652173913
0.16798418972332016
0.2119047619047619
0.03684210526315789
0.1956521739130435
0.18666666666666668
0.045454545454545456
0.07792207792207792
0.3201581027667984
0.29285714285714287
0.06666666666666667
0.1631578947368421
0.009523809523809525
--------------------------------
top-10
0.4230769230769231
0.07272727272727272
0.1987179487179487
0.12727272727272726
0.358974358974359
0.3047619047619048
0.34615384615384615
0.20512820512820512
0.49166666666666664
0.3076923076923077
0.46703296703296704
0.34545454545454546
0.45604395604395603
0.6286549707602339
0.12727272727272726
0.4423076923076923
0.45714285714285713
0.48095238095238096
0.2878787878787879
0.4423076923076923
0.48095238095238096
0.30303030303030304
0.49047619047619045
0.49047619047619045
0.2
0.47435897435897434
0.45054945054945056
0.6166666666666667
0.47435897435897434
0.20454545454545456
0.11363636363636363
0.45054945054945056
0.15555555555555556
0.36666666666666664
0.32727272727272727
0.32727272727272727
0.14545454545454545
0.3409090909090909
0.35714285714285715
0.45054945054945056
0.01818181818181818
0.2196969696969697
0.0
0.2803030303030303
0.11363636363636363
0.08888888888888889
0.4423076923076923
0.36666666666666664
0.0
0.022222222222222223
0.3076923076923077
0.4935897435897436
0.4889705882352941
0.5625
0.4889705882352941
0.38636363636363635
0.391025641025641
0.6421052631578947
0.4889705882352941
0.4889705882352941
0.6666666666666666
0.4889705882352941
0.4423076923076923
0.4889705882352941
0.08888888888888889
0.07575757575757576
0.6286764705882353
0.6535947712418301
0.4015151515151515
0.44583333333333336
0.38636363636363635
0.4889705882352941
0.45054945054945056
0.38636363636363635
0.16363636363636364
0.3
0.4889705882352941
0.7287581699346405
0.4015151515151515
0.38636363636363635
0.5882352941176471
0.38636363636363635
0.3560606060606061
0.2196969696969697
0.5761904761904761
0.3560606060606061
0.2857142857142857
0.25
0.391025641025641
0.18181818181818182
0.13333333333333333
0.3560606060606061
0.29545454545454547
0.0
0.12727272727272726
0.2857142857142857
0.38095238095238093
0.13333333333333333
0.49242424242424243
0.022222222222222223
--------------------------------
top-5
0.5357142857142857
0.0
0.06666666666666667
0.3
0.5238095238095238
0.0
0.5333333333333333
0.06666666666666667
0.44642857142857145
0.2857142857142857
0.6428571428571429
0.625
0.6428571428571429
0.5416666666666666
0.5
0.6428571428571429
0.48214285714285715
0.5714285714285714
0.3333333333333333
0.6428571428571429
0.5714285714285714
0.38095238095238093
0.5714285714285714
0.5714285714285714
0.4
0.7222222222222222
0.5714285714285714
0.6388888888888888
0.7222222222222222
0.23809523809523808
0.1
0.5714285714285714
0.13333333333333333
0.4
0.6666666666666666
0.6666666666666666
0.26666666666666666
0.35714285714285715
0.5
0.5714285714285714
0.0
0.35714285714285715
0.0
0.38095238095238093
0.1
0.4
0.7222222222222222
0.4
0.0
0.0
0.19047619047619047
0.6666666666666666
0.40476190476190477
0.6527777777777778
0.40476190476190477
0.5714285714285714
0.35714285714285715
0.6666666666666666
0.40476190476190477
0.40476190476190477
0.5972222222222222
0.40476190476190477
0.6071428571428571
0.40476190476190477
0.4
0.0
0.7111111111111111
0.6111111111111112
0.6785714285714286
0.2619047619047619
0.5714285714285714
0.40476190476190477
0.4107142857142857
0.5714285714285714
0.4666666666666667
0.15
0.40476190476190477
0.7333333333333333
0.6785714285714286
0.30952380952380953
0.5277777777777778
0.5714285714285714
0.5238095238095238
0.3333333333333333
0.7111111111111111
0.5238095238095238
0.3
0.1
0.35714285714285715
0.36666666666666664
0.26666666666666666
0.5238095238095238
0.6428571428571429
0.0
0.3
0.3
0.26666666666666666
0.3333333333333333
0.4107142857142857
0.0
--------------------------------
top-3
0.6
0.0
0.0
0.5
0.7
0.0
0.7
0.0
0.3333333333333333
0.16666666666666666
0.8
0.65
0.8
0.55
0.6666666666666666
0.8
0.5
0.7
0.3333333333333333
0.8
0.7
0.3333333333333333
0.7
0.7
0.6666666666666666
0.8
0.7
0.65
0.8
0.0
0.3333333333333333
0.7
0.16666666666666666
0.6666666666666666
0.7
0.7
0.3333333333333333
0.16666666666666666
0.6666666666666666
0.7
0.0
0.5
0.5
0.3333333333333333
0.3333333333333333
0.6666666666666666
0.8
0.6666666666666666
0.0
0.0
0.0
0.7
0.5
0.7
0.5
0.7
0.16666666666666666
0.7
0.5
0.5
0.5
0.5
0.75
0.5
0.6666666666666666
0.0
0.7
0.7666666666666667
0.8
0.3333333333333333
0.7
0.5
0.16666666666666666
0.7
0.6666666666666666
0.0
0.5
0.7666666666666667
0.8
0.6666666666666666
0.45
0.7
0.7
0.5
0.7
0.7
0.6666666666666666
0.4166666666666667
0.16666666666666666
0.4166666666666667
0.5
0.7
0.8
0.0
0.5
0.6666666666666666
0.6666666666666666
0.5
0.16666666666666666
0.0

Average20: 0.268343012022955	Var: 0.02632976820236664	Count: 100
Average10: 0.3486331367720687	Var: 0.029041856220183057	Count: 100
Average5: 0.4182619047619048	Var: 0.04398378048626861	Count: 100
Average3: 0.5045	Var: 0.06679919444444427	Count: 100
