--------------------------------
top-20
0.4367588932806324
0.058823529411764705
0.16666666666666666
0.2619047619047619
0.25526315789473686
0.125
0.25526315789473686
0.2619047619047619
0.4985754985754986
0.38311688311688313
0.40923076923076923
0.3090909090909091
0.40923076923076923
0.05
0.05
0.40923076923076923
0.4700854700854701
0.49715099715099714
0.4407114624505929
0.40923076923076923
0.49715099715099714
0.4407114624505929
0.49145299145299143
0.49145299145299143
0.25526315789473686
0.40615384615384614
0.49572649572649574
0.0625
0.40615384615384614
0.3078947368421053
0.5
0.5052910052910053
0.2857142857142857
0.2785714285714286
0.21578947368421053
0.21578947368421053
NaN
0.1394736842105263
0.3090909090909091
0.5211640211640212
0.05
0.3078947368421053
0.0
0.3593073593073593
0.5
0.125
0.48307692307692307
0.2785714285714286
0.3333333333333333
NaN
0.14047619047619048
0.3078947368421053
0.5430769230769231
0.2878787878787879
0.5430769230769231
0.594017094017094
0.14210526315789473
0.3225108225108225
0.5430769230769231
0.5430769230769231
0.5105105105105106
0.5598290598290598
0.2131578947368421
0.5430769230769231
0.125
0.25
0.125
0.2878787878787879
0.5123076923076924
0.14210526315789473
0.594017094017094
0.5430769230769231
0.14102564102564102
0.594017094017094
0.07142857142857142
0.5
0.5430769230769231
0.0625
0.5123076923076924
0.21978021978021978
0.13421052631578947
0.594017094017094
0.5413105413105413
0.0
0.30238095238095236
0.5213675213675214
0.5105105105105106
0.19736842105263158
0.09473684210526316
0.0
0.23809523809523808
0.5413105413105413
0.5184615384615384
0.0
0.14285714285714285
0.5105105105105106
0.24761904761904763
NaN
0.23626373626373626
NaN
--------------------------------
top-10
0.6333333333333333
0.1
0.16666666666666666
0.2619047619047619
0.5075757575757576
0.125
0.5075757575757576
0.2619047619047619
0.5882352941176471
0.5879120879120879
0.4696969696969697
0.32222222222222224
0.4696969696969697
0.1
0.1
0.4696969696969697
0.5583333333333333
0.5541666666666667
0.6714285714285714
0.4696969696969697
0.6066176470588235
0.6208791208791209
0.5708333333333333
0.5708333333333333
0.553030303030303
0.5454545454545454
0.5686274509803921
0.1
0.5454545454545454
0.4166666666666667
0.5
0.5915032679738562
0.2857142857142857
0.49242424242424243
0.5151515151515151
0.5151515151515151
NaN
0.35454545454545455
0.32222222222222224
0.5769230769230769
0.2636363636363636
0.4166666666666667
0.0
0.6153846153846154
0.5
0.125
0.49523809523809526
0.49242424242424243
0.3333333333333333
NaN
0.2636363636363636
0.4551282051282051
0.5958333333333333
0.5227272727272727
0.5958333333333333
0.6125
0.36363636363636365
0.5576923076923077
0.5958333333333333
0.5958333333333333
0.5147058823529411
0.5992647058823529
0.42727272727272725
0.5958333333333333
0.125
0.25
0.125
0.4621212121212121
0.5784313725490197
0.36363636363636365
0.6125
0.5958333333333333
0.17777777777777778
0.6125
0.1
0.5
0.5958333333333333
0.1
0.5257352941176471
0.5384615384615384
0.5192307692307693
0.6125
0.5294117647058824
0.0
0.532051282051282
0.5
0.5147058823529411
0.5952380952380952
0.17777777777777778
0.0
0.23809523809523808
0.5294117647058824
0.5228758169934641
0.0
0.14285714285714285
0.5147058823529411
0.5714285714285714
NaN
0.5075757575757576
NaN
--------------------------------
top-5
0.6666666666666666
0.2
0.2
0.35
0.4523809523809524
0.4666666666666667
0.4523809523809524
0.35
0.6444444444444445
0.6388888888888888
0.5
0.5714285714285714
0.5
0.2
0.2
0.5952380952380952
0.6444444444444445
0.6555555555555556
0.6944444444444444
0.5
0.6555555555555556
0.6944444444444444
0.6555555555555556
0.6555555555555556
0.5357142857142857
0.6964285714285714
0.5555555555555556
0.2
0.5952380952380952
0.6428571428571429
0.5
0.6555555555555556
0.3
0.5
0.5416666666666666
0.6333333333333333
NaN
0.4666666666666667
0.5714285714285714
0.5
0.4666666666666667
0.5
0.0
0.625
0.5
0.2
0.6785714285714286
0.5
0.3333333333333333
NaN
0.4666666666666667
0.4666666666666667
0.5555555555555556
0.6964285714285714
0.5555555555555556
0.6527777777777778
0.5952380952380952
0.6607142857142857
0.5555555555555556
0.5555555555555556
0.5555555555555556
0.5555555555555556
0.5555555555555556
0.5555555555555556
0.2
0.25
0.3333333333333333
0.5952380952380952
0.6527777777777778
0.5952380952380952
0.6527777777777778
0.5555555555555556
0.5333333333333333
0.6527777777777778
0.2
0.5
0.5555555555555556
0.2
0.6527777777777778
0.6111111111111112
0.6428571428571429
0.6527777777777778
0.5555555555555556
0.0
0.3333333333333333
0.5357142857142857
0.5555555555555556
0.5555555555555556
0.3
0.0
0.3
0.5357142857142857
0.5555555555555556
0.0
0.4666666666666667
0.5555555555555556
0.6111111111111112
NaN
0.6607142857142857
NaN
--------------------------------
top-3
0.7
0.3333333333333333
0.3333333333333333
0.5
0.5
0.6666666666666666
0.5
0.5
0.6666666666666666
0.75
0.4166666666666667
0.7
0.4166666666666667
0.3333333333333333
0.3333333333333333
0.75
0.6666666666666666
0.7
0.7
0.55
0.7
0.7
0.6666666666666666
0.6666666666666666
0.6666666666666666
0.6666666666666666
0.6666666666666666
0.6666666666666666
0.6666666666666666
0.75
0.5
0.7
0.5
0.5
0.55
0.7
NaN
0.3333333333333333
0.6
0.6666666666666666
0.6666666666666666
0.5833333333333334
0.0
0.7
0.5
0.3333333333333333
0.6666666666666666
0.5
0.3333333333333333
NaN
0.6666666666666666
0.6666666666666666
0.6
0.6666666666666666
0.6
0.6
0.55
0.7
0.6
0.6
0.6
0.6
0.6
0.6
0.6666666666666666
0.3333333333333333
0.5
0.6666666666666666
0.75
0.55
0.6
0.6
0.6666666666666666
0.6
0.6666666666666666
0.5
0.6
0.6666666666666666
0.75
0.6
0.6
0.6
0.6
0.0
0.5
0.6
0.6
0.6
0.3333333333333333
0.0
0.6666666666666666
0.6
0.6
0.0
0.6666666666666666
0.6
0.6
NaN
0.6
NaN

Average20: 0.33091744641425375	Var: 0.031338491407451166	Count: 96
Average10: 0.42692905627188726	Var: 0.03473366279784687	Count: 96
Average5: 0.4935598544973548	Var: 0.03046601880448005	Count: 96
Average3: 0.5656250000000002	Var: 0.02582067418981432	Count: 96
