12392	2030
13412	2197
14574	2409
11648	1918
2532	408
2698	436
2887	468
1129	180
13411	2197
12391	2030
11649	1918
2886	468
2699	436
10488	1744
13414	2197
12390	2030
10838	1805
6844	1134
2885	468
10839	1805
13413	2197
6845	1134
12396	2030
17125	2818
17126	2818
10836	1805
3806	623
9700	1591
12395	2030
2695	436
10837	1805
17127	2818
2351	373
9701	1591
3079	497
13410	2197
12394	2030
5794	968
17128	2818
10834	1805
10212	1695
2696	436
3804	623
2352	373
3516	582
12393	2030
17129	2818
10835	1805
2697	436
3805	623
10213	1695
3517	582
10309	1715
2353	373
3802	623
17121	2818
3803	623
9691	1589
17122	2818
17123	2818
3801	623
16615	2736
17124	2818
3800	623
11685	1921
5657	939
5656	939
905	139
9690	1589
2121	326
2534	408
14730	2440
11683	1921
11684	1921
2120	326
906	139
5658	939
2533	408
17120	2818
1280	209
16985	2795
15795	2602
11682	1921
14542	2400
17265	2845
16812	2766
2114	326
11306	1866
5323	890
10525	1753
16984	2795
17266	2845
11681	1921
14543	2400
1281	209
15794	2602
16813	2766
14686	2429
2115	326
5322	890
10526	1753
15359	2544
3789	618
14540	2400
1282	209
11680	1921
17263	2845
16983	2795
14687	2429
10523	1753
5321	890
14688	2429
14541	2400
1283	209
16982	2795
17264	2845
16811	2766
1471	241
2113	326
10524	1753
17269	2845
1284	209
1285	209
15356	2544
5327	890
13463	2206
2118	326
5326	890
15355	2544
2119	326
16987	2795
17267	2845
15358	2544
5325	890
11650	1918
2116	326
16986	2795
12048	1977
17268	2845
15357	2544
5324	890
2117	326
6853	1138
10215	1695
11652	1918
13407	2197
15352	2544
1476	241
10480	1744
12047	1977
12387	2030
4227	701
11651	1918
10214	1695
13408	2197
15351	2544
1477	241
10481	1744
12046	1977
12388	2030
5829	974
10217	1695
11654	1918
4226	701
1130	180
5919	990
13409	2197
1478	241
15354	2544
10482	1744
12385	2030
12045	1977
10216	1695
11653	1918
4225	701
5918	990
1479	241
10483	1744
15353	2544
12386	2030
5917	990
10219	1695
14546	2400
208	27
1472	241
10484	1744
5916	990
11693	1923
11895	1955
11655	1918
209	27
10218	1695
9812	1613
1473	241
10485	1744
10486	1744
5915	990
9811	1613
12389	2030
14544	2400
5997	1000
15350	2544
1474	241
10487	1744
4492	743
9810	1613
14545	2400
14875	2472
1475	241
15251	2534
14879	2472
5922	990
8468	1423
11691	1923
14493	2394
10220	1695
5581	924
15250	2534
14878	2472
5923	990
7679	1287
11692	1923
8469	1423
10221	1695
9689	1589
5580	924
5924	990
14877	2472
3900	639
9688	1589
5925	990
13423	2197
14876	2472
11690	1923
9687	1589
13422	2197
12382	2030
14710	2438
14813	2462
14099	2326
10224	1695
4440	735
9686	1589
12381	2030
13421	2197
8465	1423
14711	2438
10225	1695
4441	735
15254	2534
9685	1589
13420	2197
5920	990
12384	2030
14729	2440
9684	1589
10222	1695
15253	2534
8466	1423
1591	254
12383	2030
15252	2534
5921	990
10223	1695
9683	1589
8467	1423
5328	890
3131	511
2036	311
10318	1715
11310	1868
16656	2741
10317	1715
3130	511
16657	2741
13637	2244
5329	890
2034	311
16658	2741
17133	2818
10319	1715
2035	311
3132	511
16659	2741
17134	2818
15796	2602
10314	1715
17131	2818
16815	2766
15797	2602
2033	311
10313	1715
17132	2818
16814	2766
10014	1649
2273	354
15798	2602
10316	1715
13393	2191
4221	699
16654	2741
14494	2394
10315	1715
17130	2818
4220	699
16816	2766
8070	1346
16655	2741
10581	1760
5654	939
210	27
1482	241
5333	890
11138	1840
5655	939
10580	1760
1483	241
211	27
10310	1715
5332	890
15349	2544
11137	1840
10583	1760
15348	2544
5335	890
12752	2083
1480	241
10311	1715
14709	2438
11136	1840
11134	1840
10582	1760
5334	890
1481	241
15347	2544
10312	1715
14708	2438
11135	1840
3231	523
214	27
8071	1347
11133	1840
6604	1098
11990	1970
13687	2247
15346	2544
5337	890
215	27
5343	892
11132	1840
11991	1970
5336	890
13688	2247
15345	2544
7101	1189
212	27
13689	2247
264	33
7680	1287
15344	2544
5339	890
15343	2544
7102	1189
213	27
11689	1923
9809	1613
6603	1098
265	33
5338	890
266	33
3905	639
849	128
4218	699
6909	1153
11642	1918
14096	2326
11994	1970
6879	1142
11688	1923
1413	227
218	27
15342	2544
3906	639
4219	699
7100	1189
14095	2326
11995	1970
11641	1918
11687	1923
219	27
14094	2326
15341	2544
267	33
3907	639
13419	2197
3251	530
8092	1354
11992	1970
14098	2326
216	27
3084	497
1411	227
6877	1142
3908	639
268	33
1488	241
3250	530
6878	1142
8093	1354
11993	1970
14097	2326
217	27
1412	227
3909	639
1489	241
5584	924
14707	2438
3082	497
3499	580
3253	530
13417	2197
11998	1970
5927	990
3901	639
1486	241
14831	2465
6875	1142
14091	2326
11647	1918
14706	2438
5585	924
3083	497
3252	530
5926	990
3902	639
13418	2197
11999	1970
1487	241
14172	2334
6876	1142
14090	2326
11646	1918
3080	497
5582	924
11996	1970
14705	2438
5331	890
11644	1918
5929	990
3903	639
1484	241
14171	2334
5174	864
13415	2197
14093	2326
11645	1918
6873	1142
5583	924
3081	497
5330	890
11643	1918
11997	1970
5928	990
8323	1401
3904	639
1485	241
14170	2334
13416	2197
14092	2326
6874	1142
9738	1601
4217	699
8916	1485
5104	845
11854	1947
7705	1291
4216	699
9739	1601
14949	2481
8917	1485
8096	1354
5105	845
9992	1646
7706	1291
11851	1947
4282	712
8095	1354
13806	2273
7707	1291
11852	1947
4215	699
4283	712
9737	1601
8094	1354
15060	2496
7708	1291
11309	1868
4214	699
11853	1947
16353	2699
11989	1970
4213	699
2622	417
5108	845
11308	1868
9504	1563
7701	1291
5749	963
11988	1970
2621	417
4212	699
9503	1563
5109	845
7702	1291
3296	538
4211	699
7703	1291
5106	845
9991	1646
3297	538
4210	699
5107	845
9990	1646
7704	1291
15763	2597
4263	709
14271	2359
8955	1490
8470	1423
3298	538
5746	963
14237	2348
10328	1715
17219	2832
13694	2247
14272	2359
12026	1973
15762	2597
8471	1423
3299	538
5745	963
10327	1715
13693	2247
14273	2359
8953	1490
15761	2597
5509	911
5748	963
10326	1715
11891	1954
13734	2253
13692	2247
14274	2359
8029	1337
15760	2597
8954	1490
4380	727
10325	1715
5747	963
13691	2247
7709	1291
4381	727
1784	277
5507	911
11893	1954
15767	2597
3230	523
13690	2247
5319	888
9359	1551
10768	1792
5742	963
14006	2310
5508	911
15766	2597
4382	727
5318	888
5741	963
11892	1954
14963	2485
14007	2310
1786	277
4383	727
15765	2597
15919	2618
14948	2481
5744	963
11894	1954
14270	2359
5506	911
1785	277
4262	709
4384	727
15764	2597
15918	2618
7410	1243
5743	963
10769	1792
10329	1715
5578	924
16232	2668
2467	394
3874	637
4374	727
4108	671
15916	2618
10562	1759
10754	1788
5579	924
16231	2668
2468	394
5750	963
4373	727
10561	1759
4107	671
15917	2618
13699	2247
5751	963
16234	2668
4376	727
15914	2618
10752	1788
16233	2668
5752	963
4375	727
15915	2618
10563	1759
4109	671
6880	1142
10753	1788
4379	727
15059	2496
8982	1493
15911	2618
7404	1243
13697	2247
10323	1715
3225	523
220	27
15810	2604
6881	1142
10771	1792
4378	727
5200	869
15912	2618
8981	1493
13698	2247
10324	1715
3226	523
221	27
15811	2604
6882	1142
10772	1792
16000	2632
15913	2618
4377	727
14275	2359
7406	1243
13695	2247
5201	869
16230	2668
10321	1715
5510	911
222	27
10320	1715
15812	2604
7405	1243
15910	2618
10322	1715
13696	2247
15813	2604
8030	1337
3224	523
10620	1766
15814	2604
3229	523
2625	417
7408	1243
14717	2438
9743	1601
9989	1646
15815	2604
2626	417
9742	1601
14716	2438
4902	807
7407	1243
7700	1291
15816	2604
11236	1856
3227	523
2623	417
9741	1601
3228	523
10770	1792
11235	1856
15817	2604
2624	417
9740	1601
379	57
7409	1243
3831	627
10750	1788
14713	2438
4104	671
16236	2668
15047	2494
4905	807
11850	1947
4103	671
3830	627
10751	1788
14712	2438
4906	807
16235	2668
15046	2494
4209	699
4106	671
14715	2438
4903	807
15045	2494
4105	671
14714	2438
4904	807
15044	2494
9748	1601
7719	1291
7938	1325
9987	1645
5493	908
9749	1601
5492	908
4848	796
7937	1325
4847	796
5491	908
7717	1291
9988	1645
4846	796
7939	1325
7718	1291
5490	908
10479	1744
17221	2832
80	17
3921	640
9744	1601
7934	1325
7715	1291
10478	1744
3920	640
9745	1601
7933	1325
7716	1291
9746	1601
7936	1325
7713	1291
9747	1601
7403	1242
17220	2832
7714	1291
7935	1325
11847	1947
11848	1947
12238	2002
7930	1325
2756	444
15058	2496
10520	1753
10749	1788
9365	1551
3828	627
12237	2002
11849	1947
15147	2522
15057	2496
10748	1788
3829	627
17270	2845
9364	1551
16980	2795
15444	2556
7932	1325
82	17
9367	1551
10840	1805
14970	2485
10522	1753
15056	2496
11033	1827
16981	2795
12239	2002
7931	1325
81	17
14971	2485
14953	2481
9366	1551
10521	1753
10841	1805
15055	2496
4371	727
14972	2485
15054	2496
10842	1805
9369	1551
4372	727
4130	677
2759	444
15053	2496
9368	1551
2469	394
2758	444
4131	677
5495	908
2757	444
5494	908
4370	727
3078	496
2477	394
79	17
14965	2485
3821	627
16965	2793
388	60
6445	1072
5684	949
16975	2795
7614	1274
14269	2359
2478	394
5740	963
14964	2485
387	60
16974	2795
7413	1243
7615	1274
77	17
3823	627
1787	277
3918	640
6447	1072
14967	2485
14268	2359
7412	1243
16977	2795
7612	1274
10518	1753
1788	277
3919	640
14966	2485
78	17
6446	1072
389	60
3822	627
7411	1243
14267	2359
16976	2795
7613	1274
1302	212
14951	2481
9360	1551
3825	627
2473	394
4369	727
14969	2485
14952	2481
1303	212
3824	627
9361	1551
2474	394
14968	2485
9362	1551
1300	212
3827	627
2475	394
7616	1274
16973	2795
386	60
3826	627
14950	2481
1301	212
9363	1551
2476	394
385	60
7712	1291
12633	2075
9753	1601
3912	640
2470	394
12632	2075
7711	1291
16229	2668
3913	640
9752	1601
850	129
12635	2075
7710	1291
2471	394
16228	2668
12636	2075
12634	2075
2472	394
3911	640
9754	1601
16227	2668
16979	2795
3916	640
4844	796
10519	1753
16226	2668
14230	2343
16978	2795
3219	521
4845	796
15809	2604
3917	640
12637	2075
16225	2668
14231	2343
8289	1391
851	129
3914	640
16224	2668
9751	1601
16964	2793
4843	796
3915	640
16223	2668
9750	1601
73	17
5765	963
688	105
10079	1664
198	26
6062	1015
415	66
8590	1438
15874	2608
2479	395
5766	963
199	26
689	105
74	17
8860	1476
13749	2258
6061	1015
15192	2529
196	26
75	17
417	66
16718	2753
8592	1438
6060	1015
14839	2466
13748	2258
15193	2529
76	17
416	66
197	26
13746	2258
5485	908
8591	1438
13747	2258
14838	2466
15194	2529
5666	943
6066	1015
8557	1437
9378	1551
10075	1664
15195	2529
5665	943
1730	270
5009	827
16263	2674
194	26
8594	1438
5486	908
17029	2806
195	26
11400	1884
6065	1015
70	17
9379	1551
10076	1664
15197	2529
8556	1437
15196	2529
1731	270
8593	1438
17028	2806
5664	943
5487	908
6064	1015
9376	1551
5488	908
13288	2176
10077	1664
15198	2529
8555	1437
71	17
1732	270
17027	2806
5663	943
192	26
8596	1438
6063	1015
5489	908
9377	1551
10078	1664
15199	2529
72	17
1733	270
5662	943
8595	1438
193	26
9985	1644
6089	1019
14833	2466
1734	270
16326	2686
12341	2021
2760	444
12049	1978
11403	1884
6088	1019
8597	1438
14832	2466
12340	2021
16327	2686
11404	1884
1957	300
15748	2597
16324	2686
12343	2021
11401	1884
15604	2576
1956	300
9986	1644
16325	2686
1199	199
12342	2021
15749	2597
11402	1884
16322	2686
1189	195
12345	2021
3302	539
14837	2466
1955	300
419	66
15602	2576
12344	2021
13965	2306
1954	300
16323	2686
15747	2597
14836	2466
15603	2576
418	66
3303	539
1187	195
1953	300
14835	2466
6087	1019
11405	1884
15600	2576
1952	300
1188	195
14834	2466
15601	2576
6809	1126
11899	1957
14155	2332
9139	1516
15631	2582
15996	2629
6254	1046
14016	2312
4182	689
14154	2332
9138	1516
9634	1578
14153	2332
14017	2312
4183	689
6253	1046
15994	2629
6808	1126
14018	2312
11898	1957
14152	2332
6252	1046
15995	2629
7720	1291
11484	1895
6251	1046
15991	2629
14019	2312
15992	2629
7721	1291
15635	2582
11483	1895
6250	1046
15993	2629
7722	1291
14158	2332
15634	2582
12900	2115
15633	2582
14157	2332
9137	1516
10608	1766
11485	1895
14156	2332
15990	2629
15632	2582
9136	1516
10607	1766
191	26
12132	1989
13289	2176
8857	1476
9375	1551
190	26
8380	1409
12133	1989
69	17
9374	1551
8856	1476
13741	2258
12134	1989
8558	1437
420	66
8855	1476
9373	1551
12135	1989
8559	1437
421	66
13926	2297
9372	1551
10080	1664
12136	1989
66	17
9371	1551
13744	2258
4973	821
13141	2156
4974	821
65	17
9370	1551
11968	1965
13745	2258
12137	1989
12000	1970
68	17
13742	2258
4975	821
10082	1664
8859	1476
12138	1989
10081	1664
4976	821
67	17
13743	2258
8858	1476
12139	1989
63	17
698	105
5755	963
13296	2176
2639	422
15752	2597
8378	1409
6072	1015
64	17
5756	963
699	105
11345	1875
13295	2176
15753	2597
8377	1409
4979	821
6071	1015
4978	821
16728	2753
61	17
13294	2176
5753	963
15754	2597
8376	1409
11095	1836
4977	821
187	26
16727	2753
13293	2176
62	17
5754	963
15755	2597
8375	1409
11096	1836
16726	2753
5759	963
4698	778
11219	1850
17039	2806
1949	300
4279	712
11093	1836
8374	1409
5894	984
13299	2176
60	17
8983	1493
16725	2753
17038	2806
11094	1836
4278	712
5895	984
6960	1157
8373	1409
16724	2753
5708	957
4179	687
13298	2176
5757	963
11217	1850
15552	2573
15750	2597
5896	984
6961	1157
8372	1409
5709	957
16723	2753
13297	2176
5758	963
11218	1850
15553	2573
15751	2597
6962	1157
8371	1409
8062	1342
13213	2166
8061	1342
3713	607
11481	1895
11215	1850
10184	1687
13938	2302
16722	2753
5706	957
690	105
13212	2166
8060	1342
8072	1348
3712	607
16820	2768
16821	2768
11482	1895
13937	2302
11216	1850
5707	957
691	105
16721	2753
13211	2166
10609	1766
3716	607
7091	1185
16822	2768
13936	2302
5892	984
5704	957
692	105
16720	2753
11213	1850
13210	2166
5893	984
3714	607
6846	1135
14060	2318
13373	2187
3715	607
16823	2768
11214	1850
5705	957
693	105
11480	1895
13371	2187
15756	2597
4907	807
694	105
12866	2111
15041	2494
13292	2176
3718	607
14061	2318
13372	2187
188	26
15757	2597
12868	2111
8949	1490
4908	807
695	105
12867	2111
11212	1850
15650	2585
13291	2176
3717	607
7090	1185
15030	2491
189	26
6070	1015
15758	2597
12869	2111
4909	807
696	105
15043	2494
13290	2176
13214	2166
15759	2597
8379	1409
3719	607
697	105
15042	2494
5711	957
15426	2552
4916	807
463	74
13802	2273
7600	1272
10616	1766
13427	2198
11478	1895
5710	957
11477	1895
4915	807
15425	2552
12874	2111
462	74
6959	1157
13803	2273
15768	2598
10615	1766
13426	2198
11476	1895
15428	2552
4280	712
461	74
1950	300
13804	2273
13425	2198
3405	558
10614	1766
15908	2616
15427	2552
11475	1895
4281	712
460	74
2196	335
10613	1766
1951	300
13805	2273
13424	2198
3404	558
15907	2616
14954	2482
11153	1842
12871	2111
4912	807
4980	821
11154	1842
12870	2111
4911	807
16824	2768
10619	1766
12873	2111
15920	2618
4914	807
2269	352
3710	607
10618	1766
12872	2111
11152	1842
4913	807
2268	352
3711	607
10617	1766
13798	2269
17034	2806
6952	1157
12283	2012
6067	1015
3515	581
13750	2258
15922	2618
5760	963
2064	319
10074	1664
12282	2012
2267	352
17035	2806
6951	1157
12284	2012
8950	1490
13751	2258
59	17
6068	1015
15921	2618
10073	1664
2063	319
2266	352
12285	2012
6954	1157
17036	2806
7430	1248
8951	1490
4910	807
6069	1015
13752	2258
58	17
15420	2552
2062	319
4981	821
10072	1664
12286	2012
17037	2806
6953	1157
8952	1490
3514	581
13753	2258
57	17
10071	1664
15923	2618
9380	1551
15906	2616
16496	2718
17255	2841
6956	1157
17030	2806
10070	1664
10612	1766
5764	963
11349	1875
15422	2552
56	17
13754	2258
9381	1551
16497	2718
15905	2616
6955	1157
10611	1766
17031	2806
15421	2552
5763	963
11348	1875
55	17
13755	2258
15904	2616
10610	1766
17032	2806
11347	1875
6958	1157
7768	1299
5762	963
15424	2552
13756	2258
54	17
16719	2753
8521	1430
15903	2616
17256	2841
13758	2258
11479	1895
17033	2806
6957	1157
11346	1875
15423	2552
5761	963
7769	1299
9382	1551
53	17
13757	2258
8520	1430
16667	2741
11350	1875
6888	1143
16666	2741
6950	1157
11351	1875
7772	1299
6889	1143
11139	1840
16665	2741
812	118
6886	1143
7771	1299
10784	1795
16664	2741
10790	1796
14059	2318
10667	1775
813	118
6887	1143
7770	1299
10785	1795
11640	1917
4230	703
10786	1795
810	118
10666	1775
5117	848
4231	703
10787	1795
811	118
10665	1775
5118	848
13941	2302
4818	794
4031	656
10788	1795
4232	703
1458	239
4819	794
13940	2302
16948	2789
4233	703
5712	957
13944	2302
13943	2302
4816	794
4922	810
2641	422
10441	1737
5713	957
14089	2326
4181	688
4817	794
13942	2302
4921	810
2640	422
1715	270
14088	2326
5714	957
14169	2334
13205	2166
1716	270
4814	794
14168	2334
1410	227
13204	2166
1717	270
4815	794
4434	734
9978	1641
4812	794
6884	1143
12130	1988
16663	2741
4435	734
9979	1641
12131	1988
4813	794
6885	1143
16662	2741
4436	734
14673	2426
9830	1615
4810	794
4924	810
2643	422
16661	2741
10089	1667
12859	2111
4180	688
4437	734
4923	810
2642	422
4811	794
16660	2741
6883	1143
4438	734
1404	227
6537	1084
1996	306
8518	1430
10088	1667
10682	1780
13939	2302
12861	2111
1403	227
7179	1204
9663	1585
4439	734
6538	1084
1995	306
8517	1430
10087	1667
10683	1780
15478	2562
12860	2111
9981	1641
9715	1596
6539	1084
10086	1667
1406	227
8516	1430
1998	306
10085	1667
9980	1641
1405	227
1997	306
8515	1430
10681	1780
13206	2166
13207	2166
12865	2111
9982	1641
13208	2166
6949	1157
12864	2111
1999	306
11820	1939
13501	2212
11140	1840
6948	1157
13209	2166
12863	2111
5020	827
13500	2212
8519	1430
11141	1840
12862	2111
6947	1157
4235	703
2883	467
6946	1157
453	74
11225	1852
11142	1840
13503	2212
4234	703
2884	467
4876	803
11224	1852
11143	1840
13876	2285
6945	1157
13502	2212
15929	2620
6530	1084
9829	1615
455	74
11223	1852
6944	1157
11144	1840
14617	2419
13505	2212
6180	1039
2882	467
4236	703
454	74
11146	1840
6531	1084
11220	1851
11222	1852
6943	1157
11145	1840
3249	530
13504	2212
14618	2419
7619	1276
457	74
6532	1084
8514	1430
1408	227
7000	1163
458	74
6533	1084
6942	1157
13507	2212
11221	1852
456	74
8513	1430
1407	227
6534	1084
6941	1157
7001	1163
13506	2212
8511	1430
1994	306
8512	1430
13877	2285
13509	2212
6535	1084
6940	1157
8510	1430
1409	227
1993	306
13508	2212
459	74
6536	1084
12202	1995
8584	1438
1720	270
5019	827
8550	1436
9356	1548
15876	2609
12201	1995
9822	1615
8583	1438
8551	1436
1721	270
2556	412
15877	2609
9821	1615
8582	1438
8552	1436
2557	412
9824	1615
8581	1438
8553	1436
15875	2609
9823	1615
12200	1995
11396	1883
2722	437
8554	1436
9826	1615
4300	713
11226	1852
7390	1238
9825	1615
11227	1852
6030	1007
10202	1692
11228	1852
9828	1615
2721	437
9827	1615
5011	827
12556	2062
4304	713
10200	1692
13008	2129
6890	1143
7181	1204
1728	270
4826	794
2304	361
12557	2062
4303	713
5012	827
13007	2129
10201	1692
12277	2009
7182	1204
15609	2577
1729	270
5013	827
4302	713
12554	2062
7150	1199
1569	251
15608	2577
1726	270
7391	1238
15989	2629
6810	1126
14982	2487
4301	713
5014	827
12555	2062
1568	251
13009	2129
15607	2577
1727	270
15988	2629
8589	1438
3106	501
7152	1199
5015	827
10703	1783
3765	612
15636	2582
8588	1438
10000	1647
1724	270
4822	794
4622	768
15606	2577
10685	1780
10684	1780
7151	1199
3107	501
6179	1039
5016	827
10001	1647
15637	2582
8587	1438
4308	713
15605	2577
4623	768
1725	270
4823	794
3108	501
3763	612
12558	2062
7154	1199
4307	713
1722	270
8604	1443
5017	827
10002	1647
15638	2582
4824	794
8586	1438
4620	768
3109	501
7153	1199
3764	612
4305	713
1723	270
4306	713
15639	2582
5018	827
8585	1438
4825	794
4621	768
7180	1204
16696	2748
8598	1439
8504	1430
13010	2129
414	65
3762	612
4954	816
1574	251
13011	2129
11814	1939
8599	1439
8503	1430
16695	2748
6939	1157
1575	251
3761	612
13012	2129
4821	794
8506	1430
4956	816
3760	612
1572	251
4820	794
13013	2129
8505	1430
16697	2748
4955	816
13014	2129
1573	251
8508	1430
13015	2129
12553	2062
4619	768
10093	1667
1578	251
8507	1430
15640	2582
10092	1667
13016	2129
4618	768
1579	251
4957	816
1719	270
1576	251
4617	768
12127	1988
6938	1157
5010	827
8509	1430
12126	1988
13510	2212
4616	768
1718	270
1577	251
6937	1157
6542	1084
12129	1988
809	118
9141	1516
6543	1084
12128	1988
808	118
4082	667
6544	1084
9140	1516
6540	1084
10091	1667
11819	1939
5168	861
6541	1084
10090	1667
5169	861
1570	251
11817	1939
1571	251
11818	1939
6545	1084
807	118
8502	1430
11815	1939
8500	1430
8501	1430
806	118
11816	1939
9391	1553
708	105
1960	301
5667	944
10624	1768
426	68
2253	349
15176	2526
709	105
10623	1768
15175	2526
427	68
2254	349
1554	247
13087	2142
6298	1053
2255	349
17288	2848
15178	2526
1553	247
9390	1553
13086	2142
1552	247
425	68
17289	2848
15177	2526
2719	436
14289	2366
1948	299
5673	945
3967	646
13485	2209
704	105
16241	2670
10199	1692
17286	2848
703	105
10105	1670
15172	2526
1551	247
2409	387
3966	646
6299	1053
5674	945
13484	2209
16240	2670
705	105
17287	2848
7424	1246
1550	247
15171	2526
3969	646
1946	299
16243	2670
3990	650
2227	348
706	105
10197	1692
428	68
15174	2526
3968	646
1947	299
707	105
16242	2670
999	156
10198	1692
429	68
15173	2526
2714	436
10101	1670
5247	877
11205	1849
3962	645
10195	1692
16245	2670
8147	1360
4517	749
10102	1670
11987	1969
5246	877
2713	436
11204	1849
10196	1692
700	105
6519	1084
8148	1360
16244	2670
5670	945
1945	299
3964	646
15170	2526
11203	1849
2712	436
10103	1670
701	105
3960	645
5671	945
8145	1360
3965	646
6518	1084
3963	646
10194	1692
5248	877
2711	436
702	105
10104	1670
3961	645
8146	1360
13605	2233
5249	877
6517	1084
5672	945
5067	835
2718	436
8987	1495
17244	2837
6516	1084
6106	1024
7389	1238
13089	2142
8098	1356
5066	835
2717	436
17245	2837
8986	1495
2250	349
6107	1024
6515	1084
10702	1782
11209	1849
13088	2142
17261	2843
13160	2159
2716	436
17242	2837
2251	349
8989	1495
10701	1782
7387	1238
11208	1849
6514	1084
6108	1024
8149	1360
2715	436
5068	835
8988	1495
10700	1782
17243	2837
2252	349
11206	1849
10100	1670
6513	1084
11207	1849
7388	1238
6109	1024
8099	1356
3269	532
7386	1238
8140	1360
14046	2316
17249	2837
3987	650
5250	877
3268	532
8985	1494
3959	645
7385	1238
14045	2316
17248	2837
5251	877
3988	650
13078	2139
7384	1238
14290	2366
3267	532
6105	1024
17247	2837
5252	877
1880	291
3989	650
14048	2316
14291	2366
13077	2139
7383	1238
3266	532
17246	2837
14047	2316
1881	291
5253	877
10502	1748
8144	1360
7382	1238
10253	1703
10252	1703
11722	1928
12322	2017
5254	877
8143	1360
17215	2830
7381	1238
2209	341
14049	2316
11723	1928
5255	877
12321	2017
17216	2830
8142	1360
7380	1238
1959	301
11720	1928
5256	877
9350	1547
12320	2017
11210	1849
10500	1747
17217	2830
8141	1360
11721	1928
1958	301
5257	877
10501	1747
2720	436
11211	1849
9352	1547
1886	291
8211	1374
7685	1289
430	68
13480	2209
9351	1547
1887	291
7686	1289
1888	291
1391	223
13481	2209
14040	2316
5889	983
4385	728
7683	1289
7092	1186
13482	2209
9355	1547
1889	291
9353	1547
4386	728
7684	1289
4126	674
9354	1547
13483	2209
15179	2526
4387	728
1882	291
14042	2316
2413	387
7689	1289
13076	2139
3984	650
14041	2316
1883	291
4388	728
3403	557
2412	387
3985	650
14044	2316
4389	728
1884	291
12986	2124
14830	2464
2411	387
1390	223
7687	1289
3986	650
1885	291
14043	2316
12987	2124
2410	387
7688	1289
2414	387
6522	1084
13479	2209
1227	202
12319	2017
2210	341
2708	436
6521	1084
2243	349
16256	2673
424	67
2415	387
1226	202
5668	945
13478	2209
2707	436
2416	387
16257	2673
2244	349
6520	1084
6524	1084
13477	2209
1225	202
2417	387
16258	2673
2241	349
6523	1084
7517	1259
13476	2209
1224	202
2709	436
9334	1544
2418	387
2242	349
16259	2673
16600	2735
718	105
2248	349
11600	1911
11092	1835
2419	387
16344	2694
719	105
2249	349
11091	1835
3110	502
716	105
2245	349
422	67
3111	502
6860	1139
717	105
1879	291
2247	349
9384	1553
2246	349
3112	502
423	67
1228	202
6861	1139
713	105
12311	2017
4695	776
9601	1574
2700	436
9385	1553
7379	1238
16604	2735
714	105
12312	2017
15181	2526
9386	1553
6529	1084
13394	2192
16603	2735
715	105
12313	2017
711	105
2702	436
15180	2526
9387	1553
16602	2735
13395	2192
8910	1483
16343	2694
12314	2017
712	105
2701	436
4830	795
13396	2192
6852	1137
9388	1553
16601	2735
4831	795
2704	436
12315	2017
1223	202
7516	1259
5890	983
7375	1238
9389	1553
6526	1084
13397	2192
16608	2735
2240	349
12504	2052
2703	436
12316	2017
4832	795
16239	2670
710	105
7515	1259
1222	202
6525	1084
7376	1238
16607	2735
13398	2192
9603	1574
16238	2670
2706	436
7513	1259
12317	2017
4833	795
1221	202
7514	1259
13399	2192
16606	2735
6528	1084
7377	1238
6033	1009
9602	1574
2705	436
12318	2017
4834	795
2211	341
7512	1259
5891	983
1220	202
16605	2735
6527	1084
7378	1238
3783	617
6812	1127
8580	1437
8150	1360
3583	589
1808	279
14036	2316
2888	469
6813	1127
3782	617
7681	1288
1961	302
6859	1139
1389	223
3584	589
1809	279
14035	2316
7682	1288
17252	2840
16609	2735
3585	589
1388	223
3781	617
7374	1238
6814	1127
14034	2316
3586	589
3780	617
7373	1238
7690	1289
6815	1127
15096	2502
14033	2316
17253	2840
1803	279
4829	795
3787	617
4805	794
8212	1375
17254	2840
4828	795
4510	746
10789	1796
4804	794
1804	279
3786	617
4827	795
14039	2316
1805	279
4803	794
3785	617
12310	2017
5596	926
14038	2316
3832	628
1806	279
4696	776
3582	589
4802	794
3784	617
6811	1127
5597	926
2710	436
14037	2316
4511	746
1807	279
11711	1928
12808	2100
11712	1928
1548	247
1876	291
4809	794
1877	291
3993	650
2329	367
9061	1508
12809	2100
11713	1928
3994	650
1549	247
3270	532
4808	794
1878	291
9060	1508
2328	367
12806	2100
13886	2289
11714	1928
13866	2283
1874	291
4807	794
2421	387
2327	367
2301	359
3991	650
12807	2100
11715	1928
1875	291
4806	794
3788	617
2420	387
2326	367
2302	359
3992	650
13868	2283
1872	291
14032	2316
11716	1928
12804	2100
2325	367
3587	589
1873	291
13867	2283
14031	2316
11717	1928
13887	2289
12805	2100
2300	359
3588	589
2324	367
2422	387
14030	2316
11718	1928
1870	291
3995	650
17291	2848
8909	1483
2323	367
3589	589
1871	291
11719	1928
13869	2283
1547	247
3996	650
17290	2848
5669	945
2322	367
1217	202
2233	349
16610	2735
4592	763
2234	349
12525	2054
1216	202
4591	763
1219	202
2235	349
2236	349
9052	1508
16612	2735
4590	763
9054	1508
1218	202
1869	291
2237	349
1447	236
9053	1508
16611	2735
9055	1508
12522	2054
12810	2100
2230	349
12521	2054
9056	1508
6862	1140
5072	838
11455	1892
2231	349
4509	746
9057	1508
12524	2054
618	96
2075	323
12812	2100
11454	1892
16100	2645
2232	349
9058	1508
12523	2054
2076	323
617	96
12811	2100
7446	1251
11453	1892
5464	905
5228	877
11452	1892
13344	2183
1810	279
15599	2576
5907	989
10587	1761
9059	1508
15025	2491
5465	905
16101	2645
557	87
5227	877
5906	989
5226	877
15026	2491
16328	2687
10588	1761
5466	905
13342	2183
11021	1823
5905	989
6988	1160
10589	1761
15023	2491
5467	905
5229	877
13343	2183
11020	1823
16460	2712
5904	989
15024	2491
16614	2735
13340	2183
4841	795
15595	2576
1150	185
16262	2673
16613	2735
1813	279
13341	2183
4842	795
7841	1315
15596	2576
1151	185
10584	1761
1812	279
1152	185
15027	2491
16264	2675
13017	2130
10585	1761
16260	2673
15597	2576
1811	279
15029	2491
1153	185
15028	2491
4840	795
16261	2673
13018	2130
15598	2576
10586	1761
10592	1761
5230	877
16265	2675
8570	1437
9908	1629
10591	1761
5231	877
16266	2675
8571	1437
8864	1477
5439	902
10590	1761
16267	2675
5232	877
8572	1437
1278	208
13339	2183
6478	1079
4839	795
16268	2675
5233	877
8573	1437
1277	208
13338	2183
6479	1079
16269	2675
16945	2786
4838	795
1814	280
13337	2183
6476	1079
5469	905
2331	367
8861	1477
4837	795
1815	280
6477	1079
2330	367
11591	1906
13336	2183
5468	905
1279	208
6031	1008
4836	795
5908	989
6473	1079
6474	1079
14285	2363
5183	866
1816	280
8863	1477
17040	2807
2333	367
13335	2183
6032	1008
1818	280
5909	989
4835	795
6475	1079
1817	280
2332	367
8862	1477
13334	2183
1582	253
12813	2100
6471	1079
1819	280
4508	746
8578	1437
4588	763
11741	1931
1581	253
12814	2100
13075	2138
12815	2100
6472	1079
4507	746
8579	1437
4589	763
11740	1931
15138	2518
5434	902
5630	934
4586	763
13318	2181
4506	746
5631	934
12520	2054
4587	763
5436	902
5632	934
3777	617
16459	2712
2239	349
8574	1437
4584	763
2238	349
5435	902
8575	1437
4585	763
5633	934
5438	902
3605	591
3779	617
8576	1437
4582	763
5437	902
3778	617
4583	763
8577	1437
14552	2402
14463	2384
16458	2712
5470	905
14551	2402
14462	2384
5911	989
14550	2402
4581	763
12	3
5910	989
4580	763
14464	2384
13	3
5065	834
14020	2312
5050	831
14	3
5799	969
2933	476
1144	182
15678	2588
5797	969
14021	2312
14553	2402
4189	693
2457	392
5798	969
15679	2588
5795	969
14295	2366
13330	2183
15676	2588
16272	2675
5796	969
8138	1360
15677	2588
8984	1494
14294	2366
13331	2183
759	111
16271	2675
8139	1360
13332	2183
14293	2366
16270	2675
15674	2588
14292	2366
13333	2183
5239	877
15675	2588
5238	877
14299	2366
14829	2464
1821	280
5913	989
16276	2675
5237	877
1820	280
14298	2366
15673	2588
16275	2675
5912	989
5236	877
14297	2366
12559	2063
16274	2675
5235	877
14296	2366
3449	572
16273	2675
5234	877
5914	989
16279	2675
6112	1024
5244	877
13327	2183
763	111
6113	1024
8560	1437
764	111
6111	1024
5245	877
10094	1668
13326	2183
3314	543
5161	857
8561	1437
5242	877
16277	2675
765	111
6110	1024
4391	728
4352	723
13329	2183
1822	280
14828	2464
5243	877
16278	2675
766	111
4392	728
14827	2464
1823	280
13328	2183
5240	877
4578	763
13323	2183
1149	185
8258	1380
4390	728
15113	2510
1148	185
4579	763
5241	877
13322	2183
760	111
1147	185
15114	2510
13325	2183
761	111
15115	2510
13324	2183
762	111
10625	1768
5497	909
4574	763
8568	1437
5049	831
15116	2510
6481	1079
4357	723
10626	1768
5496	909
8569	1437
4575	763
4000	651
10627	1768
8566	1437
4576	763
4577	763
8567	1437
10628	1768
4190	693
2229	349
8564	1437
7447	1252
4354	723
4191	693
10629	1768
892	135
10192	1690
2228	349
4353	723
4192	693
8565	1437
8562	1437
4356	723
14460	2384
4193	693
5498	909
8563	1437
8531	1433
4355	723
14461	2384
6480	1079
891	135
4573	763
15706	2592
3929	640
6342	1059
14565	2407
631	96
5878	981
14567	2407
15705	2592
5877	981
3928	640
6341	1059
16179	2660
14566	2407
6799	1124
632	96
3927	640
8730	1459
13403	2193
633	96
7242	1220
6343	1059
3926	640
3458	572
3457	572
634	96
3925	640
13321	2183
3168	514
16176	2660
3456	572
969	148
15709	2592
3924	640
13320	2183
3169	514
14562	2407
6020	1003
3455	572
16175	2660
6340	1059
3923	640
15708	2592
14563	2407
14458	2384
3454	572
16178	2660
3922	640
15707	2592
630	96
14564	2407
16177	2660
951	144
14459	2384
3453	572
3452	572
639	96
14456	2384
3676	604
7248	1220
7654	1283
8782	1465
3451	572
14457	2384
3675	604
7247	1220
7655	1283
8783	1465
3450	572
14454	2384
3678	604
14455	2384
2930	475
7249	1220
3677	604
7244	1220
635	96
2931	475
16567	2728
4505	745
14452	2384
13401	2193
8786	1465
7243	1220
636	96
13402	2193
14453	2384
2932	475
7246	1220
637	96
8784	1465
7245	1220
5879	981
2726	439
638	96
14451	2384
13400	2193
8785	1465
10028	1654
16712	2752
5430	901
7056	1174
10029	1654
16713	2752
11800	1937
8602	1441
5431	901
15649	2584
7055	1174
16299	2681
16714	2752
5432	901
7054	1174
3304	540
16715	2752
7053	1174
3170	514
5433	901
9638	1579
10686	1781
16716	2752
2928	475
7052	1174
10024	1654
3679	604
8727	1459
9639	1579
13971	2307
9637	1579
13132	2154
2927	475
16717	2752
10025	1654
11312	1870
8728	1459
13972	2307
9636	1579
14760	2450
11313	1870
15418	2551
10026	1654
8729	1459
2929	475
9635	1579
11314	1870
10027	1654
15419	2551
13970	2307
8723	1459
6337	1059
7445	1250
1066	165
16183	2660
1065	165
11315	1870
6338	1059
8724	1459
16184	2660
1064	165
11316	1870
7444	1250
16185	2660
6339	1059
8725	1459
3465	575
1068	165
11317	1870
7443	1250
8726	1459
1067	165
11318	1870
7442	1250
5717	960
3306	540
3400	555
7441	1250
9160	1519
11319	1870
1207	201
5718	960
16180	2660
3305	540
1069	165
3401	555
6334	1059
9044	1503
9045	1503
1206	201
16181	2660
6335	1059
16710	2752
3309	540
16182	2660
3307	540
12027	1974
6336	1059
5719	960
3308	540
16711	2752
9797	1610
1208	201
621	96
14761	2451
9796	1610
1209	201
622	96
11279	1864
7401	1240
9795	1610
11278	1864
9794	1610
5688	951
3312	541
620	96
11277	1864
15984	2626
4111	671
15124	2514
7577	1270
6115	1026
15125	2514
13737	2255
9799	1610
7579	1270
15126	2514
9798	1610
7578	1270
5429	901
629	96
5042	830
3774	615
8776	1464
11739	1931
5428	901
15121	2514
14492	2393
15097	2503
5043	830
8775	1464
3773	615
16709	2752
5427	901
15122	2514
5040	830
627	96
13740	2257
8778	1464
16708	2752
5426	901
628	96
15123	2514
3775	615
5041	830
8777	1464
625	96
11736	1931
5425	901
15711	2592
7057	1174
8631	1447
5046	830
626	96
5424	901
7058	1174
8779	1464
15710	2592
5047	830
15713	2592
623	96
11738	1931
5423	901
7059	1174
15714	2592
13099	2144
5044	830
14008	2310
10354	1719
15712	2592
11737	1931
5422	901
624	96
8632	1447
5045	830
13098	2144
14009	2310
10355	1719
284	37
16025	2635
1071	165
5571	922
8780	1464
1070	165
16026	2635
5570	922
285	37
1699	268
8781	1464
1698	268
286	37
11320	1870
287	37
7062	1174
5575	922
14809	2460
10417	1733
288	37
9159	1519
11280	1864
7061	1174
327	47
328	47
289	37
16707	2752
3311	540
5574	922
10419	1733
5600	928
1211	201
3310	540
329	47
9157	1519
13059	2135
3346	551
5573	922
10418	1733
1210	201
619	96
3345	551
9158	1519
5572	922
8737	1459
3167	514
9155	1519
6290	1051
4062	662
1213	201
11283	1864
14011	2310
8738	1459
9156	1519
1212	201
11284	1864
14010	2310
9153	1519
8735	1459
4110	671
6292	1051
1215	201
7060	1174
11281	1864
8736	1459
9154	1519
6291	1051
1214	201
11282	1864
8733	1459
9135	1515
15593	2576
11287	1864
11398	1884
9792	1610
13966	2307
8734	1459
9152	1519
11288	1864
15594	2576
11399	1884
9793	1610
13967	2307
8731	1459
11285	1864
13968	2307
8732	1459
12836	2105
11397	1884
11286	1864
15592	2576
13969	2307
6858	1139
4184	690
4061	662
7260	1220
8716	1457
4519	750
720	105
5833	976
13888	2290
14598	2414
8715	1457
6857	1139
4060	662
5207	872
5834	976
9859	1622
7262	1220
6856	1139
6855	1139
722	105
5835	976
7569	1267
7261	1220
5836	976
6854	1139
721	105
7264	1220
10576	1760
9857	1622
15715	2593
1561	250
15727	2595
6288	1051
12906	2119
11729	1930
3590	589
7263	1220
8719	1457
11289	1864
9858	1622
10577	1760
15726	2595
6289	1051
12905	2119
8718	1457
9855	1622
15717	2593
7266	1220
7099	1188
10578	1760
15208	2531
5831	976
6286	1051
7842	1316
8717	1457
9856	1622
15716	2593
7265	1220
13060	2135
7098	1188
10579	1760
6287	1051
5832	976
4518	750
15207	2531
16024	2635
872	131
10572	1760
7268	1220
10307	1714
10558	1758
15719	2593
9853	1622
16023	2635
873	131
7267	1220
10573	1760
10306	1714
15718	2593
9854	1622
10559	1758
15729	2595
16022	2635
870	131
10305	1714
10574	1760
15728	2595
16021	2635
871	131
10575	1760
7269	1220
10304	1714
10084	1666
8314	1398
9852	1622
876	131
16020	2635
2195	334
8315	1398
15503	2567
3317	546
15505	2567
12309	2017
12489	2048
15504	2567
12991	2126
8316	1398
874	131
3318	546
10555	1758
15501	2567
12308	2017
10556	1758
8317	1398
9256	1531
10570	1760
875	131
12307	2017
15502	2567
10557	1758
10308	1714
8318	1398
10571	1760
7149	1198
15169	2525
11382	1880
16019	2635
869	131
3494	578
11381	1880
11290	1864
868	131
16687	2747
867	131
16017	2635
11291	1864
7148	1198
15249	2534
16018	2635
866	131
11292	1864
10302	1714
16015	2635
10303	1714
16016	2635
5048	830
7724	1292
11380	1880
4058	662
16013	2635
11666	1921
16788	2763
10301	1714
4059	662
16014	2635
11665	1921
6285	1051
7581	1270
11668	1921
332	47
11297	1864
13062	2135
16548	2726
4056	662
10507	1750
15209	2531
6284	1051
333	47
11667	1921
13061	2135
11298	1864
8720	1457
4057	662
16547	2726
3593	589
10508	1750
6283	1051
330	47
3592	589
8912	1483
10509	1750
331	47
11669	1921
7580	1270
6282	1051
13063	2135
16549	2726
4055	662
13064	2135
10392	1724
3591	589
6281	1051
8911	1483
10038	1657
11293	1864
336	47
10155	1680
11733	1930
6280	1051
16544	2726
11294	1864
3910	639
11732	1930
10294	1711
16543	2726
11295	1864
334	47
10505	1750
11731	1930
16546	2726
11296	1864
335	47
10506	1750
7270	1220
11730	1930
16545	2726
7250	1220
10296	1711
12499	2050
11734	1930
16541	2726
2201	337
3971	646
6278	1051
15216	2531
10136	1676
10295	1711
16542	2726
11735	1930
438	69
2200	337
6279	1051
3972	646
15215	2531
10135	1676
2203	337
6296	1052
437	69
10568	1760
10134	1676
15214	2531
16540	2726
2202	337
10297	1711
6297	1052
436	69
640	96
3970	646
10569	1760
10133	1676
10298	1711
15213	2531
12495	2050
7254	1220
10132	1676
3681	604
10566	1760
7253	1220
12496	2050
6275	1051
3680	604
10567	1760
10564	1760
12497	2050
7252	1220
15218	2531
6276	1051
3973	646
10565	1760
7251	1220
12498	2050
15217	2531
6277	1051
16010	2635
11379	1880
13684	2246
10515	1752
4525	750
6013	1003
7258	1220
12491	2050
8991	1495
13683	2246
10514	1752
13685	2246
16669	2742
5830	975
8992	1495
12492	2050
6014	1003
7257	1220
10513	1752
16012	2635
4523	750
13686	2246
16668	2742
7723	1292
3684	604
7256	1220
12493	2050
6015	1003
4524	750
10512	1752
3682	604
16011	2635
12494	2050
7255	1220
3683	604
8990	1495
6989	1161
6016	1003
1559	250
15212	2531
4521	750
8996	1495
16689	2747
6017	1003
6294	1052
15146	2521
10139	1676
15211	2531
4522	750
16688	2747
6018	1003
6295	1052
11670	1921
11752	1933
15210	2531
10517	1752
10138	1676
10833	1804
6019	1003
9349	1547
8993	1495
1558	250
865	131
8995	1495
4520	750
10137	1676
10516	1752
6293	1052
9348	1547
7259	1220
8994	1495
3707	606
9346	1547
15142	2521
15203	2529
14055	2316
11674	1921
9347	1547
3706	606
15204	2529
14056	2316
15143	2521
10259	1704
11673	1921
11672	1921
3705	606
9344	1547
14053	2316
15144	2521
15201	2529
5720	960
11671	1921
3704	606
8319	1398
9345	1547
15145	2521
14054	2316
15202	2529
6768	1118
3703	606
4504	745
15881	2611
11678	1921
10560	1758
9341	1547
16692	2747
14051	2316
10734	1786
9343	1547
14746	2445
11677	1921
10510	1750
4503	745
9342	1547
15200	2529
14052	2316
16693	2747
10735	1786
9652	1581
17112	2818
11676	1921
4502	745
2466	393
16694	2747
10736	1786
16539	2726
14050	2316
13608	2236
17111	2818
4501	745
11675	1921
10737	1786
1560	250
7518	1260
17115	2818
2464	393
17114	2818
15885	2611
16538	2726
4488	741
2465	393
17113	2818
431	69
15884	2611
16537	2726
4489	741
10254	1704
1666	262
17117	2818
15112	2509
2462	393
16690	2747
15883	2611
16536	2726
16691	2747
1667	262
12234	2000
17116	2818
2463	393
15882	2611
11679	1921
16535	2726
4487	741
17119	2818
12615	2070
10256	1704
2460	393
434	69
16534	2726
12616	2070
10255	1704
17118	2818
2461	393
435	69
16174	2660
12613	2070
10258	1704
432	69
3709	606
6564	1088
12614	2070
10257	1704
433	69
3708	606
16767	2760
14184	2335
13354	2184
4028	655
8919	1486
12684	2078
10693	1782
131	22
16766	2760
5715	958
14185	2335
13355	2184
4029	655
10694	1782
12685	2078
130	22
16090	2645
16769	2760
2981	487
14186	2335
13352	2184
10691	1782
133	22
1849	286
12682	2078
2982	487
16091	2645
16768	2760
13353	2184
14187	2335
12683	2078
3979	648
14188	2335
132	22
8441	1417
10692	1782
14180	2335
13350	2184
4309	714
15117	2511
10846	1807
16092	2645
12680	2078
4337	721
16102	2646
16762	2760
13367	2185
10697	1782
3978	648
14181	2335
13351	2184
15118	2511
16093	2645
12681	2078
4336	721
16761	2760
14660	2424
3977	648
14450	2383
10698	1782
14182	2335
16094	2645
16765	2760
4763	788
4335	721
16764	2760
4764	788
10695	1782
14183	2335
4762	788
16095	2645
16763	2760
4334	721
10696	1782
8918	1486
7983	1328
3606	592
4766	788
4365	725
9037	1503
14799	2457
16096	2645
12981	2123
7982	1328
3795	621
9038	1503
4765	788
4364	725
14798	2457
12980	2123
4020	655
15879	2610
14232	2344
16097	2645
4022	655
10699	1782
7985	1328
4363	725
16760	2760
4768	788
9039	1503
16098	2645
4021	655
15878	2610
4023	655
7984	1328
4767	788
16099	2645
6444	1071
14189	2335
12688	2078
4024	655
6818	1129
401	60
6602	1097
4769	788
6819	1129
12689	2078
4025	655
13670	2246
400	60
2980	487
9035	1503
4528	752
7981	1328
12686	2078
4026	655
14797	2457
6443	1071
9036	1503
4529	752
7980	1328
12687	2078
4366	725
4027	655
6216	1042
14118	2327
5399	898
9041	1503
1494	241
12911	2121
13663	2246
5051	832
7831	1313
4295	713
4527	752
201	26
14117	2327
2677	429
9040	1503
1001	156
234	29
13661	2246
12910	2121
7599	1272
5052	832
13662	2246
2363	376
7832	1313
4294	713
10413	1731
202	26
14309	2366
14116	2327
1000	156
9043	1503
2678	429
7598	1272
10356	1720
13660	2246
235	29
1492	241
203	26
5053	832
4293	713
9042	1503
14115	2327
7597	1272
2679	429
6314	1056
236	29
526	83
7830	1313
1493	241
204	26
6187	1040
5054	832
4292	713
1142	181
1851	286
12984	2123
12915	2121
6315	1056
11627	1914
1711	268
14114	2327
7918	1324
6186	1040
4646	770
4291	713
14306	2366
13667	2246
1490	241
1852	286
7986	1328
12914	2121
7988	1328
1143	181
1850	286
6316	1056
1710	268
14113	2327
7917	1324
4290	713
6185	1040
4647	770
11626	1914
14305	2366
7987	1328
1491	241
13666	2246
12913	2121
12982	2123
7989	1328
7834	1313
1140	181
14112	2327
6184	1040
7833	1313
13665	2246
14308	2366
1712	268
12912	2121
11628	1914
12983	2123
3316	545
1141	181
4645	770
200	26
6183	1040
7919	1324
14111	2327
14307	2366
13664	2246
11623	1914
7476	1254
126	22
2060	318
14302	2366
7006	1165
14664	2424
14665	2424
13964	2305
8523	1431
14301	2366
127	22
11622	1914
12919	2121
3092	498
7005	1165
7477	1254
2979	487
14663	2424
7004	1165
13963	2305
14304	2366
12918	2121
13669	2246
7474	1254
11625	1914
128	22
14662	2424
2978	487
13349	2184
12917	2121
13106	2145
2061	318
13668	2246
1853	286
14303	2366
7475	1254
129	22
11624	1914
14661	2424
304	43
2977	487
13348	2184
12916	2121
5659	940
122	22
10690	1782
205	26
5586	925
527	83
4299	713
5587	925
13108	2145
14669	2424
13347	2184
123	22
206	26
4298	713
13107	2145
14668	2424
13346	2184
3091	498
4297	713
11621	1914
124	22
207	26
8522	1431
9725	1598
14300	2366
5589	925
14448	2383
13345	2184
13962	2305
14667	2424
4296	713
3090	498
125	22
13960	2305
13961	2305
5588	925
14449	2383
14666	2424
16589	2732
12109	1985
4771	788
583	92
121	22
4572	762
12694	2078
4770	788
584	92
7576	1269
120	22
12695	2078
16587	2732
6116	1027
581	92
12107	1985
9006	1499
12696	2078
16588	2732
582	92
12108	1985
9005	1499
12697	2078
2197	336
16495	2717
15800	2603
16082	2645
13360	2184
7471	1254
2198	336
7007	1165
12690	2078
16586	2732
16083	2645
15801	2603
5563	922
7470	1254
14670	2424
7008	1165
9440	1556
12691	2078
585	92
16080	2645
15802	2603
7473	1254
9441	1556
12692	2078
7009	1165
14671	2424
16081	2645
4772	788
15803	2603
586	92
7472	1254
12693	2078
6302	1054
9127	1514
9881	1626
5566	922
10687	1782
16086	2645
15804	2603
6301	1054
12101	1985
6303	1054
9128	1514
10688	1782
5567	922
9882	1626
7590	1272
16087	2645
15805	2603
10606	1765
12102	1985
6181	1040
23	10
7591	1272
5564	922
10689	1782
9883	1626
11451	1891
15806	2603
16084	2645
9126	1514
24	10
6182	1040
7592	1272
9884	1626
5565	922
11450	1891
16085	2645
15807	2603
6300	1054
7593	1272
12698	2078
9008	1499
12105	1985
15808	2603
6118	1027
7594	1272
12699	2078
9007	1499
580	92
12106	1985
6117	1027
13680	2246
239	29
5568	922
15770	2599
7811	1309
7595	1272
8678	1452
12103	1985
238	29
13681	2246
16088	2645
15771	2599
5569	922
9880	1626
9009	1499
12104	1985
13682	2246
7596	1272
16089	2645
237	29
13672	2246
7586	1272
1132	181
10282	1708
12974	2123
6128	1029
16828	2769
13105	2144
15880	2610
13673	2246
565	90
13671	2246
7585	1272
1133	181
9889	1626
12975	2123
6129	1029
10281	1708
566	90
16829	2769
1134	181
7979	1328
7588	1272
12976	2123
6126	1029
3089	498
13675	2246
11344	1874
567	90
1135	181
7587	1272
12977	2123
6127	1029
15340	2543
13674	2246
3088	498
4030	655
12970	2123
13873	2284
13677	2246
9886	1626
5592	925
3087	498
13101	2144
6124	1029
7589	1272
7823	1313
12971	2123
7822	1313
9885	1626
13676	2246
3086	498
2049	315
5591	925
16825	2769
13102	2144
13874	2284
6125	1029
12972	2123
7824	1313
5590	925
118	22
13679	2246
9888	1626
13875	2284
13103	2144
6122	1029
3085	498
16826	2769
12973	2123
1131	181
7825	1313
119	22
9887	1626
13678	2246
6123	1029
9129	1514
13104	2144
16827	2769
6120	1029
4338	721
116	22
15972	2624
4289	713
413	64
14191	2335
1660	262
7826	1313
7015	1165
6121	1029
7350	1231
15973	2624
5595	925
4288	713
117	22
412	64
1661	262
579	92
411	64
7827	1313
7014	1165
14190	2335
16120	2648
2680	429
7479	1255
15974	2624
12908	2121
14685	2428
5594	925
114	22
578	92
7828	1313
16670	2742
7478	1255
13100	2144
5593	925
9010	1499
14313	2366
15975	2624
115	22
577	92
14684	2428
7829	1313
16671	2742
14312	2366
2178	330
15976	2624
1664	262
16122	2648
112	22
4285	713
2986	488
13357	2184
9437	1556
7011	1165
12978	2123
1136	181
7572	1269
113	22
12909	2121
1665	262
2177	330
15977	2624
16121	2648
2985	488
4284	713
9436	1556
7573	1269
12979	2123
7010	1165
1137	181
14311	2366
13356	2184
1662	262
4287	713
7468	1254
2984	488
110	22
7351	1231
13359	2184
9439	1556
7013	1165
7574	1269
14310	2366
1138	181
1139	181
1663	262
2179	330
4286	713
16123	2648
111	22
2983	488
7469	1254
13358	2184
7012	1165
9438	1556
7575	1269
10283	1709
7793	1304
9430	1556
17189	2825
15840	2606
5810	969
574	92
10203	1693
3863	634
10021	1651
2451	391
16566	2727
575	92
961	147
11571	1903
7794	1304
10204	1693
10020	1651
1120	175
16565	2727
576	92
11572	1903
7795	1304
10205	1693
16564	2727
2453	391
2871	463
12660	2078
9434	1556
7796	1304
10759	1789
963	147
2452	391
8740	1460
16563	2727
2872	463
12661	2078
9130	1514
9004	1498
7797	1304
9435	1556
962	147
16562	2727
9131	1514
2455	391
9431	1556
9432	1556
4558	759
965	147
9132	1514
16561	2727
2870	463
2454	391
9433	1556
4559	759
964	147
16051	2640
16076	2645
16830	2769
7202	1209
10388	1723
15847	2606
6670	1107
9133	1514
11069	1832
12664	2078
16077	2645
16052	2640
8600	1439
2292	359
2456	391
10389	1723
12665	2078
9134	1514
11068	1832
15848	2606
15845	2606
16078	2645
2293	359
12662	2078
10289	1709
11067	1832
16050	2640
15846	2606
16079	2645
4010	654
4327	719
10593	1762
2294	359
12663	2078
10288	1709
11066	1832
16072	2645
10206	1693
17186	2825
6448	1072
9320	1543
15843	2606
12669	2078
12668	2078
10287	1709
4328	719
2295	359
16835	2769
16073	2645
6449	1072
15844	2606
2180	330
9321	1543
8278	1387
10286	1709
4329	719
16834	2769
2296	359
16074	2645
16598	2735
15841	2606
17188	2825
10285	1709
12666	2078
16053	2640
2297	359
16833	2769
16831	2769
16075	2645
17187	2825
16599	2735
15842	2606
10284	1709
12667	2078
16832	2769
2298	359
6665	1107
6134	1029
16838	2769
11072	1832
16048	2640
106	22
2184	330
6054	1013
8842	1473
6055	1013
16494	2716
1203	199
10380	1723
10760	1789
6135	1029
2299	359
6666	1107
16047	2640
11073	1832
107	22
1969	304
2183	330
6056	1013
1204	199
16493	2716
8841	1473
11070	1832
10383	1723
16836	2769
6136	1029
16046	2640
108	22
1201	199
5111	846
6057	1013
2182	330
8840	1473
10762	1789
10382	1723
16837	2769
11071	1832
6137	1029
6664	1107
16045	2640
109	22
1202	199
2181	330
6058	1013
5110	846
8279	1387
10761	1789
10381	1723
9318	1543
12192	1995
10018	1651
7618	1275
10385	1723
6138	1029
9317	1543
12193	1995
10384	1723
4011	654
6139	1029
1200	199
9879	1626
10019	1651
12190	1995
11074	1832
1968	304
6863	1141
5811	970
10387	1723
1967	304
9878	1626
2185	330
9877	1626
12191	1995
15849	2606
11075	1832
16049	2640
6864	1141
10386	1723
6680	1108
2685	431
7792	1303
9427	1556
12196	1995
6865	1141
5813	970
15693	2590
2686	431
9426	1556
16134	2654
6681	1108
6866	1141
12197	1995
5812	970
15694	2590
2687	431
7790	1303
9425	1556
16135	2654
12902	2116
12194	1995
6867	1141
10016	1651
8742	1460
15691	2590
7791	1303
15339	2543
9424	1556
7617	1275
5814	970
6868	1141
12195	1995
15692	2590
9319	1543
10017	1651
8741	1460
15338	2543
9339	1546
10764	1789
8449	1420
6684	1108
16490	2716
9358	1550
6050	1013
2001	306
6869	1141
15697	2590
6130	1029
6669	1107
10763	1789
12901	2116
6685	1108
1128	179
9338	1546
2000	306
6051	1013
6131	1029
6682	1108
16492	2716
9429	1556
6052	1013
15695	2590
12198	1995
6667	1107
6132	1029
6683	1108
9428	1556
2684	431
10765	1789
16491	2716
6053	1013
105	22
6133	1029
6668	1107
12199	1995
15696	2590
4330	719
16554	2727
8929	1486
6687	1108
10742	1786
12545	2059
4331	719
16553	2727
6686	1108
10741	1786
12546	2059
15850	2606
8927	1486
16556	2727
11906	1957
2390	381
16557	2727
12543	2059
10744	1786
16555	2727
5930	991
8928	1486
6689	1108
11907	1957
6688	1108
12544	2059
10743	1786
2392	381
12670	2078
11904	1957
16550	2727
4018	655
1429	231
3954	644
10746	1786
12541	2059
14174	2335
16369	2701
2676	428
4019	655
2391	381
12671	2078
11905	1957
10745	1786
14175	2335
12542	2059
14077	2320
9421	1556
9779	1606
9163	1520
11902	1957
2394	381
13499	2211
4332	719
4016	655
12672	2078
15690	2590
16552	2727
9422	1556
14076	2320
14697	2434
10290	1709
2393	381
11903	1957
4017	655
16551	2727
12673	2078
13498	2211
16368	2701
14173	2335
14075	2320
5792	967
9423	1556
1755	275
8835	1473
12674	2078
8607	1445
4014	655
2396	381
14179	2335
3958	644
1708	268
5058	832
3980	648
9161	1520
4776	789
1754	275
8836	1473
12675	2078
3957	644
1709	268
2395	381
4015	655
9162	1520
5057	832
8097	1355
8837	1473
1757	275
3956	644
1706	268
14176	2335
14177	2335
12676	2078
11251	1858
4012	655
2398	381
5056	832
3982	648
1756	275
8838	1473
3955	644
1707	268
12677	2078
2397	381
14178	2335
4013	655
8839	1473
5055	832
3981	648
16559	2727
9330	1543
1759	275
12678	2078
16558	2727
9331	1543
1758	275
4773	789
2399	381
12679	2078
10740	1786
9332	1543
4774	789
9333	1543
13766	2262
5059	832
4775	789
5061	832
3858	633
6871	1141
15687	2590
6675	1107
8450	1421
14207	2339
14585	2411
9215	1526
1701	268
9323	1543
8739	1460
15098	2504
3859	633
5062	832
6872	1141
15688	2590
6676	1107
14208	2339
8451	1421
1700	268
9322	1543
9326	1543
15689	2590
6677	1107
1760	275
14583	2411
9325	1543
3855	633
3857	633
11415	1886
5060	832
6870	1141
6678	1107
10391	1723
14206	2339
1761	275
14584	2411
3856	633
9324	1543
7728	1293
6671	1107
9328	1543
15818	2605
14581	2411
1705	268
1762	275
7727	1293
6672	1107
9327	1543
1978	304
9340	1546
3854	633
1119	175
1704	268
1763	275
14582	2411
6673	1107
12769	2092
14234	2346
1703	268
1977	304
14209	2339
6674	1107
7729	1293
7203	1210
11065	1832
9329	1543
17190	2825
14580	2411
1702	268
1976	304
10758	1789
968	147
1975	304
6690	1108
10738	1786
13362	2185
6140	1029
8922	1486
11901	1957
5793	967
10757	1789
6691	1108
1974	304
14235	2346
10739	1786
13361	2185
8921	1486
14696	2434
2869	463
11900	1957
6692	1108
1973	304
10756	1789
966	147
7726	1293
3003	490
8920	1486
10755	1789
6693	1108
1972	304
967	147
16560	2727
7725	1293
3002	490
1971	304
6694	1108
10390	1723
6679	1107
2866	463
13366	2185
3001	490
8926	1486
12301	2014
1970	304
12302	2014
15684	2590
13365	2185
3000	490
8925	1486
2949	480
12300	2014
15685	2590
13659	2246
2868	463
8924	1486
13364	2185
14800	2457
2948	480
15686	2590
2867	463
13363	2185
8923	1486
13658	2246
15873	2607
1891	291
3933	641
2389	381
7219	1216
7601	1273
15256	2535
1032	160
7017	1166
15820	2606
8103	1356
5676	947
3932	641
15872	2607
1890	291
15255	2535
7016	1166
1031	160
3322	548
8159	1361
8102	1356
2387	381
15871	2607
1893	291
3931	641
15258	2535
11436	1888
8105	1356
15870	2607
2388	381
1892	291
3930	641
9993	1647
6830	1132
15257	2535
2969	486
8104	1356
12770	2092
11434	1888
2968	486
1172	188
2385	381
1286	210
8156	1361
13431	2199
2272	353
15824	2606
4324	718
9315	1541
7214	1216
8834	1472
11435	1888
1171	188
2386	381
15823	2606
3860	633
2271	353
13432	2199
15259	2535
8155	1361
7215	1216
11432	1888
10098	1670
2383	381
1170	188
2270	353
15822	2606
4326	718
8158	1361
3861	633
8101	1356
3321	548
996	154
7216	1216
7019	1166
1352	219
11433	1888
7218	1216
10099	1670
2384	381
8100	1356
13430	2199
4325	718
15821	2606
3862	633
8157	1361
3320	548
997	154
7018	1166
2627	418
7217	1216
1351	219
8152	1361
6741	1114
16508	2720
7609	1273
9694	1591
12468	2041
2381	381
8151	1361
16507	2720
7608	1273
1899	291
1898	291
12469	2041
7041	1171
2382	381
16506	2720
8154	1361
12466	2041
7607	1273
15022	2490
7040	1171
16505	2720
8153	1361
7606	1273
12467	2041
2380	381
16504	2720
7605	1273
6745	1114
16503	2720
1895	291
4490	742
7604	1273
6744	1114
16502	2720
1894	291
7603	1273
6743	1114
16501	2720
1897	291
6902	1148
6742	1114
7602	1273
16500	2720
4491	742
1896	291
3881	639
14779	2455
9645	1579
4706	780
12739	2080
14214	2339
3880	639
16126	2651
14778	2455
4707	780
9646	1579
14213	2339
12738	2080
9699	1591
3883	639
4708	780
1169	188
8343	1404
9643	1579
12471	2041
3882	639
9644	1579
12470	2041
14210	2339
9649	1579
6415	1068
38	13
9697	1591
10531	1755
1320	216
39	13
9698	1591
5071	837
14579	2411
9647	1579
14212	2339
16127	2651
14962	2484
9695	1591
36	13
9648	1579
14211	2339
9696	1591
37	13
15481	2565
1753	275
7020	1166
11156	1843
12509	2053
15827	2606
13879	2286
11431	1888
7652	1281
11157	1843
1752	275
7021	1166
6412	1068
9999	1647
9998	1647
15828	2606
11430	1888
15483	2565
5070	837
15825	2606
6413	1068
12733	2080
5172	862
15482	2565
11155	1843
6319	1057
15826	2606
6414	1068
13429	2199
13878	2286
12732	2080
22	9
7024	1166
5171	862
12735	2080
15485	2565
12505	2053
9995	1647
13428	2199
7065	1176
9641	1579
6318	1057
21	9
7025	1166
5170	862
15484	2565
9642	1579
12734	2080
6317	1057
15148	2523
12506	2053
7064	1176
9994	1647
7022	1166
11158	1843
12737	2080
16412	2705
15487	2565
15829	2606
12507	2053
9997	1647
7023	1166
11159	1843
7220	1216
16413	2705
12736	2080
15486	2565
9640	1579
12508	2053
9996	1647
2458	392
16042	2640
12655	2078
1841	284
7228	1217
8947	1489
15830	2606
5115	846
2459	392
17074	2815
12654	2078
1842	284
8946	1489
16041	2640
7227	1217
5114	846
7026	1166
15488	2565
1843	284
16044	2640
12657	2078
17075	2815
5113	846
15832	2606
12658	2078
5902	987
10909	1812
15489	2565
12536	2057
12656	2078
1196	197
17076	2815
16043	2640
1844	284
14472	2386
15831	2606
5112	846
8948	1489
7229	1217
16292	2678
3433	567
17077	2815
3432	567
406	62
15834	2606
11501	1896
17078	2815
407	62
3238	527
15833	2606
11500	1896
17079	2815
15836	2606
8945	1489
9960	1639
12653	2078
347	49
8041	1339
404	62
16040	2640
3237	527
8944	1489
1840	284
12652	2078
9961	1639
405	62
9962	1639
11502	1896
3236	527
15835	2606
15262	2535
8166	1361
15261	2535
17229	2836
8165	1361
15260	2535
8164	1361
408	62
7222	1217
12990	2125
8163	1361
409	62
7221	1217
14147	2330
8162	1361
11458	1894
1845	284
7224	1217
14148	2330
8161	1361
15265	2535
12756	2085
7223	1217
11888	1952
14149	2330
8160	1361
15264	2535
7226	1217
12755	2085
15263	2535
12754	2085
7225	1217
12515	2053
6324	1057
11884	1952
14144	2330
7036	1171
6323	1057
12275	2007
12516	2053
11885	1952
7037	1171
6326	1057
12513	2053
11886	1952
11459	1894
14146	2330
7038	1171
6325	1057
12514	2053
11887	1952
7039	1171
14145	2330
12511	2053
10912	1812
6320	1057
10911	1812
12512	2053
15061	2497
10910	1812
6322	1057
14058	2317
11883	1952
12510	2053
8603	1442
6321	1057
14057	2317
6073	1016
4752	786
16887	2779
2973	486
15837	2606
9651	1580
4753	786
16886	2779
9959	1639
2974	486
15838	2606
4750	786
16889	2779
10914	1812
16039	2640
2975	486
15839	2606
4751	786
16888	2779
10913	1812
2976	486
9650	1579
14780	2455
12659	2078
6328	1057
2970	486
6327	1057
9958	1639
4754	786
16885	2779
12517	2053
2971	486
16884	2779
4755	786
9957	1639
14840	2467
6329	1057
5960	996
6831	1132
2972	486
17191	2826
12116	1985
12356	2024
15853	2607
8689	1452
10185	1688
12115	1985
12942	2121
6229	1043
15852	2607
10186	1688
9851	1621
12354	2024
12941	2121
12118	1985
8032	1339
15851	2607
8687	1452
12117	1985
12940	2121
12355	2024
8033	1339
8688	1452
16379	2702
16892	2779
6226	1043
17195	2826
16378	2702
4362	724
8685	1452
8381	1410
12988	2125
15651	2586
12111	1985
8034	1339
6225	1043
17194	2826
16377	2702
8686	1452
4361	724
15652	2586
8035	1339
12110	1985
6228	1043
17193	2826
3759	612
12114	1985
16376	2702
8682	1452
349	51
10394	1726
16890	2779
4360	724
848	127
8036	1339
6227	1043
17192	2826
12113	1985
16375	2702
8683	1452
16891	2779
12989	2125
8684	1452
13405	2195
12112	1985
8037	1339
14259	2354
15655	2586
150	22
8038	1339
13700	2247
3757	612
3896	639
14681	2428
8680	1452
15656	2586
151	22
3758	612
13701	2247
5197	869
3897	639
8039	1339
14680	2428
8681	1452
15206	2530
3755	612
16300	2681
13702	2247
15859	2607
152	22
15653	2586
3898	639
14683	2428
15858	2607
16301	2681
13703	2247
3899	639
3756	612
15654	2586
16166	2658
14682	2428
10189	1688
7483	1255
9940	1635
3753	612
15857	2607
15659	2586
13530	2217
13704	2247
11599	1910
12352	2024
7482	1255
9941	1635
3754	612
15856	2607
13531	2217
13705	2247
6330	1057
11598	1910
12119	1985
1590	253
12353	2024
5198	869
7481	1255
10187	1688
13607	2235
3751	612
15855	2607
15657	2586
15205	2530
12350	2024
10188	1688
5199	869
7480	1255
8601	1440
15658	2586
15854	2607
3752	612
12351	2024
14644	2424
16939	2785
16170	2659
1109	174
6901	1147
7486	1255
147	22
14645	2424
16171	2659
1589	253
7487	1255
146	22
6148	1034
1588	253
16937	2785
14641	2424
11185	1846
13764	2261
7484	1255
149	22
1587	253
6331	1057
16938	2785
14643	2424
14642	2424
148	22
13765	2261
7485	1255
14679	2428
11449	1891
16935	2785
1586	253
9937	1635
2101	325
16351	2698
16936	2785
1106	174
1585	253
9936	1635
2102	325
16933	2785
1107	174
14023	2313
9939	1635
1584	253
7488	1255
16934	2785
1108	174
14022	2313
2100	325
7035	1170
1583	253
9938	1635
6900	1147
7489	1255
16352	2698
10190	1688
6304	1054
8189	1368
4959	817
16119	2648
5219	875
12938	2121
8811	1469
16373	2702
2105	325
17046	2809
6305	1054
12985	2124
12939	2121
8812	1469
16374	2702
5218	875
2106	325
10908	1812
6306	1054
5683	948
12120	1985
12744	2081
6563	1087
16117	2648
5034	829
5217	875
16371	2702
12936	2121
7372	1237
2103	325
6307	1054
12121	1985
15769	2599
5033	829
16118	2648
12743	2081
16372	2702
12937	2121
7371	1237
2104	325
5681	948
16115	2648
2109	325
14648	2424
12934	2121
5599	928
12518	2054
5682	948
16116	2648
16370	2702
14649	2424
6230	1043
12935	2121
12519	2054
558	88
16173	2659
16172	2659
2107	325
8040	1339
14646	2424
12932	2121
6231	1043
11276	1863
8679	1452
16114	2648
4958	817
5680	948
14647	2424
2108	325
12933	2121
6232	1043
8810	1469
5220	875
4513	748
12740	2080
15863	2607
6219	1043
5221	875
8880	1479
11022	1824
15862	2607
12741	2080
12931	2121
5222	875
6218	1043
10747	1787
11023	1824
4515	748
15865	2607
11422	1888
12930	2121
5223	875
6217	1043
2889	470
11024	1824
4514	748
15864	2607
11423	1888
5184	867
11025	1824
11439	1889
5038	829
7611	1273
11424	1888
16771	2760
5037	829
9499	1561
11026	1824
11438	1889
5039	829
11425	1888
7610	1273
16772	2760
16169	2659
9214	1525
9498	1561
11027	1824
16411	2705
11426	1888
12123	1985
9213	1525
15861	2607
5035	829
16410	2705
11427	1888
16770	2760
12122	1985
13085	2141
15860	2607
5036	829
3886	639
9934	1635
140	22
17020	2803
11428	1888
11979	1967
8287	1390
3887	639
141	22
15611	2578
11429	1888
9935	1635
11978	1967
3884	639
13880	2286
15610	2578
11437	1889
9933	1635
3885	639
7490	1255
846	125
15867	2607
144	22
4200	695
8883	1479
6484	1081
145	22
1580	252
15866	2607
4516	748
528	84
6483	1081
142	22
3888	639
15869	2607
8288	1390
8881	1479
4202	695
4986	823
15868	2607
3889	639
143	22
8882	1479
4201	695
14654	2424
4985	823
16408	2705
4203	695
4359	724
11982	1967
137	22
5679	948
3891	639
11981	1967
14653	2424
14655	2424
4984	823
3890	639
11983	1967
4204	695
136	22
16409	2705
4983	823
4205	695
14656	2424
16686	2746
135	22
14657	2424
11980	1967
134	22
10767	1791
12928	2121
2891	470
6746	1114
3895	639
12929	2121
4333	720
6747	1114
8879	1479
2892	470
14650	2424
15052	2495
3894	639
8605	1444
1117	174
6748	1114
14651	2424
11846	1946
139	22
3893	639
9808	1612
5677	948
6749	1114
8606	1444
1118	174
2890	470
14652	2424
5678	948
3892	639
138	22
14937	2478
1115	174
2895	470
6223	1043
12924	2121
16941	2785
16681	2746
14695	2433
14936	2478
16401	2705
13958	2305
2896	470
1116	174
6224	1043
16942	2785
12925	2121
15819	2606
11486	1896
16167	2659
2893	470
16943	2785
16402	2705
12926	2121
6221	1043
1113	174
8018	1335
11523	1899
14938	2478
16168	2659
2894	470
16944	2785
16403	2705
6222	1043
12927	2121
3409	560
1114	174
4946	815
7629	1279
16684	2746
3537	584
1111	174
16404	2705
7213	1216
14658	2424
12920	2121
7628	1279
4945	815
16685	2746
12921	2121
1112	174
6220	1043
14659	2424
16405	2705
5224	875
4944	815
7627	1279
16682	2746
2897	470
12922	2121
16406	2705
13959	2305
4943	815
12742	2080
16683	2746
4358	724
1110	174
16940	2785
12923	2121
16407	2705
16383	2703
4144	680
16469	2715
11879	1950
12717	2078
3393	555
3526	584
15048	2495
11491	1896
16382	2703
4145	680
9930	1634
3394	555
12716	2078
11492	1896
3525	584
15971	2623
11878	1950
15049	2495
16381	2703
9931	1634
3395	555
12719	2078
3528	584
839	123
11493	1896
15412	2549
11877	1950
9932	1634
16380	2703
3396	555
12718	2078
3527	584
11494	1896
11876	1950
5898	985
15410	2549
3397	555
16387	2703
3300	538
6821	1130
4953	815
12304	2015
11495	1896
837	123
14409	2377
4224	701
3398	555
16386	2703
6822	1130
12303	2015
15782	2601
15411	2549
4223	701
14408	2377
3529	584
838	123
11496	1896
12532	2055
16385	2703
3399	555
11497	1896
4951	815
15783	2601
5897	985
16384	2703
3301	538
6820	1130
11498	1896
15784	2601
4952	815
15785	2601
4115	672
11796	1937
11054	1831
11759	1934
4636	768
8221	1377
9662	1584
15786	2601
2375	378
11797	1937
4950	815
11055	1831
11758	1934
15787	2601
11052	1831
12710	2078
11798	1937
4261	708
4113	672
11757	1934
15788	2601
14215	2340
11053	1831
4114	672
11799	1937
4260	708
11756	1934
15789	2601
8220	1377
11792	1937
7966	1327
11050	1831
12712	2078
12713	2078
1090	170
11755	1934
7967	1327
7965	1327
4112	672
12711	2078
11793	1937
11051	1831
3390	555
1091	170
15590	2575
11754	1934
11794	1937
12715	2078
1092	170
3391	555
7969	1327
11441	1889
11753	1934
15591	2575
11490	1896
11795	1937
2374	378
12714	2078
3392	555
11440	1889
7968	1327
1093	170
16252	2672
5021	828
8218	1377
5826	973
2083	325
7973	1327
16251	2672
5022	828
8217	1377
298	40
5827	973
2655	424
2082	325
350	52
7974	1327
12150	1990
5023	828
8216	1377
16254	2672
2085	325
351	52
5824	973
7975	1327
11791	1937
5024	828
16253	2672
2084	325
11049	1831
5825	973
352	52
7976	1327
11790	1937
295	40
9777	1605
5822	973
294	40
9778	1605
7970	1327
5823	973
297	40
16250	2672
7971	1327
13518	2213
15051	2495
296	40
7972	1327
15050	2495
17140	2819
11488	1896
14119	2328
13516	2213
6826	1130
3792	618
13575	2226
5029	828
2448	390
9782	1609
11487	1896
13517	2213
6825	1130
3791	618
3389	555
3530	584
13514	2213
9783	1609
15409	2549
14935	2478
2307	362
2650	424
6824	1130
2520	404
3790	618
3531	584
293	40
14934	2478
2449	390
9784	1609
13515	2213
15408	2549
6823	1130
2306	362
17227	2835
13574	2226
11489	1896
3532	584
2652	424
13512	2213
15407	2549
9785	1609
3533	584
2087	325
1449	237
17228	2835
12621	2071
5025	828
2305	362
2651	424
4949	815
15406	2549
13513	2213
3534	584
9786	1609
2086	325
2404	384
16255	2672
1448	237
10679	1779
3128	509
12620	2071
5026	828
4948	815
2654	424
3535	584
9787	1609
6828	1130
5828	973
15405	2549
2089	325
9788	1609
2405	384
5027	828
4947	815
15970	2623
2653	424
6827	1130
3536	584
15404	2549
13511	2213
2088	325
5028	828
9789	1609
8219	1377
6800	1124
2490	398
16479	2715
16393	2703
12618	2071
7143	1197
15791	2601
6801	1124
13909	2293
2614	415
2491	398
16392	2703
12619	2071
7142	1197
15219	2532
15792	2601
6802	1124
2613	415
7145	1197
6803	1124
2612	415
16394	2703
7144	1197
6804	1124
15790	2601
7147	1197
13227	2168
1450	237
17199	2826
12781	2095
14495	2395
521	81
5818	971
13228	2168
2450	390
7146	1197
1451	237
17198	2826
12780	2095
5817	971
13229	2168
17197	2826
15793	2601
12787	2098
14497	2395
5816	971
523	81
17196	2826
14496	2395
3953	643
12788	2098
12617	2071
5815	971
522	81
3102	501
3952	643
469	75
4626	768
7161	1201
3103	501
1250	206
10411	1730
468	75
7162	1201
4627	768
3104	501
10227	1697
2112	325
4624	768
3105	501
2111	325
4625	768
464	75
1253	206
11765	1934
4142	679
465	75
2110	325
2611	415
4140	679
1254	206
11764	1934
2610	415
4141	679
840	123
10412	1730
1251	206
7141	1197
4628	768
11767	1934
16391	2703
467	75
841	123
7977	1327
1252	206
4629	768
3101	501
11766	1934
7978	1327
466	75
4143	679
16390	2703
11760	1934
8547	1436
4631	768
5555	920
14125	2328
11761	1934
4630	768
8546	1436
1003	157
11762	1934
8549	1436
10680	1779
14123	2328
13406	2196
1002	157
8548	1436
11763	1934
14124	2328
5556	920
4635	768
1005	157
2811	454
5031	828
14121	2328
1004	157
1249	206
13910	2293
5032	828
2812	454
4634	768
14122	2328
4633	768
4139	679
13911	2293
1007	157
16470	2715
13912	2293
4632	768
1006	157
14120	2328
5030	828
9984	1643
2488	398
15664	2586
16472	2715
1009	157
12898	2115
12306	2016
16388	2703
16389	2703
2487	398
15663	2586
16471	2715
16249	2672
12897	2115
13883	2288
1008	157
15662	2586
12782	2095
2609	415
17139	2819
16474	2715
16248	2672
2813	454
12896	2115
12783	2095
15661	2586
11499	1896
16473	2715
17138	2819
16247	2672
12895	2115
7097	1187
2814	454
15660	2586
3523	584
6806	1124
7096	1187
16476	2715
17137	2819
4147	680
6805	1124
3524	584
4146	680
7095	1187
17136	2819
16475	2715
9109	1513
11597	1909
11874	1950
13884	2288
16478	2715
7094	1187
8545	1436
17135	2819
3522	584
2489	398
11875	1950
12305	2016
13885	2288
16477	2715
12899	2115
7093	1187
1595	255
4064	663
15548	2571
9033	1502
17230	2836
5702	956
4244	705
9115	1513
5703	956
4243	705
7320	1225
15111	2508
2567	413
9195	1523
1594	255
4065	663
8697	1453
9034	1502
9114	1513
4242	705
2568	413
13159	2158
7321	1225
1593	255
15574	2575
15110	2508
9196	1523
4066	663
8696	1453
2310	364
9113	1513
15546	2571
15575	2575
1592	255
9197	1523
13158	2158
2565	413
1414	228
8695	1453
15547	2571
4067	663
4245	705
9112	1513
5701	956
7051	1173
15576	2575
9198	1523
13157	2158
1415	228
2566	413
2312	364
15544	2571
6313	1055
1599	255
4542	755
7324	1225
4128	675
13616	2238
9119	1513
2311	364
15545	2571
4541	755
1598	255
4127	675
7325	1225
9118	1513
10269	1706
15542	2571
2314	364
1597	255
4540	755
7322	1225
4241	705
5288	881
9117	1513
10268	1706
15543	2571
2313	364
4063	663
1596	255
7323	1225
5289	881
9116	1513
4240	705
11984	1968
17238	2836
1010	157
11985	1968
479	75
8690	1453
2316	364
5181	865
12826	2103
17237	2836
2560	413
11986	1968
1011	157
478	75
2430	388
12825	2103
2315	364
5182	865
477	75
17236	2836
7326	1225
2318	364
12828	2103
476	75
2553	410
17235	2836
7327	1225
2317	364
12827	2103
5180	865
475	75
13156	2158
2563	413
17234	2836
7050	1173
5958	996
11171	1843
9111	1513
384	59
14103	2326
8694	1453
13155	2158
5959	996
17233	2836
2564	413
14102	2326
11170	1843
9030	1502
9110	1513
12829	2103
383	59
8693	1453
2561	413
17232	2836
13390	2189
9031	1502
14101	2326
8692	1453
2562	413
9032	1502
14100	2326
17231	2836
8691	1453
2498	400
13801	2272
11469	1894
12830	2103
470	75
2499	400
10150	1678
10270	1706
6791	1121
12831	2103
2496	400
11961	1963
2436	388
11467	1894
1017	157
10151	1678
6790	1121
12832	2103
2497	400
11960	1963
2435	388
11468	1894
12025	1972
14939	2479
1016	157
10152	1678
2494	400
11963	1963
473	75
16866	2775
12778	2095
12833	2103
4931	812
1015	157
11465	1894
12024	1972
2434	388
2495	400
474	75
11962	1963
16867	2775
12779	2095
2433	388
1014	157
11466	1894
12023	1972
11965	1963
471	75
15266	2536
12423	2033
2432	388
4933	812
17239	2836
12022	1972
1013	157
11463	1894
472	75
11964	1963
2493	400
15267	2536
16865	2775
4932	812
12424	2033
2431	388
12021	1972
1012	157
11464	1894
5287	881
4935	812
1190	195
12425	2033
11461	1894
6310	1055
13789	2268
15368	2546
2190	332
5286	881
4869	801
2199	337
15367	2546
12607	2068
12426	2033
4934	812
11462	1894
13389	2189
11966	1963
13223	2167
15366	2546
4937	812
4868	801
5285	881
16869	2775
6461	1076
12427	2033
6312	1055
4543	755
16868	2775
9190	1523
13222	2167
5284	881
4867	801
11460	1894
13788	2268
4936	812
15997	2630
13221	2167
12777	2095
6311	1055
5283	881
1194	195
15578	2575
4939	812
5282	881
4069	663
13220	2167
9192	1523
1193	195
6792	1122
15577	2575
4938	812
5281	881
4068	663
6793	1122
9191	1523
1192	195
5280	881
9194	1523
6794	1122
16988	2796
1191	195
15579	2575
15369	2546
9193	1523
6795	1122
9125	1513
17240	2836
1563	251
5175	865
9185	1523
16846	2772
3387	555
5305	885
13383	2189
15587	2575
1036	160
9024	1502
9124	1513
6308	1055
5176	865
1562	251
9186	1523
3388	555
5306	885
15588	2575
13384	2189
1035	160
11788	1937
13380	2189
16848	2772
5177	865
15536	2571
15585	2575
1034	160
13381	2189
11789	1937
17241	2836
9860	1623
15455	2558
16847	2772
5178	865
15537	2571
3386	555
12149	1990
5179	865
1033	160
15586	2575
9184	1523
15454	2558
13382	2189
5304	885
15106	2508
4941	814
1567	251
9027	1502
7044	1173
13387	2189
11169	1843
15583	2575
9189	1523
15105	2508
4942	814
1566	251
9028	1502
15401	2549
11168	1843
1039	160
13388	2189
15584	2575
2558	413
7046	1173
15648	2583
1565	251
15402	2549
9025	1502
12526	2055
11167	1843
1038	160
13385	2189
15581	2575
8059	1342
2559	413
9187	1523
1564	251
7045	1173
15403	2549
12527	2055
9026	1502
1037	160
11166	1843
13386	2189
15582	2575
9188	1523
8058	1342
12144	1990
489	75
11165	1843
357	52
12528	2055
11782	1937
15646	2583
11060	1831
12143	1990
15580	2575
488	75
356	52
11164	1843
11783	1937
12529	2055
355	52
15647	2583
11061	1831
12142	1990
354	52
11062	1831
11163	1843
15644	2583
12020	1972
14110	2326
11162	1843
353	52
11063	1831
12141	1990
11781	1937
15645	2583
10272	1706
12148	1990
15538	2571
15642	2583
11161	1843
15456	2558
11064	1831
9121	1513
8361	1406
11786	1937
2402	382
12147	1990
10271	1706
15539	2571
8362	1406
15643	2583
16849	2772
15457	2558
11160	1843
11787	1937
9120	1513
12146	1990
2401	382
7959	1327
2967	485
8363	1406
6309	1055
14983	2488
11784	1937
9123	1513
358	52
10153	1678
7958	1327
12145	1990
2400	382
15641	2583
9122	1513
16870	2775
11785	1937
11057	1831
2093	325
13218	2167
14104	2326
4872	801
15370	2546
13219	2167
3099	499
13791	2268
12014	1972
2092	325
2649	424
11056	1831
480	75
13217	2167
4987	824
14105	2326
7960	1327
13792	2268
4871	801
10795	1798
12013	1972
481	75
1962	303
5290	881
2091	325
2648	424
8360	1406
14106	2326
1099	170
13793	2268
4874	801
15372	2546
12016	1972
2090	325
482	75
11058	1831
14107	2326
1098	170
13794	2268
4873	801
12015	1972
15371	2546
11059	1831
14108	2326
7963	1327
483	75
3095	499
12460	2038
15374	2546
2097	325
1097	170
6784	1121
12140	1990
14109	2326
7964	1327
6782	1121
16946	2787
484	75
15373	2546
3096	499
2096	325
1096	170
6783	1121
7961	1327
13216	2167
485	75
3097	499
2095	325
12012	1972
15376	2546
4870	801
5162	858
1095	170
7962	1327
13215	2167
2094	325
486	75
3098	499
487	75
13790	2268
15375	2546
12011	1972
6596	1095
1094	170
11471	1894
6788	1121
8056	1342
9505	1564
9800	1610
7047	1173
15109	2508
13379	2189
1040	160
8057	1342
11472	1894
6787	1121
16850	2772
7048	1173
6786	1121
16851	2772
11473	1894
13378	2189
3093	499
2099	325
15541	2571
9802	1610
4239	705
15107	2508
7049	1173
6785	1121
8055	1342
13377	2189
2098	325
11474	1894
3094	499
15540	2571
9801	1610
15108	2508
9029	1502
8127	1358
9928	1633
13795	2268
12018	1972
16467	2714
1964	303
9804	1610
12017	1972
13796	2268
2691	433
1963	303
5291	881
9803	1610
4238	705
12531	2055
1041	160
13797	2268
5308	885
1966	303
12530	2055
15589	2575
16468	2714
5307	885
6789	1121
12019	1972
11470	1894
9805	1610
1965	303
12337	2021
11511	1898
4662	772
11321	1871
6641	1102
8352	1406
549	86
4663	772
12759	2086
11512	1898
5845	977
15245	2532
12338	2021
11510	1898
12757	2086
4661	772
8351	1406
8179	1365
548	86
12758	2086
15246	2532
5846	977
7241	1219
12339	2021
6643	1102
5700	955
8350	1406
11323	1871
4660	772
5847	977
11035	1829
11029	1825
11514	1898
7240	1219
6642	1102
97	20
11322	1871
5848	977
11513	1898
11028	1825
258	30
8356	1406
10179	1685
5840	977
5841	977
10178	1685
15241	2532
4667	772
5411	898
8355	1406
257	30
5842	977
15242	2532
5410	898
4666	772
8354	1406
15243	2532
5843	977
4665	772
4896	805
8353	1406
259	30
15244	2532
5844	977
10177	1685
7780	1300
4664	772
5415	898
8541	1435
254	30
5416	898
5414	898
8540	1435
8359	1406
11519	1898
253	30
14920	2476
5413	898
4669	772
6364	1062
4567	760
256	30
8358	1406
5412	898
4668	772
14921	2476
8908	1482
4566	760
255	30
8357	1406
11516	1898
14922	2476
5849	977
250	30
11515	1898
14923	2476
7163	1202
11518	1898
14924	2476
8178	1365
5418	898
12907	2120
252	30
14925	2476
11517	1898
4264	710
5417	898
251	30
490	75
3506	580
7693	1291
9536	1567
2040	312
4560	760
14927	2476
7692	1291
3507	580
9535	1567
4561	760
8633	1448
14926	2476
7695	1291
9534	1567
757	109
3504	580
7305	1224
14929	2476
15135	2516
7694	1291
9533	1567
3505	580
14928	2476
15134	2516
3502	580
11229	1853
9532	1567
11844	1945
8636	1448
4564	760
3503	580
9531	1567
11843	1945
11842	1945
4565	760
15799	2603
3500	580
9530	1567
8634	1448
14690	2431
4562	760
3501	580
2041	312
11845	1945
8635	1448
4563	760
13144	2157
2936	478
14692	2431
5693	952
7782	1300
13145	2157
2935	478
14691	2431
5694	952
7781	1300
1288	212
5691	952
6573	1091
8472	1424
5852	977
3997	651
14529	2399
5851	977
1289	212
9077	1510
14693	2431
13143	2157
3998	651
7783	1300
5692	952
5850	977
17262	2844
13142	2157
7307	1224
1075	167
13303	2177
6571	1091
13148	2157
14528	2399
10182	1685
7306	1224
1076	167
13302	2177
13149	2157
5690	952
6572	1091
7358	1234
8538	1435
7309	1224
1073	167
10181	1685
13301	2177
13146	2157
3508	580
7308	1224
10180	1685
13147	2157
6570	1091
1074	167
13300	2177
3509	580
8539	1435
4470	740
573	91
4613	767
4612	767
11187	1847
14087	2325
4472	740
4777	790
4611	767
249	30
11186	1847
4471	740
11036	1830
11522	1898
4610	767
16947	2788
2656	425
11521	1898
5320	889
8958	1491
11037	1830
11189	1847
5341	891
248	30
4474	740
11520	1898
8957	1491
4473	740
11038	1830
11188	1847
247	30
5340	891
570	91
8956	1491
246	30
4615	767
5853	977
11039	1830
17251	2839
4476	740
571	91
245	30
5342	891
556	86
4614	767
5854	977
3797	623
572	91
4475	740
3798	623
9945	1637
5277	881
16485	2716
6376	1062
555	86
5401	898
399	60
9529	1567
6235	1044
244	30
3799	623
9944	1637
554	86
5400	898
16486	2716
6375	1062
6234	1044
243	30
553	86
5279	881
5403	898
6374	1062
16487	2716
9947	1637
3511	580
6237	1044
242	30
292	39
5278	881
552	86
9946	1637
5402	898
6373	1062
16488	2716
6236	1044
3510	580
8959	1491
241	30
9949	1637
6372	1062
14912	2476
395	60
10497	1747
291	39
551	86
240	30
2037	312
7675	1287
5406	898
9948	1637
5404	898
396	60
6371	1062
14913	2476
550	86
10498	1747
2038	312
7674	1287
5405	898
14910	2476
397	60
7678	1287
10499	1747
6370	1062
2039	312
6233	1044
5408	898
7677	1287
398	60
9528	1567
14911	2476
16484	2716
7676	1287
5407	898
1229	203
5409	898
7317	1224
14917	2476
392	60
16961	2792
5802	969
2427	388
1292	212
5689	952
14916	2476
391	60
7316	1224
14946	2479
2428	388
5803	969
16962	2792
7779	1300
1293	212
6390	1064
11958	1963
7315	1224
14915	2476
5804	969
2429	388
394	60
14945	2479
1290	212
7778	1300
1525	245
11959	1963
7314	1224
5806	969
16960	2792
14944	2479
1526	245
14914	2476
5805	969
393	60
1291	212
7777	1300
5807	969
7313	1224
3512	580
11956	1963
6367	1062
2681	430
14943	2479
5808	969
7312	1224
13150	2157
6369	1062
11957	1963
3513	580
16489	2716
6368	1062
14942	2479
2682	430
5809	969
11954	1963
7311	1224
13151	2157
6365	1062
2683	430
3878	638
14919	2476
16963	2792
14941	2479
390	60
7310	1224
11955	1963
13152	2157
6366	1062
3879	638
14918	2476
14940	2479
3876	638
13154	2157
13153	2157
4609	767
3875	638
879	132
3877	638
569	91
2189	332
12771	2093
1299	212
11040	1830
878	132
16246	2671
4608	767
877	132
1523	245
6658	1106
2423	388
2187	332
7776	1300
11042	1830
16129	2652
1297	212
1524	245
6657	1106
2188	332
2424	388
7775	1300
11041	1830
16128	2652
1298	212
1294	212
7774	1300
7319	1224
568	91
2425	388
5800	969
11044	1830
6644	1102
11324	1871
6659	1106
1295	212
7773	1300
5801	969
2426	388
7318	1224
11043	1830
1296	212
12293	2014
13626	2241
12326	2019
10732	1785
12967	2123
8442	1418
8968	1491
16154	2656
12292	2014
12966	2123
12325	2019
10733	1785
16590	2732
8967	1491
16155	2656
4486	740
12291	2014
8259	1381
17316	2850
8177	1364
12969	2123
12328	2019
10730	1785
17315	2850
1176	190
16156	2656
15220	2532
4485	740
12290	2014
12968	2123
12327	2019
10731	1785
8443	1418
16157	2656
1175	190
8969	1491
16158	2656
8175	1364
15221	2532
11047	1830
4484	740
3007	491
3834	629
8964	1491
4740	785
8176	1364
8962	1491
15222	2532
4483	740
3008	491
11048	1830
8963	1491
3833	629
3009	491
2047	314
15223	2532
8966	1491
11045	1830
4482	740
2046	314
263	32
8079	1351
15224	2532
8174	1364
8965	1491
4481	740
2045	314
11046	1830
12203	1996
5361	894
4480	740
10662	1773
4850	797
15225	2532
10663	1773
16959	2792
15226	2532
2048	314
10393	1725
16457	2711
10660	1773
12158	1992
12961	2123
15227	2532
15228	2532
12159	1992
5360	894
10661	1773
2608	415
12960	2123
2607	415
1174	190
16956	2792
15229	2532
12963	2123
979	151
16955	2792
12962	2123
16958	2792
978	151
12965	2123
16957	2792
977	151
12964	2123
16773	2761
6377	1062
6663	1106
16952	2792
6378	1062
16953	2792
6662	1106
4738	785
4849	797
13762	2260
7584	1272
16954	2792
14908	2476
6661	1106
4739	785
6660	1106
14909	2476
7583	1272
13761	2260
16777	2761
13225	2168
16776	2761
13226	2168
13870	2284
13763	2260
16775	2761
16483	2715
13871	2284
2999	489
16774	2761
16729	2754
13872	2284
13224	2168
2998	489
4731	785
3004	491
2997	489
17310	2850
16481	2715
4732	785
317	45
2996	489
16482	2715
318	45
3006	491
2995	489
8960	1491
12298	2014
16845	2771
3005	491
2994	489
16480	2715
8961	1491
12299	2014
17314	2850
17203	2827
9501	1562
2993	489
1255	206
4735	785
4736	785
12296	2014
16843	2771
14420	2377
16839	2770
4479	740
14216	2341
17313	2850
9502	1562
7563	1265
2992	489
1256	206
17202	2827
12297	2014
4737	785
16844	2771
1230	203
2991	489
7562	1265
17312	2850
4733	785
17201	2827
14423	2377
1257	206
12294	2014
16841	2771
7561	1265
4477	740
17311	2850
2990	489
9500	1562
17200	2827
4734	785
14422	2377
14421	2377
16842	2771
1258	206
12295	2014
4478	740
3421	563
12957	2123
4650	770
15231	2532
12702	2078
10657	1773
16144	2656
986	151
8087	1351
17204	2827
12701	2078
5355	894
10656	1773
3126	507
12162	1992
14530	2399
14560	2405
12703	2078
10658	1773
15232	2532
17205	2827
16145	2656
8086	1351
1030	159
985	151
5356	894
12163	1992
16840	2771
10659	1773
5357	894
988	151
8085	1351
14532	2399
12164	1992
15230	2532
5358	894
3999	651
9357	1549
12700	2078
8084	1351
14531	2399
16143	2656
987	151
12165	1992
981	151
16148	2656
15235	2532
15183	2527
7032	1169
12335	2019
9929	1634
6177	1038
14534	2399
982	151
980	151
17309	2850
16149	2656
15236	2532
5634	935
12334	2019
7033	1169
6178	1038
14533	2399
8977	1491
5635	935
15233	2532
12959	2123
12333	2019
7034	1169
12160	1992
14536	2399
5353	894
10654	1773
984	151
8976	1491
16146	2656
16147	2656
15234	2532
15182	2527
12958	2123
12161	1992
12332	2019
14535	2399
5354	894
983	151
10655	1773
8975	1491
15239	2532
9791	1609
12331	2019
1608	257
16778	2761
5839	977
7698	1291
11375	1878
12330	2019
16779	2761
1607	257
7699	1291
7696	1291
5173	863
7030	1169
15237	2532
10728	1785
12708	2078
5837	977
260	31
261	31
9790	1609
7031	1169
5838	977
1609	257
12709	2078
15238	2532
10729	1785
7511	1258
7697	1291
12166	1992
262	31
8083	1351
7510	1258
12706	2078
9298	1538
1604	257
9713	1595
9714	1595
12167	1992
8082	1351
12707	2078
4653	770
7929	1325
1603	257
11509	1898
4919	809
8081	1351
12168	1992
12704	2078
11508	1898
8080	1351
1606	257
4652	770
8182	1365
4918	809
12169	1992
12705	2078
11507	1898
19	7
1605	257
4651	770
12753	2084
7925	1325
16783	2761
8542	1435
2825	457
3010	491
14415	2377
7990	1328
8180	1365
8913	1484
8543	1435
7926	1325
16782	2761
2826	457
7991	1328
8181	1365
8914	1484
14414	2377
7730	1294
7927	1325
8998	1496
8544	1435
7992	1328
4917	808
14193	2336
8915	1484
14413	2377
652	98
7928	1325
1602	257
14412	2377
14192	2336
7921	1325
844	124
2987	489
14419	2377
7922	1325
8997	1496
843	124
14418	2377
11376	1878
7923	1325
14417	2377
4648	770
2989	489
2827	457
7924	1325
845	124
4649	770
2988	489
14416	2377
13257	2171
2828	457
14537	2399
3018	491
13256	2171
1026	159
4741	785
10968	1816
8972	1491
3017	491
14538	2399
13255	2171
8974	1491
11882	1951
4742	785
10969	1816
12762	2089
4920	809
8973	1491
13254	2171
3016	491
1028	159
4743	785
11881	1951
842	124
10966	1816
14539	2399
5143	855
8970	1491
3015	491
1027	159
4744	785
11880	1951
901	138
7920	1325
10967	1816
8971	1491
13253	2171
4745	785
14411	2377
16153	2656
7029	1169
3014	491
13252	2171
15240	2532
14410	2377
8260	1381
902	138
4746	785
1029	159
16152	2656
3013	491
13251	2171
5144	855
10965	1816
5359	894
4747	785
903	138
3012	491
16151	2656
16781	2761
904	138
13250	2171
12329	2019
4748	785
3011	491
16150	2656
16780	2761
4749	785
