7153	180
70	65
1094	719
14215	956
14710	721
13806	849
16167	1920
693	546
11990	40
12975	1078
53	52
12426	321
15694	1231
11062	1754
16666	35
15631	391
5182	1156
11502	1265
7005	435
8032	293
962	778
12667	961
11884	1188
13964	177
6954	1654
13103	839
17127	438
12717	1984
7148	319
14954	1195
16560	1015
997	802
7690	898
14910	1761
11626	1731
11877	1857
17137	373
15169	461
13132	398
13967	1335
16892	636
15726	1743
7216	1025
12014	1825
5631	1476
6794	1382
4024	923
2460	1439
9041	1703
4479	725
806	674
5323	73
7611	1598
11466	331
1597	454
8693	835
16101	1047
11289	1578
5245	1343
7052	457
4876	1366
241	222
6860	62
4565	798
8961	1184
967	782
16540	385
3000	1568
69	64
9116	898
10217	1837
13501	825
3964	1743
13377	18
10767	1889
187	170
5808	1649
4104	1648
963	779
13480	1966
7312	1687
15210	1210
12669	1152
8162	195
6514	1707
13405	911
9385	321
13699	1083
5709	1902
12668	1152
3099	1313
15993	1758
8451	1933
15708	1167
5852	159
14497	88
15819	1152
14112	481
5401	877
14123	891
15428	552
15850	1602
9851	259
13937	1899
3828	1205
14879	594
8547	390
5572	1659
13146	1406
5108	1441
468	421
16255	1851
10326	1382
3390	1640
4617	1136
4359	1336
3002	1085
1753	1180
2101	782
205	188
12617	244
11429	518
14146	1357
15663	718
16865	738
6879	1628
2811	1515
1298	202
12711	1984
3318	1047
15808	212
8603	411
6690	441
16246	1376
12390	843
8778	1714
10586	1972
5201	254
14038	999
8098	127
16467	320
16943	543
16378	1846
12782	1028
3320	729
16095	1377
15652	1141
10188	1226
2987	568
8450	1135
4812	1826
14037	999
4842	1448
11428	943
16468	320
4831	761
16590	23
3959	1512
8221	1879
12781	1028
135	122
12354	526
7488	1688
12489	1628
11236	826
15052	711
4383	995
4924	715
7305	1858
7410	586
6449	336
12661	1152
8883	665
12783	1028
12905	753
4874	816
2679	371
13734	1974
1894	1116
7372	213
10787	42
8920	515
10687	1419
11820	1457
10736	1375
3001	466
6052	45
12239	1290
8289	1126
16144	1402
9117	132
2244	107
7602	1924
4958	1237
12935	1256
17315	760
9685	107
12118	1832
11157	1599
1574	1106
1016	816
427	71
17028	651
12114	1828
15678	1768
4580	682
10256	1906
10908	1586
13477	1329
5833	1825
14030	999
9635	672
12942	1309
2093	639
13421	1421
2969	1553
9354	109
7408	683
5431	820
8278	1018
11521	966
17197	33
17079	1437
11346	788
15920	407
5439	1344
14032	999
555	486
146	133
3226	1617
15175	1918
12670	961
878	724
5823	1304
1012	234
9058	853
14031	999
12166	188
10499	1685
2237	691
10393	1904
9829	1235
5168	1869
9351	109
8542	1194
12677	961
463	416
2757	917
10091	1792
14269	856
16486	1673
15235	157
16684	1157
78	70
8879	531
8997	1535
15643	809
4382	1615
8178	1225
4385	1525
8101	1713
54	53
12355	1689
13687	1088
4841	695
9860	127
2326	1330
12674	961
17311	993
6859	1254
1449	1042
10690	875
12292	270
5049	1543
10102	263
5417	655
6679	1461
1113	865
16681	465
3087	1586
12740	1351
4612	1483
10308	527
420	54
12104	1103
7967	1566
12679	961
62	53
15258	1172
7925	385
16262	1078
627	545
7469	581
15144	885
1193	906
12385	840
1569	1104
8860	1365
1091	11
7685	1509
14665	1198
7697	1534
16241	291
3009	344
16655	42
2435	1430
1661	272
11598	449
9746	896
14545	1927
4284	1292
11958	1996
15056	336
4478	1126
11754	209
6182	202
3017	82
3778	183
16248	1457
17033	1867
11645	363
12706	1984
9109	1176
15638	1896
1667	1147
122	109
10152	500
16959	157
16836	10
143	130
6181	1925
16814	1919
3884	616
14708	1997
2196	378
16271	1572
4828	1375
2394	1274
1599	1120
5105	1438
5223	894
471	424
79	64
15053	1196
16767	1896
719	609
2711	502
16587	744
2687	1490
15845	1602
16324	1148
8160	1981
383	352
13382	1566
16503	1539
9163	1532
3088	1587
11955	490
1993	233
16135	256
10760	1424
16379	1647
9190	5
8511	1379
189	172
10768	1838
11280	1258
13791	538
15260	1089
66	52
13574	274
15644	1769
7686	1168
10194	777
5798	965
1187	363
14059	1732
5832	25
13397	1595
2296	1105
2458	456
11224	1306
12000	89
14105	1270
15842	1602
4765	1231
3502	208
13530	993
6821	1650
7268	1342
4211	846
9429	1520
3755	365
2380	1418
7152	965
1172	893
6253	1297
6868	60
12160	1255
8740	1719
13737	1843
3706	1622
8353	1390
4849	1368
15684	834
4937	924
13509	1770
2476	246
16850	664
7919	669
14929	653
12141	170
10561	874
698	596
5712	1902
7096	837
6823	971
388	357
14666	1908
15839	1602
12675	1152
521	461
6124	238
8928	234
60	59
4475	1680
1808	1209
9698	699
15673	1712
9126	501
2936	849
1594	913
12298	706
15919	1754
13142	282
16119	1418
10569	1972
4665	1710
7385	1774
15486	1603
1956	924
12470	579
4825	780
13432	1151
2999	1567
5399	89
14451	461
9123	761
707	600
8959	1506
242	223
3397	304
10691	675
5287	1182
12296	1868
4774	113
1202	909
16413	1603
5283	316
8081	1059
12680	961
15236	107
15192	1291
16469	1187
12532	1324
384	353
16251	1677
13660	1811
12971	1485
9688	1786
11070	1825
1206	46
16091	1792
4632	352
14020	1864
16962	311
14044	999
16664	39
4020	1505
15587	1961
11049	1681
12778	1028
3713	812
5021	140
1492	939
1972	656
11853	1229
12777	1028
17077	1610
2112	730
4283	1140
15656	220
1973	1278
15992	1800
7777	1933
3589	896
14040	999
580	418
8911	960
15050	50
2253	1073
1477	1057
6063	693
16120	591
3386	1197
11138	1120
6412	1501
3681	1271
10667	1281
15172	1987
11344	278
11208	255
9937	1189
11785	1794
9424	644
12970	1792
12689	961
10325	1082
8634	1476
10182	1008
15177	404
13225	617
2302	1392
12145	423
2405	288
5837	1012
12743	1459
17309	992
6316	1653
12531	524
6328	1337
15984	940
432	392
7585	1192
11423	64
554	485
1559	1099
8910	42
16273	1970
15114	1357
11753	1103
6277	810
4987	1813
11213	309
9886	656
9825	1386
8922	1489
15545	980
7472	330
16245	293
12812	1810
7608	930
15345	427
2473	1193
11817	13
14418	1029
436	392
4362	1787
12020	1926
10134	580
9376	993
15123	34
12299	1918
14121	1279
16471	493
578	507
2707	763
5590	1134
12614	1860
4810	1824
1130	378
16322	1529
4325	1512
16841	1265
14835	1427
9787	129
16272	1281
3989	1173
8968	1188
4846	1837
14104	1493
13664	1509
1710	918
16964	1363
7675	1844
465	418
6180	1047
14761	685
1813	1212
115	102
1890	1057
11906	809
14659	694
7060	1330
1223	791
1561	1086
2412	613
4391	896
2086	1321
12356	1002
3089	1231
7053	410
15915	1355
17254	924
13874	579
13961	1596
1488	50
13410	1388
17133	193
708	601
9945	104
17126	474
4707	644
118	105
12198	95
14193	241
6178	1070
1286	551
9601	941
5839	846
5589	1741
435	177
13357	667
13794	316
9888	1457
13702	1953
15226	299
11398	1361
16697	830
3718	1623
3522	1071
15792	1480
2561	889
14270	976
4333	884
12558	1930
12126	43
5911	1731
2639	1475
11996	1620
2084	1320
7213	218
3709	1387
5690	867
13941	1159
15147	660
6813	395
7263	103
9157	1933
2713	422
16775	1102
1174	895
11987	1846
15424	606
9188	1273
13763	1512
4751	1816
10700	84
9639	1611
15262	223
15597	769
15807	1283
709	234
7093	411
3779	1438
3957	1624
5926	676
4371	923
9193	455
16229	147
5009	159
12967	1057
16084	619
15234	689
16250	1055
9689	1052
16502	1596
17253	945
8916	1858
16500	1037
12305	521
558	488
358	327
5432	1299
3911	1736
9644	1494
8548	727
16083	619
11473	1141
9131	1373
3228	505
1955	1270
7090	1017
7715	351
5765	810
16973	516
6311	946
6661	437
217	198
16328	731
8880	1978
13751	1682
8782	189
16722	1825
6526	1719
11133	1023
16458	804
12924	121
8993	1556
5757	375
2322	921
15989	1888
7589	365
5507	198
4204	1623
4109	414
1494	839
1256	7
5360	1880
12966	1115
3792	301
1874	1237
16884	1121
10607	203
16848	1083
12319	1679
105	93
11627	1492
2696	1493
2383	1419
2425	1132
12681	1152
7181	611
14492	1343
4584	758
6224	1264
1251	932
8166	725
9028	24
13401	1611
15208	446
129	116
9530	883
6302	1453
9322	1081
1896	1243
5702	647
8810	1879
15649	86
1170	202
11487	1220
11733	1476
15478	1752
12334	604
14934	1063
2248	664
4296	1778
15267	1724
14302	46
706	377
7379	1882
12013	969
16504	502
7604	1136
12658	961
3515	143
14918	627
1526	1080
7512	1429
9504	242
13298	435
5436	440
13758	1102
13356	164
16021	980
7702	1223
9742	488
6953	709
11999	608
13756	1485
951	771
1107	369
17264	1634
6254	516
1664	1145
15675	337
2243	111
2332	237
7473	1498
9528	784
298	273
6641	1524
7928	763
9141	366
7609	1264
714	605
2448	1434
5218	909
16599	976
14643	737
8861	1840
10482	629
4287	1537
7576	344
1471	1054
10734	826
3253	504
10611	1660
13508	1777
15923	1906
7708	603
16489	1814
16478	696
1609	730
2998	1566
849	701
14300	1472
16842	1252
16409	766
14618	1961
4131	432
15266	1724
12871	1709
10178	1941
11314	1126
15994	26
12657	961
4821	1832
4739	660
11716	1503
13332	514
11441	1026
15908	1183
14936	734
16843	1800
6745	202
10311	131
12983	1102
8963	1352
4933	1461
6117	1325
14641	1659
5067	732
16553	1740
12337	694
12978	1281
1222	532
8151	1260
3094	1590
13294	6
5923	1016
2415	1426
13350	164
11497	933
243	224
12938	326
7652	1213
5854	438
261	240
16479	388
4230	327
4056	535
6087	1922
6177	829
15815	791
4361	1015
15049	43
2097	1294
15372	1664
3513	209
1252	933
14272	1539
12389	1538
9686	132
14291	1831
11396	1717
14565	790
6945	1336
6901	959
7037	373
6844	84
13381	1677
2102	361
7059	875
15173	73
2431	1019
4031	1752
2532	1460
13346	385
6940	365
16545	1813
5342	1746
9683	525
3010	1570
3930	31
7682	299
9500	211
16073	619
4510	966
5220	299
213	194
2424	136
2188	176
16371	1157
8971	1889
10623	889
14417	297
6693	1821
15661	1907
2884	559
12498	42
9319	912
15375	1246
10753	1675
1963	1274
1810	1211
379	348
4279	701
10969	1721
1549	1000
8587	681
618	202
3169	1601
13409	1388
138	125
16954	1136
4749	1328
8127	239
11469	297
11815	83
4626	305
12931	389
5758	127
12697	1152
454	33
2867	1525
10573	48
15097	87
7315	1858
2033	866
13363	210
8909	847
13419	1928
5037	1639
268	247
1153	308
1951	284
2432	93
16766	184
5011	1483
13293	1917
3400	1037
5010	1483
12692	1152
12663	961
12127	1115
2976	1553
1571	1105
151	109
10483	1896
5408	1344
2046	1305
6365	433
1820	1215
871	717
4978	740
8087	390
4523	1065
1118	867
13658	1170
14454	698
14018	1678
12664	961
7147	324
16386	1837
9715	1050
4370	719
13662	592
1582	1111
1950	1267
14455	1783
14412	159
7470	253
8578	1575
16076	127
16077	619
5332	1574
5288	693
8969	1021
4302	570
7006	472
15763	1670
10665	730
5056	541
13761	740
3252	695
14837	117
10104	640
5586	1518
11055	995
12691	1152
5282	1875
9501	1479
1041	833
5050	1277
10197	1655
11907	567
1592	765
16538	1514
3018	510
12660	961
7321	428
13327	425
3710	693
1294	957
14943	1065
12504	1943
6443	658
10580	1018
1604	492
16709	275
10094	129
15691	1844
14935	857
3526	1669
1958	819
11132	915
11781	501
3762	1712
239	220
14075	1907
14294	914
3398	300
15764	350
14299	1853
16813	1695
4200	1338
6684	1788
14271	998
3532	976
4648	527
14290	666
295	44
6318	462
13364	914
6122	401
6483	1628
2986	1562
15608	809
13251	791
6370	134
2890	1237
16085	1084
4745	1815
13012	231
5655	883
9364	1798
472	425
128	115
7403	1812
760	640
3079	784
9348	135
11654	1862
12333	1437
16488	1990
5658	20
12559	17
7692	321
10323	839
1148	886
9856	1176
2814	255
5794	249
16534	1723
10666	627
16781	386
4613	1807
12506	1324
9139	1470
7778	1974
11048	1834
15026	1998
15785	1376
15601	667
6950	1575
1487	424
16253	1462
15872	1253
10413	870
15633	1185
12142	189
1038	831
10074	219
15238	1779
1301	933
7017	427
14211	1626
15636	49
14060	1954
17203	529
16554	70
14095	1807
11520	68
3765	386
137	124
16258	793
12112	46
16353	1520
15922	1782
10195	264
8688	438
5029	69
16974	771
15676	1764
15834	999
16979	1659
5908	992
117	104
15836	916
11882	1389
8468	1894
11667	1920
5830	1746
16536	1324
5027	69
14313	1590
2187	112
3877	1733
1897	1244
8362	1035
12756	256
4113	419
196	179
2238	1378
14550	1693
4560	762
14798	883
9374	1647
9344	1389
9885	112
12530	1708
10688	1926
3404	788
7424	1882
2871	1527
5671	1164
12930	1305
5700	564
15246	772
9643	1953
8505	1689
16153	277
13700	8
4280	1093
3993	1099
6125	1207
10212	754
4379	583
413	379
3909	1666
11222	1288
3905	1041
10699	1526
17029	1658
761	641
14688	1089
8517	1325
208	190
4110	178
3015	1505
15586	1697
2116	1263
13014	693
5829	1370
10557	410
1114	866
10729	1008
11221	1518
5025	1858
1131	144
209	144
5428	1026
2327	1398
12234	1693
12872	1858
1152	888
13383	737
11756	1769
2233	916
5023	1858
12	12
16552	1153
5032	69
16276	418
1093	855
11161	984
17035	395
15109	580
8581	671
15368	1780
13689	1857
5928	1516
9826	1761
11063	1876
9652	950
15805	946
11680	165
9198	1924
4326	776
12615	1261
13674	1207
12345	107
4225	745
11425	306
2462	1133
7698	1755
8965	1775
13690	954
14453	1588
4372	430
11427	1405
13150	818
11489	1478
3984	552
3237	629
8522	1950
13226	1234
15574	1877
1562	1100
2401	1423
7375	493
14416	1246
6113	628
13478	1889
7629	1678
16126	184
4818	1830
11035	350
2973	1556
10744	1514
16236	87
11737	1526
2478	1444
9122	755
2655	1119
1216	915
4114	537
2626	856
7092	1753
8080	879
10558	1777
3084	1072
1217	471
466	419
7934	1971
16227	1300
5822	150
5357	922
16563	859
6228	1385
10384	646
903	471
126	113
5913	992
10694	1534
1703	14
57	56
4180	1273
16157	309
12912	1504
14461	369
17290	775
4179	1262
10151	1217
8510	782
4649	226
5848	524
6321	928
3307	967
13511	1512
11597	1598
9993	1664
13338	536
2331	1400
11315	754
9798	60
9858	823
16369	618
11205	1338
8741	1392
3996	1465
6116	688
4192	346
11165	984
4622	280
195	178
7593	1073
17266	1355
11144	1358
12496	1097
13330	521
3917	1738
4508	405
4945	1816
17268	1026
4515	1781
14093	1800
3858	932
5498	1064
3131	1595
4750	592
15869	596
7443	1710
9055	951
16404	1210
14982	460
4384	92
10660	497
3132	1595
4227	192
7254	622
12018	84
10661	1863
7253	622
585	512
4524	276
1029	342
15995	840
4952	1598
12393	1056
15060	1506
453	408
4438	366
14533	1082
10565	1190
7266	1380
3395	1641
5921	1517
10759	1918
15212	1852
4324	891
15264	231
581	509
8575	540
3168	1346
6663	391
12167	171
16822	1713
10394	1943
15256	1336
3097	1054
5879	1717
5219	817
1410	1020
14963	1959
3507	207
14169	1951
4241	169
291	268
11714	1439
6218	1407
5327	1575
12107	1472
6307	1226
14531	545
7380	323
12149	1973
11719	527
14667	968
12332	1439
4143	762
8156	1236
4826	1590
9132	895
12195	1248
2427	705
15217	634
4647	42
5918	1629
4956	1766
1480	1059
1138	879
16252	1994
8981	577
5253	1385
13672	698
6658	1102
8723	1206
4514	1781
6865	1825
400	368
10021	1589
9130	1939
11730	75
16270	466
1946	1265
9124	419
10223	1991
14311	780
1947	1090
8977	1491
17220	577
1484	324
2471	1430
7384	765
10576	258
4308	888
2568	655
2100	1325
11763	1779
966	781
4802	453
9345	1624
11675	865
16121	1416
10214	1544
964	379
4869	1840
15179	255
7932	413
9381	1185
9503	1593
2457	1053
16953	859
5592	222
16558	1326
2759	999
9189	1924
7020	400
13684	1247
1701	583
1957	540
1953	709
4434	1555
2892	651
16690	1127
17246	771
11711	1916
1807	1208
14147	585
13208	211
17219	927
16550	1010
10910	1318
12103	346
17114	1600
13938	491
10591	1080
6323	924
15747	991
16771	1126
12203	968
11037	1666
10198	1332
7376	325
4578	652
9256	1370
13479	935
289	266
5340	1878
1576	1108
131	118
12829	1343
1448	1041
11212	697
9638	1212
13379	735
10089	316
2534	950
12108	780
13394	1652
10301	345
14054	864
15029	1558
12865	162
5878	1012
13010	1080
12733	894
9947	128
1133	875
8176	1245
2931	274
3783	183
11404	446
7010	541
15709	1583
15055	1727
12991	980
3590	1146
5803	1703
9367	533
11065	777
15885	861
8359	67
11316	1173
11492	649
10306	1131
16261	957
2422	625
1139	880
6415	920
14680	585
8149	1375
7681	1529
717	607
5836	1750
6317	898
5429	508
13884	902
12914	133
4232	127
10255	1989
12685	1617
3509	1278
5326	1355
13373	1498
3238	1620
10523	1459
8569	592
1412	1021
14562	1690
2426	115
7411	649
16778	1172
12896	1025
10697	35
8373	1003
10695	42
7966	1460
6846	1416
4840	1236
7574	480
15840	1502
4354	537
3797	1715
6064	172
14911	388
4921	1368
7517	706
15347	1761
12986	1690
10681	705
8543	833
4503	1781
13741	1568
12493	1331
6682	1940
8155	1271
8540	1022
3753	255
7225	452
1207	781
10317	1913
7970	1565
13255	844
2464	874
11479	1456
11759	205
13485	425
14661	1695
1204	188
16149	1298
6132	689
10073	1440
9695	903
11732	401
13887	1463
235	216
8514	718
16557	1377
5693	356
12769	55
12690	1617
15749	1914
113	101
7240	1592
8783	1499
10750	1523
12525	1324
4027	634
13158	1216
11510	1095
11308	1938
12752	1271
5656	1899
2271	287
4935	4
14579	448
12460	857
14021	1260
5257	454
16551	918
12693	1617
11470	1191
2235	946
5060	551
15374	1915
11718	690
10019	789
6306	7
10298	1071
11483	286
13516	578
15338	1160
12320	96
4696	274
3925	1038
4936	1667
11895	86
4141	581
10728	478
5802	386
10617	1616
9982	1937
5805	140
2200	806
9802	1518
10186	1561
14099	133
13877	561
6743	1091
4827	286
13098	1811
13431	1124
5582	1533
4264	1746
15219	464
357	326
11235	954
15410	552
968	783
15537	1076
15205	1543
5176	476
9391	41
6678	993
15857	843
6792	1312
15059	89
13749	1908
11670	1623
9946	95
10181	369
11214	1391
4506	947
11883	1394
16695	1979
11204	253
1566	934
7578	305
16609	1867
4807	1823
10795	1862
16459	805
2683	1114
6115	319
14679	30
4835	709
2465	65
9990	1916
1875	749
5222	1360
2656	1478
14496	956
6881	1259
8684	794
12027	880
4392	1011
9359	195
1872	749
15782	1118
5763	1253
11454	522
12192	1975
8316	1604
4016	859
7374	79
16662	1346
15756	993
15584	709
8381	503
16249	1143
16977	602
14657	420
296	271
16476	954
13703	712
6220	580
7310	1101
10737	716
17034	1003
17215	316
3453	1652
7030	1030
9038	1613
10658	1322
16047	1913
15207	1672
16656	675
905	741
1116	164
11309	434
15419	1896
7099	1568
13207	1942
7390	493
6858	87
1188	321
2621	1469
6055	1553
14098	1789
10556	730
6018	1915
10136	1114
1758	627
9691	1480
9154	1203
9425	575
8944	1704
9338	436
5846	1344
9034	1196
238	219
14010	1539
11058	929
4505	186
14544	430
10138	1114
14419	1949
13888	564
14949	180
16401	198
14191	1821
16718	165
8515	1328
354	324
6331	20
11323	1636
4624	1045
4695	1812
10285	1297
1598	1119
5338	914
2866	769
2420	1427
13302	1745
9153	815
6109	264
14187	1081
9347	1368
3512	251
12734	238
5405	17
15585	901
15866	1687
2041	1302
10271	1540
2397	1091
17230	452
5337	484
1144	883
6573	1368
17074	182
16026	1755
13673	229
15692	1895
1137	878
2231	444
12755	1468
4233	1252
4845	699
9988	1958
5430	759
9713	278
10478	822
12497	1538
5719	1401
12699	1617
16816	1749
12814	1712
4957	1665
15057	898
6326	1176
5406	17
5906	166
8287	1864
12698	1617
10575	1570
9112	71
11306	1852
12898	1430
3111	1593
1352	989
9822	818
16040	1043
13677	297
9636	833
720	610
17118	1943
2611	50
353	188
9739	119
15831	1502
6375	37
6126	1877
6878	984
6867	1659
8921	1325
6020	12
16975	1070
2978	1557
2267	402
5750	1094
982	794
6564	969
12308	545
12344	1999
8467	1796
9748	652
11472	385
6134	465
10531	884
14298	1426
12321	1857
6531	1442
4305	599
8975	363
12554	1113
3081	766
12810	570
7688	1929
16948	729
13156	429
15342	1100
5434	1277
16081	14
1763	750
15403	1050
1290	955
7705	1333
12317	1603
1151	883
3875	1066
838	695
12285	1394
9808	848
8967	1806
6071	1536
14113	642
16407	1380
4850	551
16053	836
480	430
3170	1602
3914	322
759	639
16225	1676
8948	1718
4509	285
3761	648
2533	197
11678	863
10512	1978
14077	570
1581	1110
16127	1994
12297	195
6070	195
6883	406
13013	633
5422	1187
16566	1377
15786	1738
7597	1784
7313	506
10328	649
7791	1571
553	484
12916	1145
6481	1384
15814	456
14111	1221
4931	1848
9989	831
13926	1238
869	655
6120	992
16268	469
16788	1370
16598	761
4910	1845
4140	1186
7930	671
9934	1164
5251	115
1787	1196
6872	491
16838	1528
1189	902
7515	1191
2720	101
16588	1923
4650	733
2199	804
7825	540
13423	1718
5795	1410
7581	265
14617	1758
576	505
13007	1614
6123	992
2989	1563
13016	1014
4059	1709
631	549
16886	1591
3684	1065
3389	410
11467	1619
14157	848
5840	661
9939	1292
6811	1757
1194	264
9789	143
7918	870
11154	1497
4519	220
7413	571
6282	209
13789	1756
9426	9
14534	114
16726	1884
5354	302
8951	720
14106	1180
11848	1649
9434	142
9981	1660
9156	1817
6136	992
4917	1813
2886	411
5676	402
16605	1684
5277	768
2241	869
16228	1986
6876	1134
6480	1933
4985	86
294	25
15787	566
3932	894
10283	1372
9005	1990
10702	1252
15706	1610
4669	1810
13061	168
4615	1780
3679	1393
10103	60
5279	768
10838	202
3346	1149
14301	1826
9026	572
4201	589
8604	1289
3093	1589
7094	493
14023	1633
15659	1613
4777	700
891	731
4959	1852
7320	462
8060	980
12199	1018
5747	1493
14671	1698
3585	1022
1595	179
11285	927
5466	1541
10219	305
297	272
3990	621
3267	719
4014	233
14259	38
1212	913
1409	1019
3890	613
7154	881
16408	1644
8179	1611
8374	1278
17314	1315
10628	409
13153	867
1895	226
11650	1228
15875	362
6069	1513
16607	442
10305	702
9535	1665
11684	752
13879	790
8314	366
15201	1574
8689	1002
15686	1185
16889	730
2895	1533
6681	1636
12387	1607
10834	1274
6666	686
15582	1140
484	434
8538	631
13354	631
15253	1620
4363	524
3703	935
259	238
3090	1276
2185	1359
16727	481
7676	310
3092	1588
8034	1506
11903	39
15799	1962
15356	1857
219	200
11765	1379
7214	105
15171	971
6278	96
6685	1636
13683	1292
1880	1239
3500	1582
13746	251
9779	1262
4139	1066
15713	897
5034	1506
9795	1273
10076	201
1590	567
10765	114
8633	274
13154	410
3901	636
12665	1617
1720	361
16760	791
6019	1704
14448	1195
4491	1795
10730	1592
6444	159
9330	1740
12666	1617
6513	1202
10786	1456
3678	1063
3978	1053
8949	1227
3224	1615
7619	471
5575	1895
14532	867
12200	1309
3900	282
1708	1166
2228	1137
526	465
4490	1795
6446	388
10072	1067
9366	1010
5053	429
3345	1632
12495	143
15412	264
4906	1211
16613	321
6305	1767
8998	1239
9352	101
1388	1008
15110	667
1976	1279
12492	506
16982	541
2971	1555
1200	300
8212	1642
7768	608
11721	768
13347	154
267	246
11025	579
4513	485
13866	1980
150	137
2272	921
12662	1617
14097	202
12805	677
1017	817
8724	1684
16772	1293
8501	361
3897	619
5817	1520
244	57
1253	934
12137	912
13504	1803
11188	380
13963	1643
3883	624
13343	593
16013	1534
15829	1601
7776	193
1666	1146
5170	1104
10314	270
3861	484
15116	1349
37	36
14779	1685
7975	393
12808	543
2107	881
10559	247
5331	1291
1812	169
13227	1173
7774	1845
1563	1101
7387	2
3082	1537
7016	1211
3536	591
15977	580
4286	441
1458	1047
2418	508
5016	836
10382	687
1578	1109
13102	610
1580	316
12922	76
15970	1869
5751	1793
3312	396
14421	556
3229	242
13399	169
3926	190
14972	416
11348	1925
5827	1848
6956	1782
9879	1474
10318	366
7709	1650
6902	927
9790	1493
121	108
14118	645
6515	127
628	546
488	437
13670	740
3683	1190
16072	1740
13968	1102
7959	735
16044	650
3916	1737
13418	1299
12616	608
10411	1185
1969	1277
5231	1132
8557	1133
14656	1690
8862	89
4328	1052
14942	182
3919	1434
14800	1499
8552	1081
15145	1478
3830	907
4808	1472
139	126
12383	197
1707	838
10745	1983
8682	77
401	369
1068	845
14909	270
7009	476
14685	1199
13104	1641
3108	1385
11508	659
764	643
6825	1573
11415	1331
15340	1900
2556	275
10585	186
5635	1470
486	366
1558	1098
12960	653
13871	1624
11440	1781
13296	842
4811	1825
6909	970
253	232
17121	234
8521	730
7101	1877
13250	401
12524	29
13331	1751
6741	1801
15882	1974
6748	501
10090	1279
5600	289
10322	114
9987	319
5040	370
16254	1850
2869	1526
10014	273
251	230
116	103
2177	502
9531	1655
9025	1778
11318	1951
6603	1593
2251	635
1491	422
10581	1458
9061	913
13101	1643
2106	718
147	134
14664	1662
7229	527
7264	1187
5892	370
9127	651
16715	1685
9332	915
391	360
8737	38
10583	565
15727	1176
2434	835
5506	1528
10093	1022
14925	833
7678	947
7252	576
9341	440
7792	1977
5905	154
3800	47
10785	816
2083	1118
4235	961
11887	264
17228	1326
1548	1091
5033	885
11689	1224
12676	1617
2868	528
8777	1757
16839	1251
7842	909
9534	1248
4870	1193
10487	646
14950	1291
6275	784
5435	1238
5217	688
4335	1271
12391	214
15239	728
14174	1408
4481	81
7490	1749
1996	467
14655	801
5048	1506
11403	791
2453	1437
1665	716
1584	1113
6050	1340
4055	1240
202	185
14941	187
766	645
15487	60
11679	43
201	184
7309	1674
2466	383
15991	1413
12963	1692
2826	1519
2099	1324
7319	107
3854	484
9502	1595
14452	1190
9931	1226
15658	1684
6861	662
15884	274
16987	892
3896	1348
12491	382
12526	16
7000	1916
3450	633
16490	1944
479	429
6184	854
2870	180
14293	1841
14714	1082
3928	1739
6276	417
16370	105
9159	244
1711	1011
132	119
2624	1471
8586	1105
2705	271
5930	1487
206	126
10418	1295
15914	700
8018	1087
5246	1558
13502	1432
906	742
4651	1423
7822	1108
5281	1395
12959	999
5058	1862
6955	1256
1877	1238
8175	710
4373	1333
4543	1700
12021	1308
6665	1276
16485	1987
4979	1001
16544	606
1553	1094
11682	859
12735	1730
4213	1249
7707	1383
13960	779
4262	219
212	193
1391	1010
4817	29
16265	1632
13388	1564
8576	702
5054	1248
6297	1217
7480	160
16327	1897
6528	1322
292	269
6521	497
14650	1482
15768	1603
12928	1856
16403	509
12811	703
317	289
3269	1103
5031	1016
2454	1121
15715	1011
9377	1854
8990	42
15867	931
10790	793
16955	699
11842	1849
3458	204
10763	532
3409	1642
3391	925
2181	1356
7325	1963
10179	1774
16714	1231
7782	1425
11739	143
12331	1252
234	215
13160	618
394	362
15758	1939
702	598
1493	1062
8882	1400
12528	45
10515	1227
4981	143
11790	542
10514	1227
15504	508
11023	1025
12339	1965
10303	826
8834	1795
5595	638
5573	1489
10078	1278
10001	791
14951	582
3764	1185
5359	1569
15711	588
15482	730
13157	899
15125	113
12618	512
2120	14
10839	410
1596	1118
8560	1114
12022	707
5828	529
12499	101
7780	593
15693	631
11962	1210
5663	514
6284	530
16145	1449
15222	686
2722	139
6473	1323
10288	965
5468	302
8991	1753
3004	350
16377	1951
14746	1717
15788	691
7710	950
8984	1156
4541	1802
3960	893
14912	132
7972	838
17139	1468
17130	699
9118	1902
478	108
5585	744
2813	1516
15929	347
15879	221
10913	686
763	642
5804	1907
12987	1241
262	241
13396	1369
5632	1647
10196	906
15148	1048
5909	154
16988	802
16147	691
399	367
1564	1102
11426	1433
5681	1901
5247	1248
5017	1611
16851	922
697	595
8150	845
11155	987
8580	1357
1292	885
10571	305
15045	502
12024	1010
1408	104
4667	385
6288	1238
12529	965
12162	1947
8568	1114
5061	1117
14232	85
13685	991
9195	1073
14711	517
1821	1216
7601	1677
3401	1195
2450	940
11669	163
9882	1528
14309	487
1065	223
286	263
3992	831
11981	776
1817	1213
14171	1251
7022	31
15913	277
10080	1225
12917	540
13108	1947
1663	925
2386	410
4913	1727
12985	1911
10751	1772
4108	751
3586	1455
16406	1900
5339	330
1816	477
10204	821
14715	1857
8692	1253
8288	1729
11228	71
15182	84
2178	526
5318	1366
623	541
9433	1122
9978	1555
6226	1903
1490	1061
6948	767
15790	1914
13793	1117
572	501
2812	671
15343	1791
8216	467
1589	1115
14295	1823
8029	1113
15603	1616
17193	1079
124	111
7447	1464
3301	1629
10289	944
15553	261
4581	1035
12350	1990
557	487
3972	1745
3098	941
5013	1819
8717	781
16175	1542
395	363
12544	1723
16239	1956
15194	504
6668	757
14682	861
8033	191
5044	1416
16266	1541
8958	980
7487	155
10189	964
4022	344
10313	1083
11960	1539
4243	969
10297	1144
11381	1232
3588	1679
8996	713
1280	949
9997	1576
11666	385
422	384
6530	1720
16670	155
332	303
7481	155
12284	1064
6664	1094
2180	1355
15825	917
12925	563
6130	1726
17191	676
10201	305
12521	955
1884	1238
3834	1287
14494	1332
16567	801
15578	582
16094	917
17237	1184
3534	1670
6343	1706
10506	496
11376	446
7484	155
11851	362
13337	1055
6604	242
15369	112
630	548
6216	1268
11647	1825
4610	418
9191	1935
13008	1930
5235	99
2232	576
1405	136
1095	856
11761	1206
7489	1128
13257	683
1108	863
7246	946
16952	1837
4223	1233
7976	737
6133	1420
4609	1238
841	698
4260	707
3707	665
6219	511
15826	1377
2388	531
13704	354
15407	758
4939	1769
12396	1695
485	435
565	495
1819	1214
15878	371
3821	1722
6522	1094
1823	394
15988	373
7938	1731
15859	438
10086	1368
3799	1716
9110	461
16868	1361
7718	1577
9793	1401
16375	797
9389	1612
11160	987
13909	1200
4240	1598
16947	467
9053	1377
1733	55
2255	869
7217	668
16501	1015
2087	676
12962	808
9999	1511
2363	1416
1608	1125
1585	1015
7224	357
8840	451
12516	1413
2060	674
12815	264
551	483
5815	1271
3786	1646
3874	1607
5234	1014
4388	1782
13106	527
811	677
13675	982
13348	992
9791	35
4976	1416
12512	1100
8986	1940
637	553
5706	940
6131	284
1009	812
2114	1330
3924	608
6820	1782
15096	960
14292	1832
10316	1694
12136	208
9323	1059
15358	706
19	19
14778	967
6128	291
6830	573
9803	1525
1573	474
390	359
7244	1307
13752	627
4128	276
1731	55
12553	765
6461	1046
11624	1320
15784	1669
10391	267
2610	341
7958	1110
16155	711
11162	987
7265	1270
4217	452
7256	271
9960	973
11169	987
11690	1711
8599	819
14651	735
13386	243
1006	810
12862	1412
4288	785
11168	987
10077	821
387	356
10205	1991
16887	1178
15408	864
5705	940
15215	585
3758	1711
2103	1326
1110	155
8631	1988
15593	1506
9030	599
16765	72
12737	1003
3452	547
2702	586
6225	1090
17027	757
11655	1273
5898	242
211	192
8686	1133
1849	1230
9186	1497
14546	77
11405	729
12338	326
3309	869
7936	995
9024	1952
15832	917
2718	1251
3822	194
1841	692
8953	1057
14115	1968
2398	410
16823	1196
9185	1418
13661	281
3317	402
14235	329
12466	1272
4334	960
13668	560
9830	659
2198	255
1962	1273
12527	1574
15705	1196
13663	1098
11894	1880
13059	335
7981	1009
1040	719
9373	1725
10833	1683
8955	1057
16301	60
7769	1141
11854	640
12934	1955
14923	717
11852	1894
4872	385
2297	578
16232	517
12654	1617
13210	209
6030	692
1607	813
14108	875
7226	1583
12545	245
1887	1242
5467	1036
16696	1571
2491	1449
12655	1617
3403	1039
3717	855
17200	1304
5237	1014
9328	1059
6824	1627
8441	1229
14585	359
12652	1617
5355	1847
14830	1167
12958	1744
11712	821
12304	1606
10203	1301
6808	1935
8988	432
713	604
15820	1377
3080	1246
12988	675
11683	1211
13765	577
10497	252
16134	254
12659	1617
11477	324
6960	985
15689	1733
977	789
15873	1575
13206	411
12159	682
7406	243
5240	99
9877	264
15877	1554
3525	782
127	114
11784	1255
10615	391
16019	142
197	180
11799	600
14683	906
1415	410
14462	757
2520	278
13744	1299
6680	598
10680	581
11523	550
13805	820
3825	221
6538	1
7770	444
3305	869
13365	1259
2197	958
3970	1368
2305	1096
13608	729
6541	1720
7983	1345
2968	118
11674	336
336	307
15367	1837
5035	1859
11644	1996
13697	1611
12910	218
6519	1094
11966	1181
2249	869
7476	492
15576	1763
4209	1771
14686	1483
4905	670
11075	1820
6537	1
13484	379
11717	1818
13325	779
12111	1826
11893	585
17245	1503
5835	1789
1803	1206
3715	1667
16102	750
10252	146
2985	1561
10522	1297
5307	658
16720	1623
7773	1883
7695	1286
5012	1253
11284	890
16811	643
7933	1118
5754	13
7388	1439
4620	1046
6058	1270
8040	316
17227	917
4633	575
4236	1774
15685	1490
6129	929
17236	1813
14173	1744
16269	388
13339	1458
7992	1208
15769	27
4364	736
4294	1566
15905	1191
4435	1791
3268	1622
1606	1124
14186	733
1297	959
16669	1932
16179	1918
3582	957
6800	1872
6937	1240
14948	55
16783	342
13086	1148
14952	1797
12968	199
14553	1189
12469	1787
16505	1147
10079	1772
11792	84
904	740
5162	581
5894	1248
7990	1081
579	508
1843	1227
11046	448
11964	656
1255	936
9777	1937
1140	814
6958	1806
8579	1002
16830	264
11434	273
1289	232
17199	684
8105	1751
14780	1194
13393	1849
16761	1111
14182	348
14043	1601
10295	41
16494	929
4360	1016
16768	1362
14076	1885
3008	1465
14460	924
10584	1017
2651	1312
4909	978
3961	54
5959	464
13333	1730
8315	1442
8220	1487
11677	1042
10185	74
12307	1953
10610	1662
11050	691
14536	1568
13345	166
8715	969
14208	689
17262	1882
4775	1631
7327	214
2295	1390
11496	1692
11843	894
5630	1147
3308	281
15481	780
4746	1297
194	177
5015	1702
11156	1937
16496	879
4592	1698
11211	474
16025	94
7985	1347
12779	1624
14088	563
4263	260
15581	33
15143	1700
7223	1959
16176	31
17231	158
13422	901
3894	1496
7441	1711
999	804
10310	1632
14303	1827
8785	1668
10319	933
11028	239
11741	1317
13626	1691
839	696
7149	1551
7316	98
7351	1403
2098	183
14574	241
333	304
10587	1639
15765	850
12384	808
15404	1159
11991	1506
11146	898
17140	926
14049	1601
13326	1980
2242	622
16493	1771
4477	1793
1302	649
4769	69
8531	1975
2252	218
11225	1708
3007	996
10105	1311
6642	331
4290	831
9881	1310
16837	1043
4776	1818
11474	882
5336	1188
5207	1453
9196	1886
765	644
704	75
11227	1195
8567	1227
3314	445
1283	791
9948	1868
13229	558
13149	1766
5239	1645
996	801
4708	1300
3971	1744
14152	97
5169	1870
2456	420
17196	1872
14423	1626
10484	342
7592	1493
3516	21
15454	412
8564	657
9796	535
7142	1793
15409	206
6675	1634
8678	203
4837	1266
9135	1284
11043	1236
6744	445
7572	781
4068	1540
8915	1777
11345	736
392	30
4767	983
13757	885
4663	1712
11094	306
11317	973
4063	1756
13518	500
4941	1609
7180	1318
4766	983
12825	276
11095	306
13755	908
10657	1
15023	1433
5059	1857
15042	321
5107	1675
7102	1425
12981	1484
9980	698
632	550
7980	844
13359	836
8859	1912
2392	1422
8145	1126
1092	854
8056	506
222	203
10284	1904
15423	695
7693	995
4472	757
14563	1779
16260	1003
15536	820
14456	1342
10488	169
809	371
12703	961
16410	672
9646	1326
1390	1009
7045	456
8572	572
12957	1439
15803	332
11850	580
3523	1293
6875	1043
9441	1513
6368	1641
9031	1361
9437	1533
9696	811
4504	777
5052	1486
4218	1458
16242	263
12237	1588
4922	52
7371	1665
4010	594
10563	281
15662	782
5197	913
11752	176
16844	162
3528	350
2045	894
7575	579
10017	518
16483	455
5356	192
14535	283
1482	134
10315	1973
3907	618
14945	1230
9375	251
11651	1266
16688	1053
14706	198
11965	412
5701	502
11047	631
2474	1192
11210	49
7971	1286
5232	1874
2475	883
13400	170
9329	1537
16549	607
8218	1886
8989	465
7382	945
9786	1522
9887	28
16667	499
10253	316
4507	62
2991	1414
13802	1481
12134	671
5569	499
6477	89
8140	1478
2381	988
1762	1184
11797	330
1175	896
7058	898
13885	381
13969	1800
15812	1053
699	224
11735	1186
8469	498
5877	724
14542	1587
4191	914
14457	1912
12394	326
458	412
2061	425
9794	1040
9428	862
9783	1522
13219	1276
5666	483
13324	927
8058	1882
17261	258
8779	1716
9932	1379
8094	582
4944	1291
1096	78
255	234
12161	1470
4542	1663
15243	1798
15828	919
13795	1926
1760	1003
16098	619
7474	1067
15112	1881
1524	1078
6031	1752
16180	453
5325	1240
6532	1233
6137	684
3859	780
9125	873
15231	842
15848	1377
16240	290
6340	66
16275	1964
13360	992
6032	1752
9044	1417
6285	1701
9363	114
10099	344
1472	1055
414	380
13426	1511
16274	119
2701	135
6484	1078
14176	894
15858	834
11643	695
1015	815
7222	321
6768	1795
1727	57
7039	653
5570	892
8471	316
10662	473
6283	1189
16958	1597
15974	182
636	552
14540	1708
15997	89
14230	1370
11458	1250
16278	817
7614	375
13412	498
4293	1485
3889	1175
626	544
11490	628
10655	1094
12046	1928
408	375
426	117
6221	1793
17240	951
1404	99
11978	456
1208	341
3711	1703
5423	1701
8545	1530
4516	1231
2269	980
12620	955
11762	213
12313	1389
4770	379
6334	1897
11668	1813
5715	742
12135	207
5320	246
15051	1587
10570	1908
13425	496
10912	1071
14598	443
331	302
16870	1610
120	107
9134	1818
9430	1940
16118	747
3465	60
848	472
4489	783
5564	1811
16611	528
10761	985
12147	1580
17031	534
15541	1725
9699	1839
4303	116
5850	1910
12708	961
7405	153
13659	1261
13801	1746
12352	807
2496	1143
12828	563
12700	907
11312	977
4621	1283
1805	739
236	217
2111	1191
12707	961
7716	993
3902	488
8697	796
14450	1903
17243	1216
17039	1913
5584	734
12425	174
582	510
9662	191
8775	1949
457	411
15646	938
10689	488
11681	657
12129	900
10269	1990
7586	130
10028	518
16728	401
11347	1874
1150	393
7796	696
4628	381
7445	594
7389	454
892	732
3985	1098
8563	394
10626	703
7964	812
11375	1764
3304	1045
14410	639
11096	791
17124	491
12310	1997
757	584
5433	1009
415	54
1899	912
4190	1559
14017	477
14297	1824
12193	1019
13788	313
12715	961
1300	961
12169	1214
16115	1941
10593	1891
13088	1718
13796	223
6880	1910
9889	535
3785	961
9855	23
3535	255
15181	1094
11278	1084
11468	110
6236	609
6888	184
11036	57
10486	1970
4331	1782
8929	35
6545	1708
8687	843
6862	1392
8863	575
16603	798
13531	238
428	388
5497	110
3987	264
418	54
1176	13
8732	1950
406	373
16777	1115
8985	3
17251	64
13971	1482
10526	691
5407	146
10501	366
567	496
15252	681
15357	721
6572	320
7143	1937
4144	477
12637	633
13671	1854
5744	908
5022	1463
6520	297
1712	1167
1014	814
12713	1152
6060	481
15024	579
2298	1253
2459	1354
8360	1775
9162	1232
15228	969
12863	796
3494	1663
13105	421
15838	920
2266	496
9346	892
11465	1013
4764	64
16178	1306
14697	134
10769	870
2758	1501
4577	133
6688	196
12300	408
2706	671
5241	128
10222	1731
1755	1181
2649	59
11665	503
2686	907
6946	1952
6108	1029
2553	1461
2304	847
7219	1497
16661	1418
7514	1164
15444	1735
9128	159
13869	451
13361	1240
12759	1218
7100	1436
639	554
9350	336
4733	922
12709	1152
7590	1861
11320	797
13667	1854
15503	1483
7612	1076
4834	19
1842	1226
3888	623
10696	389
8442	242
8513	1327
10385	1042
14214	519
2717	830
6670	994
3719	924
16267	1906
6106	499
1320	970
1407	1018
810	509
1700	1164
3270	1385
9033	1580
17241	1517
6949	901
12048	1508
482	432
6943	924
5889	389
14149	1596
15911	1615
429	389
15833	920
6571	1580
4298	567
6942	768
11021	1984
13970	261
10387	1728
5424	1815
4630	1455
6518	1322
5111	1724
4747	1176
2703	969
5633	1451
398	366
16601	969
11963	32
7939	1789
13498	989
6529	453
16393	1554
1728	69
3997	775
16556	1602
3782	961
8180	1629
12719	961
76	66
17312	841
6479	1522
12139	1768
15349	198
5329	1255
15847	1601
2396	1182
8035	1694
8577	1127
5117	144
16000	960
16184	538
9498	892
2034	728
3584	382
1717	57
16373	1173
6304	1577
5593	734
8082	1742
14006	1812
10202	914
5759	1847
7218	1247
81	61
11310	819
7795	1543
5228	1245
13148	42
4011	222
3757	360
2239	999
7961	1885
813	509
12508	1894
192	175
4202	1770
7771	702
4540	1787
16821	1873
437	394
11319	1462
5807	1845
4896	1843
10509	882
7723	1900
10088	961
9440	827
1786	1195
3931	417
629	547
15406	1699
14188	936
2622	1470
6938	1337
71	66
2721	75
12906	1415
10517	1235
11464	979
6308	1308
3454	1649
9737	1550
16231	1191
8083	1741
220	201
1605	1123
1995	1285
11729	1960
6793	577
5599	1275
248	227
16046	1236
11793	575
4573	1550
3920	1117
13076	975
16885	820
15609	953
10485	23
4018	934
14274	98
4912	255
5997	79
1284	873
9959	1680
7383	1965
8776	1726
16782	1908
2001	1040
3085	1585
11901	1267
12505	467
6017	1838
12163	1818
6659	1092
14285	1546
6179	1420
12758	782
9040	1696
11294	1296
7577	492
10614	465
13224	622
6952	1607
11983	188
3227	1477
7026	1954
8355	849
17235	1396
9700	1668
7963	748
469	422
11899	569
11755	1864
8592	756
16890	780
9958	1218
8520	1191
3716	593
8354	63
404	371
1591	1116
5741	291
15849	920
2872	1528
10592	660
16015	1649
13018	1428
1010	152
8544	1148
8718	1592
8838	1434
16832	1207
10075	222
2970	1554
12977	1439
6280	1835
6341	1316
16957	238
11295	927
39	38
11437	972
11720	894
16374	1220
12754	1375
3298	1628
16940	1162
15590	540
14645	1537
1413	491
11687	17
6299	185
12974	1439
14209	754
14124	648
4611	1806
112	100
2716	1495
4112	544
16405	160
7475	841
7701	119
461	414
845	496
3963	1065
11512	316
6856	446
3829	1381
14928	889
13939	676
11997	286
6298	1681
9979	1160
6801	1946
6068	1921
8864	603
15575	1475
7562	1176
15257	1371
4067	264
15198	282
8357	1597
7729	1793
2048	1307
11298	1689
6544	1704
2076	1316
2726	584
4946	489
13753	714
4107	442
7049	112
11279	602
7674	766
3109	1592
8139	1871
4375	1561
14831	1857
2088	876
1577	958
5115	1700
12536	1745
2467	459
9342	1258
15640	941
11764	230
12897	216
6066	1834
12656	1152
1560	858
9824	1792
4210	443
6234	811
73	58
475	427
10842	1985
5438	1883
15835	1601
11277	35
10747	1592
424	386
6279	575
17238	1517
13141	537
11880	1263
11640	1859
9854	195
11723	688
12542	1450
4734	1630
16984	1122
7834	791
10840	1211
13387	568
12130	1394
1011	315
10590	1429
14175	1021
13873	1787
15600	980
4492	582
6336	565
11713	1071
14125	1991
6252	502
14962	1049
6073	322
9648	114
15876	1579
6287	576
14878	1017
1586	393
6301	391
13499	259
13510	1559
459	159
9799	452
1734	69
715	592
2399	35
10606	396
5904	639
4338	646
16048	1952
12874	1939
6886	1586
1037	830
5026	904
11136	26
1199	908
15350	1997
11796	689
12738	1082
1975	980
13358	155
8857	303
5488	617
9714	1631
7982	239
3456	1653
9365	757
3923	94
16096	239
14213	992
6686	1712
13411	1517
6596	1890
16773	1885
9529	1298
5179	955
902	739
14916	1208
6877	1395
12110	1853
851	490
16168	1118
11164	1282
11673	1979
3128	1302
6944	1577
8983	26
13385	1963
15197	1254
11170	1473
15054	644
9380	1446
10324	37
2082	1072
16815	1562
16043	168
4629	1683
10609	972
11760	208
14642	739
6540	1286
7220	1896
2210	584
6523	1493
13676	1503
14210	992
12517	1485
8504	974
12806	525
7617	1971
12291	657
12634	1227
4295	1616
11220	1653
8377	1001
1806	1191
13417	1517
11892	1530
133	120
2988	900
3593	604
15753	273
8725	1530
17239	819
3306	868
13503	870
583	110
6831	1889
15126	349
7032	302
8912	646
3714	110
17291	838
13637	446
6339	526
14875	148
16491	585
13876	1047
264	243
11166	1282
2648	310
4224	1719
12762	1111
16380	540
5678	1306
2035	1177
6662	1063
7260	1927
7588	718
13367	860
625	543
8084	1624
13303	897
8095	888
9361	639
11209	1697
1147	885
1814	725
16610	1604
1804	1207
15759	1901
4824	914
12918	883
7404	1475
1732	64
17136	277
12520	1682
16146	603
16092	239
16051	280
13430	1767
2996	441
13222	1786
2324	432
13352	155
5057	883
11072	939
12900	792
1809	1210
16537	1248
6683	570
16123	1122
1227	920
7401	1048
16934	677
16849	1209
3311	868
7793	25
15233	1867
3876	145
12979	1391
12115	1829
2313	624
17267	1247
13340	512
11158	985
2118	1251
5753	1719
2566	117
3962	1716
11042	1838
640	131
2712	114
10192	376
15674	363
13256	416
2311	334
13011	692
2678	59
16659	1203
5960	1592
7977	1201
11788	1659
15716	730
870	716
11881	1191
15240	823
15650	878
8158	410
2306	1393
16183	249
9752	1105
4932	1589
1109	769
11886	887
13089	418
15142	1482
14696	736
5890	1535
13228	417
4589	138
984	513
696	594
11022	1473
1870	697
2273	859
14660	945
15880	1066
11142	1495
4184	505
15488	1855
15214	915
11646	1855
6542	1068
123	110
2677	1487
14658	1923
246	58
3913	1020
11290	1989
215	196
16022	1500
15802	2000
14234	1516
7730	1295
13476	1062
4920	1746
14584	1463
721	232
15654	1079
7041	25
8836	183
11074	938
5896	745
13371	319
7937	766
703	447
1117	354
10081	308
12836	1403
11321	1697
1889	1194
2896	1307
11491	1001
13214	1705
7655	1381
11069	1960
9687	215
15250	764
2113	445
14103	1393
5922	1912
145	132
6376	1511
8855	723
2351	375
7011	473
1719	1044
67	62
11782	1516
1074	60
16507	1779
2049	11
1478	1027
14832	901
16866	1836
2975	681
5173	627
6014	57
16049	488
14312	1024
11500	1632
2449	900
7378	112
14148	40
4809	12
10380	158
16546	781
10227	1737
11461	878
8523	210
210	191
14179	1242
689	504
6319	1860
9784	1635
3708	1251
5659	47
10307	677
16300	1123
3591	821
10254	6
16710	1979
15202	1976
3773	533
9036	1802
1730	70
15870	1790
4146	463
10577	187
8923	575
16381	1955
710	228
1718	58
9812	1962
5020	602
16088	239
14877	1899
1570	591
11982	1382
6330	1928
10139	1674
13886	1389
6853	768
8812	1083
691	591
11988	607
1723	61
407	374
13290	211
3787	789
577	506
4239	1490
1075	55
15783	1527
5654	1880
13742	814
15642	1621
15542	1506
6235	337
7162	1631
5851	833
8679	1656
9439	599
16824	1858
2463	1440
6535	1887
14119	1076
5068	85
2613	1311
130	117
1725	61
2317	614
9985	1663
2389	1329
11641	1112
10221	1866
7704	1094
5030	1111
13099	1764
4698	1439
8039	1421
9192	1075
11283	228
14096	1016
11874	1382
8154	1834
13342	1766
9320	1433
1001	806
11509	378
1726	64
1277	948
4867	915
8945	1357
7973	1355
8323	583
9634	92
9880	582
11159	986
17117	1787
1069	470
1706	1047
11998	39
13155	1727
7446	1802
12941	1954
17313	1803
6857	543
6127	1901
652	564
10578	187
13870	832
6874	715
13064	1010
5684	1452
14414	696
430	390
13328	937
11215	270
3880	612
5198	1303
4386	1480
7927	764
12712	1617
11060	1465
106	94
12423	1582
9138	273
1704	919
17269	1525
14834	1001
16368	1542
3781	1127
14268	766
4301	1136
7988	1058
2121	1331
13413	455
1840	1225
12710	1617
9499	1519
6061	1819
12716	1617
8925	949
2250	999
7324	699
8908	728
718	608
11954	1362
15044	363
17113	1674
9121	390
15648	595
5486	1029
14422	829
9533	1668
12714	1617
6281	520
11322	188
5106	595
11766	1741
843	491
7381	544
16277	627
2229	1376
4763	987
5236	93
3393	585
14944	174
6230	895
2560	1125
7056	544
14458	639
11493	1821
11885	1529
5051	988
9158	1213
4773	1619
6112	950
5509	682
17233	1584
14472	808
10213	1866
16689	668
6390	1370
10180	586
11652	773
15352	854
16174	427
15344	1953
3803	1717
12301	596
12718	1617
17037	1798
12510	532
2374	584
12523	1627
875	721
7579	266
9379	555
14692	1068
1974	697
5177	1396
7046	1536
10698	650
8030	755
4623	1308
13766	396
10135	1674
14908	657
4058	1598
15223	487
13063	1644
14709	354
3677	888
2382	670
14168	397
4057	1239
2201	1363
5748	1507
10784	1032
16983	258
14966	183
16820	1858
15113	1099
16079	239
4902	1217
2385	670
385	354
15183	334
5200	257
11722	1570
16078	239
318	290
11296	1393
6295	1648
16711	985
8551	1682
6988	1473
2564	1269
4520	1797
4566	760
36	35
7726	631
16116	1963
4329	413
4822	1833
6815	1512
5335	1577
624	542
16825	2
2421	1428
12395	283
5919	1606
7258	590
252	231
5341	1617
13334	438
9160	1619
5043	1860
4984	396
7628	883
8839	709
9042	1224
1965	594
3101	54
8259	255
15748	109
6667	1939
7689	1438
16233	88
8279	130
10520	481
13910	1372
11471	1969
419	382
10735	854
10613	77
13351	1128
16708	1814
7699	1319
10965	1057
13875	454
16075	239
549	481
12168	762
9929	1474
17229	305
350	321
3104	1382
17247	852
10480	42
7924	1609
2433	104
1250	404
13390	1790
2423	99
16481	1260
7783	815
17242	1144
13680	1586
7580	1105
460	413
14122	1223
5403	1443
15707	1578
4292	206
421	383
2563	1464
1851	695
11758	1701
13205	1665
7696	1253
11455	915
14927	1857
5664	250
4212	938
5039	1607
4664	1431
2240	663
11068	1624
7248	1940
16279	490
3455	443
2990	1564
5230	493
5409	196
8041	1973
16387	358
2270	59
5353	1879
2893	1179
7001	1228
4355	1786
3775	670
2209	553
11459	745
2470	1443
9349	186
15602	189
15910	1876
8508	1004
9962	893
15174	270
9694	780
1593	1117
16023	629
16671	404
15710	1505
14304	1828
5304	550
10270	392
15200	418
8470	812
1112	198
14051	39
15028	1103
5689	669
8100	1784
8987	842
7358	1715
5072	153
5055	415
13705	1679
8571	1073
13152	739
5510	1786
13513	493
7561	143
1171	892
3827	1462
15637	671
10741	556
8781	817
15376	345
3106	1107
8957	468
16867	702
12915	1471
12632	658
6378	430
8550	171
10441	1689
4281	1777
15539	79
12382	1852
3855	1143
5243	1676
16707	815
8562	999
3102	363
15041	1104
3011	641
417	382
12788	1153
15635	800
5711	69
14212	1966
865	712
5801	1113
425	387
16082	999
4030	1751
2230	271
1411	102
11818	1406
15538	335
8258	1663
12787	1153
2375	720
7267	1815
12864	463
15811	1591
15793	1493
7144	14
4732	77
15098	1878
8605	730
15107	892
16226	1097
10216	1349
12392	151
6286	1140
3933	143
9992	1315
5760	1443
6140	1867
10752	1090
8449	1244
1228	921
2402	1424
11431	1558
9360	1633
7829	1871
4482	555
8152	1187
7007	475
13009	1999
2333	1401
12732	1284
351	322
12194	1349
16604	639
7596	743
6674	899
12701	1617
1968	1276
17075	176
14690	836
12704	1617
5556	153
14937	1908
9961	1951
14267	1731
16264	658
5704	1627
3904	1353
11399	495
14275	634
13666	877
11163	1938
17221	755
11989	222
16151	1866
8964	506
7722	1331
8565	177
13078	1220
5897	1593
15752	533
7270	1600
11787	1672
9371	691
1709	399
2562	951
5707	1388
1547	1090
11672	180
17040	1958
17204	60
16412	669
586	513
4017	721
5361	67
12621	1755
8079	304
11397	386
16506	163
10101	1028
11460	881
6804	1716
7062	1315
11167	1938
16086	999
5062	1007
3449	1409
11649	391
7151	1113
14537	198
13	13
16846	711
2395	670
4752	1817
11400	1251
12335	947
15230	870
3973	1312
1822	1217
2685	481
13505	923
14543	1619
5493	1182
15789	1222
16087	999
7772	447
12122	1960
13143	554
4559	1803
1960	1271
5400	1507
15401	790
3016	1461
16827	273
6013	452
1099	857
15904	1213
17134	1307
4614	862
3824	353
15543	892
9357	1985
16763	972
4115	969
10510	878
2318	622
9647	713
15502	172
2932	1273
10309	1796
16826	322
16089	1067
5415	1712
7717	82
5766	788
4111	280
5796	1292
8217	1186
10771	1313
2653	1440
8683	601
15809	400
1282	951
11734	1670
4485	1609
10024	1992
15757	503
3676	267
15841	871
3322	1274
6310	339
2254	1134
4951	1058
7824	345
7618	157
5290	1281
65	61
12306	1648
10733	390
4646	244
15242	10
119	106
16323	411
9119	1357
11141	1924
4441	653
1660	760
842	699
5333	829
4806	746
10321	225
4923	1588
13942	370
6250	1252
7407	406
13355	1688
9788	873
11992	1164
1224	919
438	395
9006	1476
9853	1964
4583	1407
12045	1180
7409	3
7584	1187
4366	142
980	792
5038	110
16719	153
14464	812
1225	919
15106	141
11206	1635
13389	569
8954	673
12238	723
9935	213
9984	1759
4000	1747
9754	1329
16477	1860
1226	919
4064	1605
17244	1913
10392	1865
1447	1040
16542	1122
11140	133
16780	695
6053	885
8189	91
7377	779
4904	1844
11794	672
16769	1221
13688	875
7600	129
17195	1519
6524	14
1296	958
4953	1457
6900	1614
11432	483
12146	438
9941	780
1886	1241
638	39
6471	313
5755	1442
12989	696
7163	693
7051	531
5907	443
396	364
2967	734
15647	1191
10911	1988
3906	1735
3249	1158
13372	203
12832	1266
14016	1742
981	793
6789	216
9009	329
13686	1728
16963	321
9339	1329
15718	1733
15105	1131
2384	1420
17205	1586
10772	734
293	270
2037	403
11026	7
6826	1525
218	199
5496	1115
13223	81
1853	515
9037	1963
14101	1343
6845	1441
4066	934
4587	1402
462	415
6939	895
4214	60
11045	1694
3979	72
13575	872
5491	794
16090	999
8681	1747
15121	1887
140	127
4871	1466
12309	198
8786	500
12913	690
3321	1538
6229	707
11462	45
14707	655
13754	1281
1959	1096
9805	1255
14652	569
15170	1091
1971	47
5024	1126
11379	707
16935	1814
15249	1026
11171	983
5665	1803
15655	1762
14713	1503
7025	1479
13151	1125
16608	996
10608	1238
15604	1650
5495	794
5425	821
8742	1315
15422	1087
22	22
12132	1189
12636	1023
5487	1182
8696	1318
16390	600
15263	308
11572	1052
16724	155
1249	756
10302	1456
12283	1806
6065	1920
5591	1771
10764	1396
1192	905
6324	1435
17252	25
6785	1727
5761	1250
1852	1194
4564	784
15341	894
5178	206
16039	1530
14528	1209
15971	1870
9930	1981
5286	1281
5104	371
6803	66
7926	1470
2452	1436
4145	1586
3126	872
8036	1690
11485	787
17192	1932
3953	1247
14551	1676
8163	1687
4380	125
13087	1876
12290	197
5555	1289
4805	339
14495	770
15418	582
12833	600
12507	1273
476	156
2211	1366
6377	812
13362	41
7712	512
3003	550
4950	1851
7386	779
14087	754
11292	268
16169	1375
4528	1567
12920	1093
14011	881
13212	427
6291	1901
15211	566
15061	1163
9054	1983
2323	1397
10841	889
6827	1818
10572	417
17249	314
2104	1327
3833	1724
3530	1355
1554	1095
6374	1929
1213	621
6233	229
6677	1638
617	537
1008	402
77	69
5221	651
10966	1988
14216	336
8842	508
12613	498
12742	1928
8566	1681
10133	1537
15402	1702
5813	1847
5672	1900
6414	916
11844	840
6866	1146
8539	500
9152	1509
5634	887
17194	1666
3266	1479
12311	114
12023	83
12047	1012
16480	1098
688	35
7713	1708
15261	372
4285	1483
15679	1653
4483	1794
12105	1823
3804	535
10150	1799
11511	24
12158	1936
15426	169
3110	1451
3005	126
5914	1808
13253	167
8719	83
15599	1723
4911	1316
2413	623
6806	349
5691	1838
8970	1825
1715	53
15750	1527
11986	564
11288	1861
9801	1286
10756	1412
2889	874
11904	1834
3529	1127
16474	1902
11985	564
9111	883
9800	1286
2949	526
13216	52
6676	162
11984	564
10701	1611
15180	1531
8881	1620
14840	1591
455	409
7261	147
7038	1131
12302	723
5070	1091
9852	251
14670	18
10742	717
6237	146
2234	1377
695	593
11740	44
487	436
8956	5
15591	329
14829	148
9133	1075
2105	1328
10026	179
9187	173
15767	1397
6525	1176
9077	1271
4588	457
3219	989
6342	393
11091	1956
9782	945
15134	1533
7828	1684
14662	495
1721	53
12741	1354
334	305
15766	1669
3965	1599
11847	1463
7098	1601
1952	1268
11980	149
14967	182
2614	39
8992	290
12911	1745
6959	1062
14552	1456
8926	672
15688	474
2040	1297
16668	154
6445	1104
16845	1407
13060	1437
5565	9
16128	1373
9649	714
1143	882
6294	734
11622	773
3316	1631
2498	746
4668	1516
711	602
8177	918
8914	1205
11692	118
12138	1701
2468	1441
11494	627
14647	1566
11798	981
16891	945
2299	1075
10755	1494
15797	352
4590	1805
7607	738
8143	440
10417	1663
17189	1422
14953	773
8380	1115
16074	1166
7257	846
423	385
13944	770
7923	754
1229	16
16956	1411
9431	1307
3892	615
4529	1531
2607	69
1219	917
17076	439
13912	521
14926	1392
11137	41
11957	1644
5175	1872
1098	57
1575	1107
3302	496
14654	407
13077	977
13762	1378
7477	1798
16764	465
3895	620
9388	1677
14691	343
4365	1396
13349	1042
4975	531
15605	1147
7984	1600
4635	145
14114	1633
16565	917
3954	1059
3251	1525
7012	470
14712	1796
1119	320
4026	1240
1135	574
7245	1393
7591	1872
17036	81
16143	1213
9998	1848
7679	727
8982	232
6289	1927
6051	180
11064	1912
64	45
1757	1182
8372	1386
9056	1001
8500	96
16389	1340
4762	1280
7034	1910
1964	1275
13693	1307
12427	1454
2090	854
10355	911
11152	7
4829	597
13215	555
3780	1382
700	195
5812	1068
8924	129
10789	1577
14100	548
15906	742
6812	1949
16472	213
11789	249
15863	1367
15577	329
5958	1470
4585	634
15355	1541
11495	531
10500	633
12424	523
5717	410
4337	822
9753	135
1967	682
1120	259
13254	1705
13605	832
10836	474
12133	1721
15178	349
4181	1188
8174	1445
15903	742
2897	1195
4440	499
17265	1846
16779	1835
4830	704
11291	845
11040	1349
9809	141
7719	1465
13517	342
5411	228
13962	287
5692	1803
7050	1444
4844	1836
5597	229
1759	1182
7242	951
8554	408
3952	528
11203	1365
355	325
11757	1112
12809	794
2203	804
6292	1458
5679	1483
1032	828
15823	1501
14181	431
2268	432
5799	1417
2325	1239
9797	203
2109	1294
16687	500
15371	945
812	678
2119	86
4238	1775
8735	230
10738	722
12984	1761
12286	403
2063	1312
2246	1377
575	504
14308	1960
16041	1533
7968	1702
705	599
5181	434
6314	1064
6783	1438
2714	546
9378	766
10085	955
10749	1319
13288	1189
2488	1446
15824	871
11515	848
16589	1783
15251	1611
11139	1693
3508	593
13692	1082
13936	1784
10739	1568
9778	1426
12990	232
10837	771
9358	626
874	720
8165	659
3863	125
15457	512
3297	728
11189	1464
10579	1064
10754	1533
3583	1677
5571	316
6871	939
1481	926
11226	1032
7935	1846
15043	737
15821	871
9004	11
3968	1235
2612	1467
807	675
6369	517
11438	452
7004	1953
7486	1713
5720	1903
3977	1725
10555	1049
11293	522
14007	1033
5816	1766
1451	772
1090	853
9060	999
5036	1089
4473	1398
1893	1084
15596	532
3587	1678
250	229
11071	176
4919	1149
17234	672
14538	712
12976	270
13107	1411
8097	1262
4955	701
8947	502
5574	1894
9792	1271
14409	1208
16981	1248
13512	678
3893	617
7979	824
16541	1716
10084	1382
4471	1765
12908	571
15505	1199
82	69
17198	1483
15206	1855
9045	1115
12965	1091
5849	1323
11449	1616
108	96
330	301
7962	206
9936	210
4816	1829
4918	1846
490	92
8379	140
11791	718
8260	1219
5811	1557
6111	1271
4357	885
11054	1210
4771	1280
10507	388
6644	286
11041	28
10656	127
10519	157
16945	1724
2108	1132
4625	332
7203	592
4947	1850
2089	148
327	298
17125	1105
3910	622
14646	1201
2328	1171
8378	550
7227	544
6951	1775
6786	1374
4737	1381
15425	1537
12513	1185
8343	989
9684	1136
7035	1542
7516	1309
10294	1765
2948	536
16888	1159
14158	1999
6337	567
6232	400
8558	179
16663	474
7322	267
1406	124
15485	1178
7683	1973
12106	1831
5581	868
620	538
15791	358
2115	434
8691	1681
9747	101
11051	993
17120	1105
2387	1421
4106	1510
8086	1313
3991	1368
11846	1007
15639	764
6887	1725
249	228
10731	590
16376	335
1761	1183
12702	1152
5437	57
17217	647
15813	144
7033	1065
10390	541
11786	548
4216	1723
12873	533
7687	1915
4868	1409
2494	1450
2974	501
5915	1616
12927	606
552	91
356	271
6602	1585
7706	1072
12705	1152
15798	734
10225	494
3606	1314
1891	1236
12739	1349
5927	1325
5818	146
8685	432
2451	1435
68	63
9908	1302
14581	1044
7468	641
6870	487
14408	496
1489	1060
1201	833
2928	1120
10498	923
15830	1501
3832	953
14048	1740
4476	465
13764	1396
13698	198
14153	16
12318	742
125	112
8733	949
4838	1835
10327	1241
7833	704
2469	1442
12326	587
13745	679
14289	1822
14033	901
8161	1171
10692	426
15611	1806
4029	471
15405	1514
13147	1902
12514	194
2980	509
9369	994
4618	1808
2684	1158
1403	1017
8731	1015
8595	1821
14177	1171
2700	574
5404	1233
13429	1660
1221	474
12123	1590
4772	942
1966	958
15124	562
4291	888
5041	921
15580	1889
12866	47
12328	7
4521	563
3789	966
14056	1740
12980	999
11898	599
3982	20
12511	632
16693	180
263	242
14055	1740
15690	41
3006	1569
16497	635
265	244
11282	1964
8636	1217
12940	1643
10184	1181
1729	1169
9114	1199
15912	929
14053	1740
16344	1498
6335	758
8055	55
8582	1977
4309	139
1473	436
13015	60
4021	1750
14970	1216
9749	426
12982	1395
16665	819
5489	616
4736	454
11424	1625
12744	1678
2411	1353
13803	390
2650	417
17216	1835
15241	757
7228	370
17030	1670
149	136
14541	794
7255	1729
15199	845
5667	1498
16660	1439
4652	551
12813	1706
11349	370
11382	708
4527	1799
3250	1382
3405	816
10479	505
12757	1536
8590	1067
13217	1491
10354	347
3882	618
6802	1947
11956	1927
11134	385
9387	854
6784	981
6810	1181
11518	745
2064	1235
59	58
11685	167
2110	1329
6367	1643
10272	969
15677	461
7720	1290
5838	223
3922	43
1281	950
1111	864
8375	713
1169	891
3299	729
3879	1324
634	418
8057	1228
5250	120
16299	381
13292	915
12895	1426
6660	251
7061	436
1702	785
10560	1641
416	381
110	98
13402	263
2419	1350
7725	1880
15996	1842
566	266
15861	553
1850	1231
11143	1232
14116	1430
9785	807
11061	1668
5596	1348
2195	347
7251	1961
1067	844
10748	592
258	237
16834	1962
15030	943
3388	1639
5710	70
6447	1539
2559	1463
1754	523
633	418
15232	311
2827	780
11073	1982
483	433
13665	498
5427	1005
13867	98
9353	1084
9317	585
5254	124
8729	422
12016	1657
5464	854
8570	1150
15973	760
284	261
8974	981
15204	1286
11020	1744
8913	905
12807	1711
14917	1391
10268	893
12827	540
5742	1450
621	539
14090	1341
3394	1390
4943	1659
4502	454
4381	111
8632	447
10516	738
15484	535
1389	999
15641	1816
12961	1981
3704	1460
5184	1729
13804	1382
7307	233
2887	524
15592	865
6309	1090
12012	83
15632	1221
13289	545
16936	1245
14717	722
16944	1756
6372	1676
6478	1003
6563	1630
10524	1077
15844	1501
8506	730
16384	1471
8350	298
4023	435
15874	1307
14827	27
5229	1194
619	299
2699	572
7711	1248
4390	687
4832	1834
7684	1685
12017	1488
14036	1740
6657	1677
6183	1088
152	138
8071	988
11902	236
1450	1043
11422	1559
9214	580
10282	1631
9828	1410
10663	1202
13075	884
5924	1616
6787	373
9986	1408
14530	717
4819	1831
10567	1114
8811	1844
11351	646
16259	59
13344	89
11185	487
5238	836
14039	1740
1898	1245
2883	764
12011	83
7969	1662
12342	1736
6057	1919
694	543
14045	1740
7097	1252
6516	1047
12381	1687
15860	488
5426	176
3967	40
8858	440
10002	214
14047	1740
7721	998
14110	1698
11350	1954
14094	1694
13506	946
7064	786
12519	1013
14046	1740
10070	334
6056	1093
1871	96
16256	522
11276	106
11038	1544
2036	1174
4387	1789
16831	629
4278	1543
7013	1388
148	135
5305	714
8602	1452
14041	1740
3929	1307
6121	586
635	551
16185	1513
1587	185
8319	1684
1551	1093
10381	1956
17116	1973
12780	1730
15755	1222
11845	733
6054	452
2047	1306
15754	427
12471	1624
1888	697
9651	1164
5587	864
4977	827
2404	1395
15762	109
5413	1810
1076	814
16980	1734
14582	362
9949	136
1097	682
2416	624
10286	1959
9197	1358
16351	310
11642	670
247	226
14052	1891
14760	635
12870	1503
10027	1432
10082	1074
7513	381
6251	1375
12467	552
1013	813
6527	1730
1007	811
14940	1868
257	236
13797	1364
3682	1229
9194	1358
13607	1912
11287	1517
16847	198
1705	1165
1196	732
13500	1992
1203	910
1129	873
4768	1059
15589	795
14813	1012
10654	1887
16941	314
14207	1087
6327	1842
2652	1125
2301	1391
12113	1827
7841	1946
5680	608
1293	417
2428	128
10625	1989
11814	1060
1572	1063
1134	876
7724	1581
5291	692
11059	276
17248	873
5845	632
7247	1732
12197	1429
11207	1978
2984	1560
12653	1984
17131	908
2627	889
8102	631
13750	1761
75	57
11499	636
109	97
11625	262
1230	922
16156	1018
10153	394
13145	1206
2994	694
14938	930
4488	448
3130	562
191	174
2202	805
9637	1857
9884	273
11591	1768
8573	836
7989	1622
16152	423
474	426
12327	1503
4755	1401
6534	473
15254	183
6296	351
6315	261
1149	887
14564	1416
3499	442
412	378
13204	658
4065	552
8606	157
16402	637
15594	736
3805	1718
2461	298
8950	1055
9602	1900
10619	784
3300	433
7677	1468
16812	1660
12144	1905
5418	466
14420	627
3392	1444
4183	496
473	119
190	173
15598	1419
11153	39
16372	1126
4803	1822
2695	1492
3105	1036
5066	309
1552	494
5410	1710
3881	334
5752	1155
15817	787
16942	669
7694	1355
12518	1603
13295	1187
2393	1176
1414	1022
6687	794
5583	912
4470	82
2315	1350
2710	329
7442	1257
5825	1844
1602	1122
8164	1902
8519	432
6223	1521
3966	287
10259	135
13323	119
6822	273
16683	1126
15115	1963
16682	1318
4525	1798
6961	605
4579	108
4060	1380
1603	1052
10616	76
11219	1584
3095	324
10029	789
2983	507
14034	1740
879	725
12315	1509
12861	637
13792	656
5414	1482
3013	1433
14459	1002
13159	1394
11435	1065
199	182
8038	1691
12543	1050
15348	1208
15717	84
7974	1821
4306	567
840	697
4804	666
2310	1395
14669	108
2993	888
11039	1030
762	442
13483	240
6062	1490
12277	1551
17289	38
12120	1833
2316	623
4378	585
1565	1103
15696	835
7314	1787
12386	950
4839	1708
9155	1347
3927	303
1106	272
8780	962
11436	227
10703	347
12329	1121
16238	309
7987	28
12049	131
4742	812
11057	1569
5343	742
11463	1033
9994	63
6957	387
7830	1917
4915	1304
10770	1483
16114	1385
3754	1505
11738	184
15046	735
1873	1236
1878	94
9356	532
9811	1919
6475	1821
3511	1252
9810	1660
10518	1939
3891	1734
4754	1084
7065	1757
7179	421
11486	678
13406	785
15366	217
10383	1569
13300	228
3791	1535
16173	1846
16713	270
15695	271
11313	1246
11516	715
15697	1652
3790	1129
2487	277
11767	493
1811	490
7654	1291
5674	1889
1291	956
3107	64
4219	1533
1523	120
5657	1512
8509	1324
4561	841
1288	954
6818	663
13408	1627
3899	618
9663	1305
14838	649
14155	1519
5324	1704
1002	412
7680	539
11905	1110
5902	989
8597	645
6673	745
14668	1255
7047	1554
63	54
2885	588
4336	42
9741	125
3504	1666
12753	1594
14109	100
6366	123
14560	460
12314	514
528	396
11875	1895
14042	1353
13790	365
5580	1144
6864	262
14296	12
1568	1103
1525	1079
11482	1772
1567	1103
1999	430
14649	1485
16725	1569
2894	864
4332	324
16122	1996
9744	108
4740	632
329	300
5113	1444
8694	799
10679	886
12907	1131
6947	673
15224	452
10502	88
3014	1571
6691	680
7241	1960
8716	1685
14836	1391
11324	1748
11480	410
4147	1765
8144	1844
8927	476
12937	1583
6300	725
6790	1844
2329	222
522	352
16166	561
72	67
8593	1271
2429	1429
10218	1035
11033	584
2709	572
111	99
16774	1817
6231	759
4908	972
5019	1355
11488	1342
11053	1638
13428	643
4847	1838
13415	1627
3806	1193
3980	548
4916	765
11216	1682
16548	1669
14	14
4731	150
1948	711
15865	1839
2499	782
15852	199
5071	1792
13878	264
16694	1797
9823	550
9059	1501
8601	1055
6072	604
16411	1685
8596	1978
1483	896
10215	596
7511	802
13669	1258
6672	1846
6413	1377
12619	1011
3801	724
12869	1854
4572	862
411	377
4234	182
5568	459
12929	1400
5109	238
9120	647
7145	730
16223	91
12494	26
13017	1348
1214	914
5412	958
16939	1858
16508	915
1141	881
15489	575
13868	595
4586	1127
11891	1356
12973	890
8690	1527
13696	1209
4954	1051
4843	356
5800	1883
14092	87
5465	285
2567	1344
3399	1596
352	323
16016	79
10686	786
14183	1666
9331	1944
7023	419
5321	1390
16050	1922
16938	160
722	611
16230	1244
11286	1244
4743	635
3012	1089
9340	1195
570	499
692	592
3885	625
16835	1619
873	719
16561	868
4352	1784
13414	1718
10566	513
12859	854
3908	614
1030	826
868	715
15816	410
6941	479
12901	374
1818	990
15421	1876
7583	1701
16539	1570
6855	1576
5490	1177
10693	1582
1784	415
2828	1472
6746	1434
4814	1827
328	299
7182	1495
3860	1730
6222	969
9697	1768
1429	1031
14035	1353
987	129
2642	851
6749	348
304	279
13701	1191
2682	980
4304	779
4616	467
8946	140
15427	766
16985	1736
13959	300
7024	1945
12919	1288
8352	1067
221	202
4666	599
10296	1423
14695	797
8917	717
13695	717
2479	1366
4582	108
10732	1776
6329	496
10199	1702
4653	1574
5252	1850
3798	656
5929	936
16177	360
13085	1622
10513	1318
12695	961
4741	980
2715	1306
7471	757
3605	1683
14170	1957
6742	556
5180	842
3887	618
10762	1652
1254	935
12696	961
2625	766
13883	621
8726	926
3915	323
55	54
15027	958
4813	46
16685	766
4574	1114
12826	704
8146	646
14567	1241
14839	1144
9140	360
2972	1163
1476	515
9536	924
7615	1337
12131	76
15795	122
6227	204
3506	1192
13940	715
11135	401
80	55
6303	286
3675	769
1215	346
11027	342
12388	438
7391	1731
3433	821
6110	786
5688	1722
4374	867
11676	795
10224	1553
8607	1629
7965	1564
1485	48
15203	1155
15146	1022
15810	1985
6962	597
5814	579
12148	203
1475	1056
393	361
15455	1805
7250	107
12831	704
1978	218
16475	1172
6782	727
10568	189
15353	1618
198	181
10909	1317
7269	1073
4748	1577
2643	1404
7518	1192
4242	161
985	795
4226	907
8727	421
10190	770
3396	1133
8317	375
9035	1484
15712	968
13100	1511
4983	1856
13958	1384
4517	1130
1351	988
8141	81
14050	532
136	123
1064	842
16965	804
4436	1779
568	497
5249	12
12340	1230
260	239
2314	1353
11401	1751
5402	1397
5810	1802
4486	328
5485	618
7775	1083
12678	1984
12926	1334
6139	1411
9010	1251
3387	298
4980	240
14876	676
144	131
6543	778
16244	582
6882	1399
11715	1979
7569	723
11451	1275
2608	306
8512	854
9827	1239
15610	730
12671	1984
5682	771
11995	1524
1977	54
15547	1076
3988	500
7779	1004
1716	1168
17187	1267
16182	522
12672	1984
9318	794
8147	1779
7044	902
1994	1156
11281	672
5014	51
6689	1710
4182	1769
6320	998
8466	1653
12673	1984
16154	814
17078	1837
12541	1314
7430	1451
4575	1657
10627	1935
3537	769
3912	941
5842	1861
961	777
9996	59
9213	1440
13321	1579
8443	512
5809	1104
1954	1269
10257	1620
1136	877
4833	15
12909	1952
16392	1334
15651	681
14529	721
56	55
5912	167
15501	543
9043	1065
6217	312
8588	1271
3505	6
4815	1828
14413	1671
7781	467
1211	912
16976	1842
13062	1361
15245	993
15607	370
16010	310
15634	580
10000	1036
4103	1763
8555	1986
16716	833
21	21
2997	1565
2391	692
5831	485
14983	129
5416	1085
11648	1955
3527	1635
12303	1084
5492	1455
1004	808
188	171
4231	1204
16181	1032
2091	1322
3759	1507
7931	1914
13507	1881
979	791
867	714
3514	1166
15728	1983
9137	1633
15714	1930
3981	1634
9184	725
17122	39
11507	1281
13378	1563
8728	1693
16612	112
5494	1455
8594	1089
456	410
969	418
14449	1657
12316	470
6015	1553
690	590
1752	1179
7482	164
3086	163
4025	1296
10155	289
13221	641
1722	45
8103	959
4330	1781
7021	110
11688	1906
17128	1687
5844	142
15411	766
11484	484
6187	861
2676	1486
11475	140
14107	1202
4193	1143
5328	1182
8734	602
10137	559
8211	1812
1579	749
9995	1035
15346	1679
16235	161
12607	21
712	603
9113	1926
2095	730
8960	1685
8784	1385
2558	89
74	68
8835	1654
6814	1594
1815	233
16723	1297
10412	1923
16776	539
2623	185
8363	554
2300	638
7029	607
7141	604
8070	139
3802	1444
6809	1371
15595	1524
9821	57
901	444
11052	15
16150	877
11513	1154
16484	586
13515	730
11251	1746
12019	1055
15022	1809
4376	1788
3096	495
4591	84
17111	1046
16011	1397
2477	417
7057	467
14653	599
1970	44
12860	1071
11653	597
8181	854
1220	918
16394	479
808	676
1588	1114
14184	889
6325	1762
701	597
15729	1177
6476	146
10312	1240
12555	762
4744	245
3421	638
5743	237
3167	920
8092	1537
15544	1650
3296	736
7599	411
5284	267
9725	1610
11693	1810
12101	1822
15579	597
16343	720
3531	157
14061	788
8472	1370
10685	527
2981	1559
16543	539
15771	1367
12936	119
9057	1966
9743	1368
15220	192
15853	521
10038	377
15138	376
14730	893
12736	1209
4627	1166
16099	1167
10304	657
3524	725
4501	1058
1583	1112
9804	1248
16602	755
1486	1058
12687	1984
10258	1096
12117	1830
6854	1950
876	722
12026	1869
10388	1319
13403	251
15804	1052
12688	1984
16869	1030
4522	1315
17129	576
15851	1296
8182	1111
14415	1633
9423	1892
12684	1984
12686	1984
14307	1830
16117	743
548	480
9750	1251
11229	1428
1892	1240
5065	798
12682	1984
10743	1716
14968	228
7444	1356
16234	1974
16600	192
8465	580
12868	830
15806	859
7311	1335
12683	1984
4215	98
7598	1718
1278	667
4189	1624
11044	1241
6186	1183
16257	1576
14145	416
1295	628
15990	1727
2708	427
16555	1180
4327	1664
16961	362
11993	360
5916	1079
16020	1238
3999	458
5806	1124
5746	237
4244	1776
15664	982
9505	290
2094	392
16024	429
16829	1506
7479	164
8598	785
5161	1868
16042	1504
13682	1206
5824	1909
7262	119
16657	1909
1073	183
14120	1014
10290	770
15918	592
11217	1808
15770	326
7991	1493
16385	597
6889	1449
2681	1489
11024	1664
850	702
8680	952
2294	387
13481	436
12557	1815
14306	1833
4062	479
10788	1165
7040	119
16460	806
433	393
13616	1309
16960	1738
2927	712
8561	1987
6669	796
9029	1110
397	365
10320	280
14178	824
15216	1162
7563	419
5847	415
11145	1859
3712	1355
5713	1438
4662	570
2430	705
4130	28
17115	1393
13424	791
9740	1972
523	462
16946	1974
11453	1640
14009	650
16325	593
4012	1243
15854	671
12196	1426
1698	1084
8736	438
8059	962
14644	1564
2888	995
8148	519
287	264
527	392
1142	299
2183	1357
2565	146
266	245
1550	1092
14797	1407
8973	1291
7595	1678
142	129
14729	1246
7920	1979
5578	238
12164	1595
15552	767
405	372
17020	428
8600	775
2704	508
15047	1110
5834	924
7700	428
11800	1797
6643	1835
3857	749
17288	791
5843	1006
4820	1311
16093	622
15237	1204
8635	685
3517	1328
965	780
6791	1081
1785	1194
11067	858
10683	725
8584	645
4126	1585
8371	386
14971	628
8583	645
8918	1200
9603	1215
5183	1658
17119	39
10758	435
1662	1144
5112	1484
15719	145
477	428
16171	1567
13322	1243
11380	699
3878	1200
16326	569
8585	645
6805	401
17256	584
16828	279
5683	903
5334	985
8138	1089
10329	135
584	511
12102	666
3763	865
872	718
8952	1602
5563	204
4948	1310
2640	1476
1218	916
8553	282
13366	1092
12932	1835
3751	18
5745	1226
9215	1492
12121	746
12556	1217
1479	1058
12293	1760
1883	1240
3969	862
11671	286
16014	504
1699	1163
2390	1171
4282	1143
6290	1105
61	60
8062	1367
3886	1078
10098	39
12694	1984
4974	831
4873	1195
5567	150
4297	565
14922	14
14144	336
12468	851
386	355
5255	1094
1070	630
5895	385
1034	391
5662	39
2292	305
12899	265
5047	411
7095	499
2075	1315
11517	302
5227	102
9362	995
8720	932
17186	636
15354	957
8142	519
9039	1410
3831	667
7929	1626
13748	1032
9640	745
7202	1185
4015	1730
16457	1409
14705	771
11599	1663
6799	502
17255	1366
5308	713
14154	752
4358	1357
15827	1326
13213	1189
15483	636
3680	565
14237	776
5233	1557
12830	1133
6885	189
17038	1182
8072	1149
11819	1123
5118	1673
8856	841
17032	1493
13679	291
11519	627
9027	565
2062	1311
986	60
14921	714
8841	836
12509	309
8153	1345
10612	1519
4823	485
3083	1584
4439	1161
15196	1033
15546	1430
13380	1885
12939	1341
9883	340
15868	1950
8546	1225
16686	1530
11888	1660
16840	1
12275	274
7318	1684
4353	1785
10025	1664
12165	401
17270	762
5242	1851
11433	1998
10206	636
5797	930
6033	425
14809	626
6873	614
5278	687
10020	1390
6671	1217
12190	104
15195	1909
837	694
6138	856
4563	895
11961	1042
9641	627
11029	1863
12109	1824
14828	876
1285	952
13678	82
4205	1285
8591	53
10620	1114
9944	1018
15117	242
4019	959
3225	1616
13740	1809
6852	137
1028	825
6692	1810
15339	1338
6474	1081
978	790
10835	527
3788	169
1881	986
14022	1929
4558	1603
14539	201
4142	117
4028	98
1949	1266
14190	1984
12933	479
10846	246
4221	1773
7986	1382
15176	187
11498	57
6795	1049
13694	1100
14273	1789
2352	1165
12325	638
13407	1159
4369	114
7917	746
11900	1236
5114	773
3998	1746
15822	1684
10356	1878
3995	634
1885	986
7613	1194
15653	885
4738	1727
11066	369
17310	1526
13880	1945
16770	183
13384	801
7015	958
4608	1497
5171	4
9438	1659
5322	751
13420	1388
9940	937
15976	1646
14580	1991
5762	727
11731	641
4706	1120
3103	1250
14192	1695
4949	184
11623	183
3231	1618
7827	1422
13514	1525
4836	10
10746	765
8837	1779
9129	641
2698	1494
10386	1813
14914	415
10389	1555
8962	535
10177	1269
11187	528
8159	667
7350	629
15657	945
10740	678
12341	1457
16933	1067
14493	816
2236	909
9384	75
14089	600
6107	1780
4907	1680
13329	1604
16018	1781
4848	364
1132	874
9298	819
237	218
3921	368
13252	1985
3451	1651
866	713
5226	493
8738	1086
1879	986
7921	1249
5893	723
11450	1163
8507	1294
11093	1357
5749	947
9938	12
4518	711
8096	441
5358	537
14231	1934
3958	1741
2977	250
2882	1532
14799	42
15255	1618
10132	744
12969	1724
17286	1381
4013	769
13972	496
12867	1125
5826	1726
12025	1106
15351	1212
5669	359
15917	1864
13798	1958
7317	1255
409	363
3112	618
6067	1236
4661	1508
11736	1754
11959	575
10624	527
14566	1116
13911	529
2307	194
15801	1684
5708	69
5673	718
8085	792
2179	433
9432	611
16487	1779
3956	1742
14019	1961
11979	254
983	264
3955	1741
6016	1312
15606	1416
8549	1268
6533	817
16729	1416
16263	91
8739	933
9390	971
9008	1140
2312	615
11476	237
4986	19
13341	839
4203	280
556	345
11223	682
7627	1686
10281	1636
16564	622
5579	541
8219	1192
10525	1967
7036	373
3826	1723
2400	937
1788	1197
16172	1705
4634	541
11600	281
8695	891
16614	1037
4619	336
15761	662
97	85
11621	1461
13416	1296
15213	1235
17046	808
5244	100
11186	672
8589	346
13299	1942
204	187
11478	1016
15265	1146
14965	1986
4567	328
10220	656
13211	225
7610	1925
11430	792
7606	1246
7922	1669
8503	1605
8037	1928
7161	278
3777	1070
7249	1794
207	189
10967	1640
13482	478
16495	564
7790	1976
9751	422
4511	1772
14687	1697
2680	1488
5256	1135
214	195
12921	229
11439	1765
2190	1023
2935	157
7794	503
12972	1601
13220	757
2117	149
11092	356
14648	1508
3898	1350
3795	324
12119	914
245	225
16717	189
1003	807
16080	1163
5306	437
9115	226
1026	823
6536	1011
16547	1375
12351	775
4389	1069
8061	1533
4356	1520
489	438
9032	737
10071	776
6863	514
5469	274
10562	788
16615	911
13209	1630
12330	1871
2092	1323
11297	532
9878	979
12116	1024
4069	322
1039	832
8356	1385
5330	1561
12294	1145
9859	497
1036	280
5566	1720
988	746
15209	369
8730	898
13291	1981
14969	897
5174	591
6105	1923
4942	1670
9315	1766
15370	1238
8376	1312
7008	944
16382	377
11691	570
1031	827
17138	1051
13965	14
16691	1844
5677	1588
3756	1710
2182	399
16247	1557
5703	657
12128	1276
4973	1273
15229	1979
5319	1759
15540	1147
7323	1800
11514	404
14833	1792
5172	1871
15025	324
114	6
5891	786
15864	194
7091	1955
4631	1047
15048	25
16562	1501
6570	1084
10018	925
10582	1005
13681	1836
3501	1665
16391	1500
9857	1962
16833	1308
6517	1863
1115	154
1876	986
14172	277
9421	1560
16470	1701
15883	561
12312	202
5853	1859
3091	552
11402	693
5046	1861
254	233
8516	1294
9933	837
2038	1301
8559	1943
5018	45
7048	448
8972	1849
3310	47
14102	542
13320	1779
7055	937
4220	1772
2039	1301
10016	1664
14946	1473
15796	1253
1299	960
2330	1399
8995	129
16388	563
6185	1857
6293	940
4127	560
15975	559
389	358
2414	638
16473	1189
256	235
6788	1229
7485	154
4307	1064
10187	1176
6148	1737
7146	1176
2409	615
15122	731
14305	1829
11571	1602
15660	569
1844	1228
15058	1971
13743	894
10629	219
12353	1307
7031	1596
9386	955
15687	404
14939	48
6747	759
15760	763
3918	463
15800	1302
15420	1697
6828	1811
5764	1226
5740	1090
15259	1238
1474	407
2189	1360
16100	1353
2455	1438
17190	589
11481	161
12635	1360
16352	774
12964	1487
3823	1421
12902	1338
2247	1380
5910	155
58	57
6819	143
11878	581
8358	307
431	391
7373	1161
14915	628
15818	695
6884	1144
2609	338
11849	905
6089	646
2760	1502
15871	395
15921	141
38	37
7616	595
16937	644
6338	316
13318	674
6371	87
15583	1220
16535	1646
716	606
9690	603
4914	582
573	502
4484	406
1724	52
7221	1627
3760	369
13966	576
3533	975
9326	1944
347	318
2085	413
9436	709
9327	1944
15843	1346
8093	565
8518	1807
8919	596
7478	1813
2497	1059
14008	1807
15588	1955
16170	501
2557	1462
10419	1751
14684	459
2245	1379
4903	762
1882	1116
17135	127
1035	829
5925	875
12633	1898
8104	331
2410	1352
10659	1720
2756	1377
5280	1860
3784	1070
574	503
2719	652
16692	169
7308	416
5917	1533
5143	1408
8157	803
877	723
2417	293
12295	8
3432	321
5588	870
14673	394
5594	1469
7510	1746
7603	1485
3903	1352
16658	936
10968	522
11056	695
4562	976
3856	1557
7978	1778
12150	572
3774	1436
17263	1185
15373	905
1190	903
14681	1668
7306	1782
2472	297
16654	551
349	320
200	183
14663	1565
16762	552
16017	765
5289	1144
9161	937
3236	1246
14310	746
15227	1095
6135	990
3303	500
24	23
7054	94
13872	1992
12191	669
10092	1351
10684	408
17123	106
7326	1121
2436	1135
7019	1191
23	23
10287	411
434	391
9532	1702
14117	795
17132	1753
13427	1667
8351	301
1128	167
13301	1642
11783	1471
15856	132
13691	190
5756	1
1071	846
7831	715
12202	380
15111	543
6890	1951
14716	1618
15855	323
9957	181
9334	700
14057	1499
4245	593
15108	575
16721	167
9738	425
5110	1412
240	221
12322	721
5470	298
3510	286
2995	1394
8994	1909
2000	875
9422	1689
2490	1448
14206	311
8976	1089
4437	764
7215	1854
6312	1582
216	197
16052	1735
12140	1386
17287	1244
7714	123
11816	896
9928	1855
10481	314
10505	883
6694	1578
12343	368
1998	112
16986	575
8099	1003
4061	1755
9701	783
134	121
12201	627
15548	512
2933	1542
1756	661
1869	1235
15907	1323
3230	652
16045	217
5793	241
10757	1890
6373	228
6869	1013
16148	704
2929	551
10200	1959
14156	1534
10521	1376
17201	1844
2691	1491
17316	555
9343	1431
6472	889
9991	823
3592	1627
16292	1031
1257	835
16224	537
1000	805
9372	560
13463	1415
569	498
2891	439
3994	648
2227	520
5694	1555
467	420
1997	1286
14180	1989
17232	677
6364	698
203	186
15862	1492
11994	1763
7014	1715
9650	108
1258	171
11876	1433
6448	1084
9435	1447
2293	1388
16129	800
5714	1125
5144	14
5248	1559
4474	1293
11795	760
4289	1110
16097	1153
5718	456
550	482
12770	317
6322	648
11879	1433
13335	1785
8966	147
12546	36
16012	1619
10618	1534
2096	413
16978	1533
15846	1052
3986	1321
846	650
7823	1154
13353	167
9052	1395
5199	279
4300	1706
12804	693
5028	1072
3457	57
15881	872
15359	717
5508	1648
7150	1731
7259	574
7797	500
7727	496
11628	224
2982	906
17202	373
15225	939
13395	247
8361	1836
193	176
14185	1904
464	417
107	95
15837	1152
4105	271
15916	384
8502	876
13336	1961
15135	357
14583	1481
9007	398
9370	57
14189	1277
7243	444
7018	399
8574	1240
844	236
14924	651
10564	575
12282	676
16243	637
5920	1911
7832	597
13747	656
15456	884
4645	334
2184	1358
1279	434
16586	372
8556	763
470	423
5841	1773
15645	1639
5045	1784
11501	406
16492	1592
15118	1984
3752	369
4576	1804
3503	1189
1945	1264
4934	1493
5042	1382
3705	838
3078	1251
13218	1354
13144	644
1033	751
1066	843
15972	1699
1005	809
9745	1389
15218	199
2930	1541
14693	265
5285	1876
481	431
15193	1361
2489	1447
12143	530
6118	651
2353	260
16158	1631
17112	1435
4082	732
10589	129
5224	890
14463	1318
571	500
1209	54
8318	1444
4377	1057
4299	245
1191	904
9645	656
285	262
2979	1558
7573	1060
12515	939
14919	1980
14913	649
12015	1990
5668	906
14964	1061
622	540
9333	1286
6088	378
16559	1151
9382	914
12771	1890
2641	1291
10914	238
7605	730
2493	46
11522	826
15244	1803
1210	187
7960	1563
8541	590
4735	436
14091	880
11218	659
2654	26
1027	824
16712	119
16482	1655
9368	1153
4753	1624
10588	408
3862	697
9324	954
7728	1357
9355	119
17188	1672
14920	958
12923	654
2825	50
14058	1862
4938	1849
9642	108
7483	1884
7412	636
15221	644
11968	970
4636	1708
4487	1553
2495	770
13297	1701
10682	1677
10574	476
1303	867
7594	208
13398	1650
9321	954
14411	1170
10508	1993
141	128
7826	1356
288	265
4261	708
10087	52
9427	504
1961	1272
7811	520
12522	225
4480	72
1845	1229
2992	735
16383	20
6539	1863
6989	741
7587	209
15751	1465
13943	14
2697	1087
5670	1056
11452	1000
10100	1068
16606	2000
335	306
15794	70
9136	1515
4660	126
6313	1054
7703	588
5792	1906
9325	954
