16690	13181
3802	3287
16671	13166
7041	5853
2317	704
11759	9556
6183	5237
5221	4462
16723	13203
8724	7239
7778	6531
573	560
4582	3916
2318	704
5059	4334
17315	13665
15841	12581
10502	400
17204	13583
3009	2649
9826	8094
11375	9264
11468	579
8862	7347
2315	704
8164	6818
7268	6113
14	14
4933	4225
706	680
2087	1898
4896	4193
16788	4430
1954	1784
16148	648
12122	9820
4290	3682
5050	1754
9030	7476
4665	3988
2316	704
4938	4230
12342	9974
17114	13510
8161	6816
3387	2962
8976	7433
9646	7945
1202	1114
2314	704
10186	6207
4011	3452
13743	11050
5958	5060
8287	6911
7350	6180
2891	2546
2498	2238
422	413
10703	8751
3346	2935
7379	2841
3754	2894
9428	7793
8786	7293
2312	704
3111	2744
14688	11724
5914	579
9743	8021
11850	9633
12859	182
2108	1917
4111	2094
10740	8783
7728	6490
6954	4044
16467	13016
12514	10111
8546	7100
14107	11307
17215	13591
53	53
11455	9330
9949	8178
5180	1262
6370	5398
11994	9739
10102	8302
3251	2869
6747	766
6072	5153
7823	6569
3787	3273
2468	2208
7141	6008
12112	4119
15797	12541
7968	6674
3094	2730
11277	9198
7310	6148
15977	12688
15124	12020
15752	12505
1599	1298
6821	42
9185	7606
4849	4152
7696	6459
9422	7791
11692	2078
13410	10800
6677	5654
6860	5787
201	193
13098	10550
13148	10588
2649	2346
625	605
12680	10244
3395	445
10772	8808
1002	943
7102	5977
3317	903
16952	13388
5680	4829
6827	982
4238	3639
14214	4893
16135	42
16943	13383
4230	3631
812	774
9440	7800
11204	9144
2463	2203
15642	12418
5436	4634
8566	7117
6139	5201
3501	3053
9830	8097
6866	5792
13963	11203
7021	5917
2452	2193
11460	9333
14729	14
2710	2393
11137	1043
12277	9930
4378	3759
3587	3114
2499	2239
11817	2628
12974	10465
11794	9586
135	132
8315	6930
12632	10206
15147	12032
3301	2908
5491	4678
4181	3589
4245	3646
16093	12765
10683	8736
16689	13180
9138	7569
6444	2394
9959	8185
12423	10041
6667	5646
11669	9489
7689	1043
4768	4079
13675	1938
2401	2155
16014	12711
15833	12573
693	667
6483	5486
14550	11622
1548	1435
4361	3747
10074	8280
5585	4759
2305	2075
7019	5915
13331	10739
2988	2631
5356	4568
4842	3072
10224	3033
130	127
8516	1918
7308	6146
5172	4421
2082	1894
5564	4739
11679	9498
6371	5399
1607	1487
13431	10818
7441	6253
6305	5342
7149	6015
7981	1293
5307	4528
12962	10456
9888	8134
11597	308
11024	9015
14232	11398
13215	10647
3925	3387
14912	11887
15913	12637
401	392
4918	4215
7152	6018
16614	2887
7574	6362
1526	1413
2304	2074
14529	11606
4652	3976
212	204
10178	1008
13879	11144
10526	4705
13089	10545
3397	2968
15800	12544
12829	3244
11522	9378
1405	1306
247	239
12105	4113
4617	3947
15812	427
2267	26
5354	4566
13883	972
7267	6112
711	684
14230	11396
3962	3419
4819	4125
705	679
5799	4932
2828	2496
14090	11292
11681	9500
8811	7310
2120	1929
16401	3713
12770	10313
4062	3493
14156	11339
4649	175
16379	12960
5487	4675
259	251
2930	10
15536	12339
7488	6295
1152	1075
1870	1708
16326	12927
4668	3991
14293	11437
9801	8072
16588	13108
16714	5564
11495	9360
1761	1607
1219	1131
392	383
8079	5780
15594	12382
11793	9585
12637	10210
6853	4419
8602	382
16168	12818
13694	11017
10625	8699
11171	9115
4588	3921
16011	781
132	129
14302	4119
5464	4656
16711	1552
6137	5199
12744	10294
8155	6812
5247	3018
16253	12879
4373	3755
14661	400
5287	4514
12804	3617
13697	11018
5174	4423
7054	5942
1572	1456
14535	3815
8510	1912
6938	5846
9325	7725
2614	2317
14451	11548
9056	7496
7829	6575
14119	3854
15599	2337
581	568
15974	12686
7405	6226
4771	1661
3755	3243
12696	10258
16937	13380
15760	12513
14463	11559
263	255
15048	11984
4279	3
7688	6453
11165	5599
4974	4259
2495	2235
1256	1166
2493	2233
7615	6400
1097	335
16935	13378
187	179
15696	12461
10620	7959
13156	10596
17247	474
15657	12431
5879	4995
8563	7114
8916	7391
11647	9475
15544	12346
9317	7717
3169	2798
7613	6398
3710	3206
4735	4049
5566	4741
5248	4485
16041	12731
11598	9442
13086	10542
2472	2212
4107	3530
7726	6489
6789	5739
16024	12718
14910	11885
13737	11046
14187	11363
7154	6020
7163	6027
14121	11314
9800	8071
1840	1679
13407	10797
2640	2338
4143	3555
2520	2253
150	142
15912	12636
397	388
11995	9740
13682	11009
4514	3864
11475	9340
12150	9846
1699	1560
7992	6691
6231	5278
15229	12101
15030	11969
5921	5032
2104	1914
16492	13039
1476	1370
12666	7473
12940	10442
2061	1880
8588	7135
10834	299
3909	3373
2255	2036
11067	9049
7409	6230
14105	11305
4834	3680
12106	9815
138	134
9137	7568
9352	7746
13420	10810
9805	8076
2871	2530
4905	4202
1037	976
13463	10836
115	114
11228	9161
1390	1293
412	403
9786	8058
13758	1043
149	141
14030	11244
5894	5007
10187	8367
16246	2977
16121	12787
12308	9951
8953	7415
332	323
16887	13337
837	797
13482	10849
13674	11002
4636	3966
15810	12553
6321	5356
10026	8239
11320	7195
2697	2383
3933	3394
11674	9494
15402	3991
4809	4115
709	682
2931	2580
7443	6255
11140	9095
10515	8610
12980	6766
1249	1159
12681	10245
123	122
17244	13616
8997	7451
16277	12898
9385	7771
3919	3382
2999	2639
13869	1653
5439	4637
12387	10008
16232	12862
8260	6887
5304	1097
1003	944
5810	4943
16946	13385
15024	2623
459	449
15211	12084
10020	8235
8970	7428
14582	11644
7307	6145
11346	3853
9880	8127
6364	5392
4216	3621
14642	11688
2969	2613
9908	8145
16256	12881
416	407
11317	9233
6122	5186
11682	9501
4388	2405
712	685
12971	10463
15260	12128
3525	3071
4921	4216
9737	8015
2558	2277
15754	12507
15029	2623
1762	1608
14651	4893
2121	1930
16257	12882
17253	13622
15409	12238
3078	153
15121	1087
703	677
10592	8672
7384	6209
4516	3866
10090	7172
15854	12590
16484	13031
14693	11726
5035	4314
11642	9470
10315	8465
5016	4299
206	198
1253	1163
8072	6754
7382	6207
7607	6392
17243	13615
4362	3748
12382	10003
875	833
15767	12519
14574	11636
4620	3950
13748	11054
6539	5538
11500	9365
14177	11353
9854	8113
7677	6443
5047	4325
1281	1191
10738	8781
6901	3061
13106	10554
3678	3180
1109	863
1415	1316
15692	12457
464	454
15053	11988
8695	7216
6572	5564
4949	4240
6412	5429
4210	3616
7012	1163
11022	9013
11790	604
13388	7749
17309	13660
11423	9301
5495	4682
218	210
9990	8210
17038	850
1700	1561
13670	11000
357	348
1215	1127
8924	7398
12896	4778
13637	20
14827	11830
5428	4626
4227	3629
10566	25
7029	5924
12697	10259
11958	9706
16888	13338
4810	4116
1191	1103
11959	9707
4182	3590
16557	13090
9059	7499
5803	4936
10314	8464
7256	6102
10578	1870
16322	12924
8180	6831
6089	5164
14926	11896
11220	9155
1011	950
1250	1160
4294	3686
12895	4247
15755	12508
2711	2394
556	544
7447	6259
6480	5483
3522	3068
5062	4337
15503	12316
11297	9216
4103	3526
6415	308
8556	2236
14533	11609
59	59
1585	641
8909	5633
1822	1664
7266	6111
2882	2539
1718	1575
1035	974
4660	287
12672	10237
16547	13082
13204	10638
4030	3467
16941	13382
14273	11424
3790	3276
13965	3449
1449	1346
3716	3212
8985	7442
14207	4961
11400	9283
4696	1768
2230	2012
15578	12367
14234	11400
12314	9956
16272	12894
871	830
7714	6477
418	409
6060	5141
5853	4976
10257	8425
10087	8291
5326	4542
12164	9858
12656	10224
14585	11647
8998	7452
12195	9873
14717	11744
5960	5062
1560	1444
58	58
16485	13032
11154	9107
16763	13236
14018	332
6224	175
11219	4314
16815	13276
3225	2845
3968	3425
7969	6675
2322	2085
10908	3061
14971	11933
17020	13444
15244	12115
13962	11202
4287	3679
5854	599
3421	2986
9529	6917
11071	9052
15372	12218
6883	1042
97	96
2653	2350
9878	3159
113	112
13416	10806
7770	6526
217	209
5305	4527
14193	11368
13107	10555
7972	6678
16169	12819
3308	2914
12494	977
4481	3830
6563	5559
15205	12079
14641	11687
481	470
16681	13174
10270	3231
13866	42
16961	1241
13505	10866
10510	8608
715	688
14043	11254
1971	1797
13873	11138
4066	3497
7057	5944
15118	12018
5254	4489
9333	7733
14045	11255
11488	9353
10085	8289
4541	3882
1479	1372
4016	3456
6801	3553
1302	1211
427	418
1785	1629
2712	2395
3506	3055
11785	604
12912	10418
1411	1312
4309	3675
10770	8806
15686	12452
3970	3427
13256	3336
11723	9530
3088	2724
13017	10495
7924	6634
1897	1732
17216	13592
14746	11767
12518	10115
14714	11741
14809	705
6217	5267
10573	8658
6857	5784
1820	1662
14087	11291
12355	8142
1482	1375
4525	3870
16343	12940
15858	12593
8990	7447
3927	1295
16959	13395
15546	12348
7590	6376
14212	11384
13744	11051
1708	1569
8317	6932
2189	1982
13384	10786
16083	12758
14103	11303
10199	8375
1958	1788
9365	7756
6514	5514
16587	13107
15838	12578
11283	9199
12282	9932
5829	4958
15058	45
15605	12389
8908	7385
11963	9711
13885	3625
575	562
16979	13413
13289	10702
3249	400
16300	12917
15726	12488
7724	6487
7252	6100
5060	4335
17039	13459
2228	2010
4130	3545
11135	1902
8778	7287
1815	1658
13498	260
13225	2412
10136	8330
1999	1825
16471	13019
15348	12199
8880	7361
16836	13293
9028	7474
11321	9236
3795	3281
15907	1159
4631	3961
3389	2964
1593	1474
8577	7125
8018	6713
14798	11807
8101	6772
5024	4305
15144	448
13805	11097
7973	6679
6742	5709
12915	4181
11851	9634
10560	524
436	427
11756	9553
16074	12750
4203	3610
11061	9044
5919	5030
4527	3872
6107	2206
17115	13511
7220	6073
9036	7482
15882	12612
6571	397
10514	8609
2979	2623
2929	2579
10745	8788
11712	153
11145	9098
5065	4340
7249	648
5664	2330
3128	2759
1702	1563
9058	7498
3270	2885
6526	5526
16145	12801
9851	8111
7769	6525
16955	13391
14296	4115
14179	11355
8178	2977
10577	8661
15719	12483
7148	6014
16696	13187
10679	8732
6689	5665
5414	4615
10392	8525
1001	942
13291	1097
8160	6815
3977	3432
4435	3807
617	600
2046	1868
4576	3912
9043	7489
2997	2638
3966	3423
17125	13519
7263	6108
7387	6211
14215	11386
12916	10420
3010	2650
1031	970
9989	8209
10093	2243
1995	1821
15444	20
635	615
10789	175
13574	10920
16769	13241
14110	681
3788	3274
9349	7744
14687	11723
8981	7438
1090	1025
12489	972
1484	1377
9347	7743
13252	10674
11403	9286
5336	737
7052	4966
1961	20
11876	9653
905	862
10411	308
838	798
3859	3338
384	375
9981	8204
16775	13246
8553	7106
5749	1752
12683	10247
14916	11890
3911	3374
199	191
14838	1039
12868	4107
11848	9631
4816	4122
5632	4788
2245	2026
640	619
12909	10415
15691	12456
2627	2328
16344	12941
10021	8236
16868	13319
3592	2220
11796	604
488	477
13676	11003
2678	2370
15903	12630
11278	9199
5718	4860
11508	948
14952	11917
13301	10712
1000	942
4329	3716
3967	3424
3229	2849
2178	1971
15991	2938
7475	3049
5635	4790
13075	10533
2623	2324
7978	2902
8564	7115
13804	11096
11799	604
7374	6202
11309	9226
4389	781
16761	13234
12973	10464
6947	5854
5257	4491
1292	1202
10413	308
13752	11058
17268	13630
11095	9071
9803	8074
3167	2796
5328	4544
2085	1897
8361	6969
4614	3945
13210	10643
11161	1250
8030	6722
9948	8177
2039	1863
11046	8401
7609	6394
7015	5911
6541	5540
4488	3844
14169	8900
3920	3383
5279	2515
8140	6798
387	378
10098	8298
16370	6402
14182	11358
7654	3541
13012	10490
15025	11965
15911	12635
5015	4298
15027	11967
7312	6150
5011	4294
8549	7103
70	70
574	561
12546	10141
8352	6961
5465	4657
1099	1032
17269	13631
3855	3334
16590	2894
11023	9014
11731	9533
11903	9671
3090	2726
12286	9935
16250	12876
10911	8914
1606	1486
6448	5460
2102	1913
15232	12104
7224	6077
8568	7119
15872	12605
11966	9714
619	199
6070	5151
3961	3418
2096	1907
8925	7399
10225	8397
11282	9203
1717	58
8087	6764
16938	5962
3310	2916
16384	12963
6534	5534
16177	12825
16603	13115
10223	8396
350	341
17076	13488
7687	6452
7608	6393
11652	9480
7709	6472
6126	5190
11956	9704
10680	8733
6054	5137
7934	6644
9155	1472
4903	4200
15061	11993
8781	308
13607	2346
9126	7560
7939	6649
10525	8619
13398	5962
15855	12591
1948	1778
13686	11013
7822	6568
4737	4051
8910	7386
3388	2963
8041	6731
3991	3442
16115	2538
11344	9248
1150	1073
11843	9628
13485	10851
13351	137
2496	2236
12554	417
1871	1709
1949	1779
391	382
3779	3265
15847	2798
16719	13199
15798	12542
12900	10407
6472	5476
6020	5110
3860	397
11281	9202
16692	13183
1216	1128
15482	12297
967	923
10309	8459
6320	5355
8585	7132
15023	11964
14656	710
1810	1653
12667	10232
3170	404
7484	6291
16386	12964
248	240
7617	6401
13100	5404
7038	5929
15795	10970
9935	8169
7983	4082
2254	2035
3006	2646
4732	4046
7095	5971
4359	3745
2455	2196
15851	1496
9696	7979
15342	12196
2425	161
14940	11906
8779	7288
7314	6152
11818	9605
4955	983
2890	2545
4910	4207
3714	3210
66	66
9643	6421
1973	1799
12027	2489
1492	1385
3877	3354
7040	5931
11236	42
15206	12080
4839	4143
4523	2557
2487	2227
6799	369
3449	2202
8775	7284
1485	1378
2375	2132
5717	4859
5575	4750
11898	4709
2083	1895
11058	9041
12147	9843
4772	4082
10579	8662
8216	6852
7931	6641
3778	3264
7964	1207
7591	1877
9112	7546
16947	13386
6956	5860
10318	8468
11678	9497
10754	8794
5401	4605
11435	9312
2038	1862
2491	2231
2448	2189
16933	13376
12991	10476
15116	12016
72	72
12499	6713
6331	5364
11188	9131
11213	9152
2298	2069
214	206
17241	13613
7597	6382
10076	8282
1752	1598
11287	9207
477	466
4374	3756
15727	3381
3269	2087
14496	11584
8594	7141
4291	3683
15263	1161
3828	3309
9032	7478
16013	12710
7091	5967
12468	10077
14667	11708
13512	10870
6937	5845
10388	8523
1884	1722
7683	6448
3718	3214
15173	12055
71	71
12957	10451
16826	13284
1489	1382
14938	11904
16662	13161
13221	10653
892	850
13747	11053
7580	6367
79	79
15097	257
13504	10865
16261	12886
11691	5280
15761	12514
12678	10242
1115	1046
10218	4697
6795	5743
2556	591
1224	1135
5912	5024
4583	851
17193	13573
6414	3666
10965	8963
13575	10921
11092	9068
15852	1784
12018	9753
11480	9345
2382	2137
5927	5038
7986	6685
13327	10735
12162	9856
13355	10762
286	278
1605	1485
14567	11632
6323	5358
15853	12589
1972	1798
2400	2154
7311	6149
6951	5858
16767	13239
3781	3267
4371	3753
5435	4633
5889	5003
15401	12231
16099	12771
12310	9953
4065	3496
11438	9315
4747	4061
1111	1042
6881	5806
13699	4052
16226	12856
5181	4428
1760	1606
17196	13576
10014	20
2045	1192
13750	11056
7725	6488
16382	862
14875	11859
17078	13490
12299	1543
14009	11232
8581	7128
16098	12770
16176	5005
4382	3762
16849	13304
8450	7035
8968	7426
15367	12213
6061	5142
10478	1205
16025	11696
14705	3724
13880	11145
4939	4231
10695	8745
4325	3712
11209	9149
2563	2282
12970	6848
3516	3063
8177	6830
13514	10872
13322	10730
5926	5037
5020	4303
14914	9229
9752	8028
6128	5192
10505	8604
14056	11265
14665	11706
5674	4824
12305	2206
15193	252
4837	1018
6657	5638
9749	3072
7686	6451
8466	7049
2716	2399
2932	2581
15915	12639
2562	2281
3899	3366
7270	6114
16694	13185
997	371
11765	9562
16262	850
15883	12613
417	408
14291	11435
200	192
17238	13610
14797	11806
8354	6963
879	837
2386	2141
11902	9670
2395	2149
8694	7215
9429	7794
4335	3721
10281	8438
6299	5336
17200	13580
2721	2404
6961	599
6791	5740
8166	2248
4773	4083
8217	4032
11397	1899
12685	10249
13690	972
5490	4677
2239	2021
4064	3495
16149	12803
14020	11238
9367	7758
13884	11147
4293	3685
4029	3376
15574	12364
3971	3428
4566	3904
221	213
14730	11754
3008	2648
7391	27
15975	12687
11623	9456
460	450
6185	1780
13796	1660
2380	2136
15643	12419
14645	11691
14188	11364
6295	5332
11208	9148
5051	176
8359	6967
11170	5614
7468	6279
4869	4170
5021	1892
6793	5741
9961	6722
4112	3534
2968	2612
11515	6094
8505	7077
4308	3690
13383	737
16082	1060
16707	2248
3582	3110
1734	82
5793	175
8544	2241
5797	1039
13060	10522
4217	3622
12652	10221
16729	11237
963	919
1564	1448
4868	4169
15857	12592
12296	9942
16541	13076
7721	6484
10219	8392
8912	7388
9357	7750
1895	1730
8373	6980
1875	1713
11758	9555
2564	2283
205	197
2088	1899
7381	308
11666	9487
8606	7150
15142	3707
17290	7628
8451	7036
14936	11902
13087	10543
16975	13409
12922	10426
1141	1065
4624	3954
3932	3393
11737	9538
13428	3254
14301	4118
4204	3611
15344	12197
1028	967
6281	5318
9929	8164
2684	2374
262	254
12498	4071
1575	1459
5031	4310
11622	9455
1199	1111
15576	12366
4303	3695
7059	1058
3300	1658
12345	9977
11229	9162
12543	10138
5766	14
3106	2740
14455	11551
82	82
7215	6069
2533	1097
16659	13159
15832	12572
7408	6229
3829	3310
9187	7608
16372	12956
12659	2974
16270	12892
9753	8029
3704	3203
12394	10015
8569	7120
6786	5736
8151	6808
10182	333
11888	9661
9055	7495
336	327
16869	13320
2893	2548
5657	4811
6067	5148
7032	3792
6862	5789
17254	13623
7834	6579
3432	2997
12466	10075
6335	290
1727	75
10380	8518
11685	9504
15176	2726
4224	2236
11991	9736
15589	12377
3016	2656
10583	8664
11648	9476
14095	11296
4622	3952
10571	8656
9378	579
15678	12446
12307	9950
11820	9607
4063	3494
16048	12738
16822	13281
16010	12708
7831	6577
14290	4110
12190	7749
2450	2191
7594	6379
9651	20
4028	877
4180	3588
1285	1195
9982	8205
1477	1321
13400	10793
12911	10417
16469	13018
2460	2201
7315	6153
1588	1471
6525	5525
11680	9499
12132	9828
4484	3840
8470	7052
3080	1637
3503	272
9134	7565
12529	10126
6955	5859
9319	7719
9006	7457
8592	7139
1147	1070
6254	5297
11646	9474
2696	2382
5813	4944
9363	7754
5597	4770
4762	4073
13423	10812
9937	863
11899	9667
16685	13176
3705	972
8092	6767
11319	9235
9645	7944
12654	10222
13874	11139
2114	1923
12291	9940
14116	11312
14697	11729
6691	5667
9214	20
11152	9105
12493	10094
7510	6316
12706	2669
16536	13071
15648	12424
1562	1446
6524	5524
9434	7798
10694	1660
1970	1796
3897	704
1282	1192
6308	5345
9192	7613
11276	9197
8837	7327
15814	7214
11676	9496
3896	704
14036	11249
13063	10525
304	295
13078	10535
5291	4518
12990	10475
4503	3129
7923	6633
14908	11883
14617	11666
11162	9109
13691	11015
6875	5800
2971	2615
6327	5361
11295	9214
3898	704
7222	6075
7018	5914
239	231
3882	3358
8989	7446
6516	5516
5413	4614
17246	13618
2415	2163
9439	7799
8154	6811
553	541
81	81
11496	9361
1960	1790
11819	9606
14174	11350
3893	704
17122	5390
7602	6387
8784	7291
9795	8067
1094	1028
2655	2352
5751	4891
11449	9325
5692	4841
4261	972
4952	4242
10283	8440
12516	10113
1407	1308
17287	13642
3895	704
2699	2384
15687	336
9031	7477
12141	9837
17040	13460
4509	2220
6015	5105
11987	9734
14452	11549
1722	64
2458	2199
9339	3334
10195	8372
9747	8025
5811	1306
5581	4755
1300	1209
7833	6571
15369	12215
16695	13186
9057	7497
2181	1974
14679	11719
15645	12421
14536	11610
1896	1731
5847	4971
9353	7747
13226	2410
6179	5233
1842	1681
2202	394
3890	704
8919	7394
713	686
14644	11690
11376	9265
4377	3758
14117	11313
6279	5316
17221	1083
2867	2527
8158	972
1200	1112
3784	3270
7698	6461
8570	863
11653	9476
5688	4837
1429	1326
10190	4596
12101	4109
14646	11692
1403	1304
11402	9285
4977	4262
17255	4267
16156	12809
11143	9097
9778	8054
4226	909
4774	4084
10192	8369
12113	4120
16550	13084
12385	10006
15768	12520
7586	6372
7045	5934
11511	9372
6872	5797
4213	3619
16494	13041
15850	12588
13334	10742
14098	11299
526	514
632	612
4589	3922
1149	1072
10569	8654
1212	1124
15826	12566
11687	9505
16391	12968
9531	7873
14423	11529
10082	8288
8520	1920
12495	10095
1041	980
11074	9055
13141	10581
6535	5535
12020	9755
15822	12562
11039	9026
17121	13516
7723	6486
15504	12317
1966	1792
996	939
8258	6886
7960	6668
6812	5755
10305	8456
7794	6542
13665	10996
6515	5515
14312	11443
6859	5786
16976	13410
3984	3435
5930	1028
763	728
10271	8434
1192	1104
4262	3659
13346	10754
5281	4508
5171	42
15971	1606
11059	9042
761	726
14945	11911
9530	7872
5762	4901
1594	1475
809	771
15577	4350
4332	3719
10761	8800
14303	4120
14543	11617
7319	6156
5175	3302
6949	5856
7583	6369
5839	2518
7791	4040
10038	20
7576	2134
6234	5280
1882	1720
14692	11725
1967	1793
10701	8750
5222	4463
9377	7764
9812	8081
2244	2025
10317	8467
16831	13289
15663	12436
10612	8690
14148	11332
14546	11620
12861	10379
16474	2588
13353	10760
16116	12783
8685	7210
3887	3361
7240	6091
14034	1271
10628	2832
14168	3336
234	226
15339	12194
11993	9738
5061	4336
2426	2169
10519	8614
15757	12510
15753	12506
2180	1973
2465	2205
5049	4327
8542	7098
12814	10346
7245	6095
4529	2058
4192	3599
2237	2019
8686	7211
9350	7745
219	211
2973	2617
14878	11861
11212	7234
5844	4969
15542	12344
15836	12576
10418	8545
14690	257
9859	8118
6307	5344
8149	6806
2887	2543
2701	2385
4936	4228
11436	9313
1595	1476
16507	13049
14007	11230
13293	10705
12202	3853
4278	3672
14538	11612
12926	10429
5701	4464
15585	12373
16404	12974
9338	7735
2232	2014
4615	1660
5227	4467
10319	8469
4027	3466
5752	4892
9384	7770
16565	13092
14275	11425
903	860
15697	12462
10073	8279
13362	10769
353	344
5200	4444
61	61
78	78
9130	7562
702	676
1193	1105
7777	6530
1754	1600
6603	5010
14408	11520
16982	11505
15638	400
6531	5531
11290	7060
11347	9249
5034	4313
1974	1800
15254	12125
3800	3285
2310	2080
9808	8077
5323	4539
11308	9225
4391	175
4646	2220
14021	4469
17201	1686
1559	1443
1715	54
8812	5347
15715	12479
3878	3355
3390	1012
7444	6256
16549	13083
12384	10005
8127	6788
10752	6049
10419	8546
9785	8057
12906	10412
3513	3061
355	346
5841	42
11433	9310
8086	6763
3005	2645
3682	3184
1473	1367
9024	7470
2825	2494
6939	5847
15654	12428
15489	9614
906	863
11476	9341
6880	5805
13	13
6336	5368
11965	9713
8038	994
15106	1239
14313	4132
4354	3740
3131	2762
15421	12249
9425	6859
7180	6038
12753	10300
3915	3378
465	455
13147	10587
5586	4760
4141	3554
1724	66
15875	72
12976	10467
12017	9752
7410	6231
13763	11066
8503	7075
12521	10118
4976	4261
10619	8696
14927	11897
14120	584
13422	5851
3230	2850
8035	994
15839	12579
2235	2017
2327	2090
9802	8073
245	237
10024	8238
3711	3207
3314	2920
16184	3971
4811	4117
8966	1039
3916	3379
15655	12429
6888	3798
11875	9652
9364	7755
456	446
1561	1445
16271	12893
13350	10758
318	309
6942	5849
16120	12786
10221	8394
4189	3596
9685	7975
8138	6796
11879	9656
76	76
8559	7110
9436	6860
7218	6071
12312	9954
14942	11908
14414	11524
3822	3304
7016	5912
15793	12538
16566	1137
17203	13582
10785	7178
14077	11282
16842	13298
12781	10320
9435	7178
16500	2891
9503	5010
17240	13612
4739	4053
475	464
7485	6292
9980	8203
11323	6316
13700	11020
10690	8742
12541	10136
4000	942
6108	3530
4022	3461
6855	5782
9640	7941
1552	1437
7682	1692
13290	10703
13662	10993
11473	4689
4754	2434
13667	10998
8356	6964
4487	3843
9855	8114
12938	10440
11905	9673
16668	13164
2532	238
11688	7288
9332	7732
8507	1908
14962	11924
15541	12343
8842	7331
6666	474
8219	6854
8632	4689
8634	7173
14813	743
11292	9211
5745	4886
15706	12471
10282	8439
1729	1579
2037	1861
2624	2325
7325	6161
1873	1711
17191	13571
15673	721
3393	2967
1494	1387
4436	3808
5662	4813
11169	9114
10517	8612
2656	20
15631	1987
128	125
14235	3586
3979	3433
3000	2640
6187	710
3707	1318
14109	11308
12812	3434
579	566
13254	3781
12966	10460
3881	3357
9035	7481
16508	13050
14216	20
7147	6013
16953	13389
17227	13599
11983	9730
13970	11209
13411	10801
8810	972
5343	4557
11520	9376
4295	3687
14877	11860
1587	1470
15844	12584
1015	954
2714	2397
7036	5927
8951	7413
9190	7611
5026	4307
8375	6982
6870	5796
7684	6449
13870	11135
13372	10777
3832	3313
11510	4847
14010	11233
15712	12476
12135	9831
8991	7448
4698	4017
490	479
2188	1981
12811	3434
137	116
15243	12114
7182	6040
14941	11907
9118	7552
11350	152
11434	9311
296	287
2702	199
638	618
10306	2296
17237	13609
6522	5522
3302	2909
8504	7076
11499	9364
13701	11021
16388	12966
10836	8860
14448	11546
4147	3559
11063	9045
2998	2633
8362	6970
4056	3488
13425	10814
1447	1344
6664	5645
15219	12091
11463	2241
5070	1987
2980	3
5355	4567
3804	3288
4648	3974
6825	5761
10567	8652
15635	12413
1201	1113
267	259
11844	9629
12337	9969
7935	6645
4485	3841
16185	937
16233	12863
17265	13628
15676	12444
2467	2207
11885	1043
8103	6774
16478	13025
1095	1029
2726	2409
4767	4078
12194	9872
1140	1064
7321	1767
6318	5353
17187	13567
11846	9630
9041	7487
10839	8863
13672	11001
7827	6573
2324	2087
10687	8739
13401	1161
5068	4343
3985	3436
11187	9130
14949	11914
13359	10766
8175	6828
11786	320
7479	161
8948	1084
2992	2633
11279	9200
2034	845
12716	10274
5918	5029
4379	3760
2297	2068
12866	10383
4591	3924
13358	10765
11466	9336
12300	9945
2325	2088
1592	1473
8956	636
7961	6669
10753	6050
12675	10240
8288	6912
9387	7773
13018	308
5666	4816
3952	3410
7014	4059
8719	5280
13385	10787
4835	4140
1206	1118
12322	9961
5286	4513
1567	1451
628	608
3588	3115
14583	11645
14918	11891
9196	6958
287	279
13912	1298
627	607
415	406
10302	8454
5229	4469
4959	4246
5850	4974
15057	11991
6232	5279
11486	9351
9744	8022
11222	9157
4018	3457
7596	6381
15639	12416
11717	9525
16606	13118
6794	5742
721	681
2236	2018
6873	5798
9602	7922
12328	9963
7771	6527
5243	4481
848	808
10356	8498
10966	8964
9686	3229
10205	8381
16780	13251
461	451
1076	1011
14928	11898
7975	6681
845	805
7142	27
16721	13201
8962	7422
2390	2145
1963	611
9501	7851
11997	445
11424	9302
3405	2975
16380	1952
7378	6205
12159	1043
554	542
16691	13182
6685	5662
3782	3268
1604	1484
1574	1458
3311	2917
15859	12594
10137	8331
12921	10425
2249	2030
1812	1655
5111	4370
4666	3989
12618	10197
12809	10344
16269	12891
13887	2625
17264	1069
6253	5296
5013	4296
5669	4819
16047	12737
3409	2977
15825	12565
2700	2026
14108	1826
15143	12030
11144	799
2471	2211
12	12
2928	2151
6073	308
13132	10573
4755	254
1880	1718
7472	6283
15114	12014
2449	2190
8085	6762
1026	965
9348	6150
7034	4847
7629	2134
419	410
2435	2177
4225	3628
13395	10791
6309	5346
4818	4124
12833	10358
969	925
4214	3620
1491	1384
73	73
2477	2217
15694	12459
9123	7557
7217	6070
12934	10436
14186	11362
576	563
10417	8544
11961	9709
1888	1725
6642	5624
17124	13518
4812	4118
3824	3306
9198	7618
3394	2337
5573	4748
6132	4893
12424	10042
14671	11712
14118	2506
10751	8793
13337	10745
15178	584
15636	12414
8679	7205
13626	543
16225	12855
15590	12378
4941	4232
1471	1365
12200	9878
12836	10192
14966	11928
74	74
8096	6770
12167	9859
12713	10271
6284	5321
9881	5851
2269	2045
6644	5626
14269	11421
12302	9947
15553	12350
5916	5027
14231	11397
7062	593
15370	12216
5224	2425
1110	1041
9777	8053
7695	6458
12234	9901
16942	11978
17112	13508
965	921
3963	3420
14115	911
16276	12897
13160	10600
12979	10470
11066	9048
16085	12760
4200	3607
17028	13452
10500	8600
15653	12427
5565	4740
13740	11048
5825	4954
2975	2619
1598	1479
3684	3186
119	118
7611	6396
12754	10301
7255	1952
6856	5783
8033	6725
11591	20
125	123
16612	583
10513	1227
15824	12564
14943	11909
10607	3883
10588	8669
6684	5661
16717	199
9160	7589
1957	1787
12523	10120
235	227
10078	8284
10101	8301
2707	2390
4337	3723
7487	6294
15538	12340
15341	252
4480	3837
482	471
7987	6686
1889	1726
6058	681
6443	5456
6473	5477
8736	4238
3759	3247
11719	2574
14154	11337
2709	2392
16841	13297
5182	4429
6900	5818
10520	8615
2977	2621
17291	13644
2405	2159
5843	4968
4307	57
1286	1196
4741	4055
1759	1605
4609	3941
10084	20
4629	3959
16504	1064
6694	5670
5249	215
9318	7718
16075	12751
13150	10590
7001	5902
2705	2388
1786	1630
2457	2198
16954	13390
13300	10711
12653	4224
4282	3675
7324	6160
17288	13643
14540	11614
1144	1068
10259	812
11453	9328
6521	5521
15579	12368
4019	3458
3712	3208
2650	2347
14685	11721
14019	11237
565	552
1728	77
12123	4132
13793	11089
1131	1056
1137	1062
6782	1043
3605	3128
1005	287
16394	1952
9184	238
6852	5780
15583	12372
6133	5196
10383	8521
16960	13396
5761	4900
12158	2134
9154	7585
2397	2151
131	128
383	374
4843	4146
9946	8175
11733	9535
1549	1084
6184	5238
714	687
2568	2287
12556	10148
16393	12969
3250	2868
9077	2487
8040	6730
54	54
10105	604
16870	13321
2331	2094
16773	13244
6528	5528
15652	12426
3876	3353
4471	3831
7143	6009
8587	7134
6815	5757
4193	3600
6222	3324
11062	1660
5332	1018
9331	7731
404	395
9713	20
14915	11889
7145	6011
16560	13091
4581	3915
10132	8326
11293	9212
12905	10411
9113	7547
1227	704
4805	4111
16389	1952
4327	3714
5320	928
14011	11234
9037	7483
4475	3834
413	404
6748	5714
4574	3910
17263	13627
15873	12606
4059	3490
3894	3365
16265	12888
12758	10305
2612	2315
5423	4622
12138	9834
7383	6208
13483	3049
4211	3617
7020	5916
16722	13202
11878	9655
10202	8378
5232	4472
9061	7501
16129	12792
5754	4662
10767	6666
15208	12082
12738	10291
6109	5176
5708	4852
1451	1348
10758	3244
6375	5403
11655	9482
5486	4674
16534	13069
6805	5751
6523	5523
9536	7876
10744	8787
11501	9366
842	802
117	116
8782	7289
13339	10747
14412	4221
1976	1802
12014	9749
8600	1207
10386	8521
12769	10312
12719	10277
2613	2316
5169	4419
6532	5532
4366	3750
14152	11335
17127	13521
2459	2200
15028	11968
15138	12027
1120	942
9389	7775
15420	12248
3537	3081
16052	12741
14054	11263
5409	4611
9690	7976
10584	8665
16228	12858
16851	13306
1220	704
16263	579
6680	5657
16697	13188
10661	8721
15608	2635
14565	11630
4479	3836
10786	8818
16936	13379
2332	2095
478	467
14939	11905
7926	6636
12732	704
6687	5664
1290	1200
9978	8202
5578	4752
1705	1566
12736	10290
17118	7749
11752	308
435	426
13088	10544
6542	5541
3304	2910
6376	5404
2826	336
14541	11615
2300	2071
17220	1755
1814	1657
12471	10079
16076	12752
10626	8700
6471	5475
252	244
14454	1262
15693	12458
250	242
16015	12712
17123	13517
14460	11556
2607	2310
11454	9329
1277	1187
17234	13606
11134	9091
16173	12823
11781	9576
335	326
4954	911
2385	2140
16604	13116
10288	8445
14462	11558
4233	3634
14176	11352
3529	3075
8605	7149
13753	3189
14307	4124
8378	1271
4752	4066
4205	3612
5032	4311
14708	11736
12330	9965
1590	1472
1881	1719
13479	445
8604	7148
7009	5909
8562	7113
1481	1374
12898	10405
11441	9318
1129	308
9373	7762
4824	4130
12923	10427
13143	10583
5815	4946
9960	299
13734	1322
4841	4145
13797	11091
1667	1538
13216	10648
8729	7244
14655	11700
2196	20
16049	308
4932	4224
10206	8382
6476	5480
1583	1467
11312	175
8955	7417
4560	3899
1066	1001
9683	7973
4528	3873
12621	2344
14096	11297
5250	4486
15212	12085
14539	11613
4802	4108
12350	9979
2679	2371
327	318
4220	3625
16477	13024
7372	6200
15709	12473
11599	9443
14208	11382
13336	10744
11020	1543
4024	3463
699	673
5403	4607
17251	308
1753	1599
9161	7590
12140	9836
3517	3064
8742	4492
4284	3677
9601	7921
7516	863
15990	12695
5437	4635
4621	3951
114	113
5118	4376
3228	2848
253	245
8576	7124
7241	1257
1850	1688
3320	2924
9725	20
11649	9477
14649	11695
1208	1120
4472	3832
7652	1686
16374	6316
2113	1922
16709	13196
15689	12454
1955	1785
7710	6473
10570	8655
4212	3618
8554	7107
11735	7788
11513	9374
15829	12569
762	727
9662	7953
15096	3428
7013	2151
1291	1201
16718	1097
10180	8363
16948	2134
15501	12314
15221	12093
10269	8433
15649	2375
14715	11742
4733	4047
4145	3557
7026	5922
1007	946
11644	9472
4218	3623
1067	1002
2479	2219
5851	1239
11665	9486
9995	8214
10580	2958
15198	12074
3505	2220
3953	3411
2687	2375
9026	7472
10328	8478
15355	12205
9884	8130
6810	1411
1108	1040
14920	11893
12695	445
9330	7730
5144	4399
11722	9529
10100	8300
8776	7285
15426	12253
211	203
12517	10114
5758	4897
11218	7104
3863	3340
467	457
5236	4475
1709	1570
424	415
10506	8605
4326	3713
2976	2620
15816	12557
2000	1826
5589	4763
13154	10594
1039	978
8969	7427
11469	9338
5226	4466
13365	10772
5466	4658
11038	9025
7563	6353
11048	9034
2996	2637
3321	2925
10764	8803
1591	710
11483	9348
14017	6818
7371	6199
6692	5668
9120	7554
4736	4050
6820	867
5108	4367
14192	4162
6013	5103
571	558
12702	10264
6372	5400
10284	8441
14950	11915
17261	13626
708	681
1707	1568
16850	13305
14102	535
4973	4258
13515	10873
7035	5926
15598	972
12908	10414
16275	1257
1251	1161
7715	6478
11711	9520
15256	3724
13802	11094
15595	12383
6478	5481
11672	9492
6788	5738
1852	1690
11721	9528
2642	2340
17228	13600
4219	3624
12935	10437
258	250
12536	10132
5290	4517
13380	594
14008	11231
8975	7432
14963	11925
16244	3299
6069	5150
16118	12784
7253	2024
11968	9716
12381	10002
10627	1613
4020	3459
6661	5642
9215	7633
7674	6440
14647	11693
5321	1011
7251	6099
3989	3440
16487	13034
1229	1139
7316	6154
16765	13237
11396	9281
691	665
16766	13238
15988	12693
10290	8447
16962	13397
13608	308
13378	10783
15874	175
2676	9
3007	2647
7407	6228
2251	2032
7248	6097
8032	6724
12334	9968
1698	1559
16613	13123
14041	11252
10617	530
586	573
11667	13
11027	9017
14106	11306
1408	1309
15705	12470
4438	3810
2704	2387
2691	20
13693	11016
16051	12740
5496	4683
9122	7556
13377	10782
4520	591
4146	3558
5014	4297
15633	12411
12011	9746
14190	11366
6220	5269
17189	13569
9327	7727
3004	2644
12699	10261
11251	217
12383	10004
15842	12582
15059	11992
7229	6082
1784	1628
13791	11087
11734	9536
764	729
7793	6541
480	469
14840	448
4746	4060
15202	1271
8974	7419
5890	5004
3789	3275
11755	9552
13381	9127
12693	10256
16964	13399
12290	9939
408	399
15356	2026
4301	3693
16012	12709
15179	4250
16088	12761
256	248
4240	3641
8723	7238
1841	1680
11026	9016
7048	5937
11766	9563
4947	4238
7096	5780
15242	2248
10320	8470
15172	12054
12130	9826
16770	13242
4333	1107
557	308
9359	7751
8468	397
15792	12537
8543	1987
15831	12571
16984	13416
17239	13611
358	349
9042	7488
16496	13043
12676	4350
8575	125
11964	9712
7046	5935
5177	4425
6884	2151
2246	2027
6325	5359
4931	4223
5170	4420
10765	7947
1009	948
10691	8743
12870	1295
6823	187
1893	1729
12145	9841
16155	12808
7690	594
10484	1858
9790	8062
12981	10471
5425	4623
264	256
15865	12599
5427	4625
4241	3642
2417	2164
1298	1207
2064	845
11163	9110
15695	12460
14830	11832
13333	10741
9993	8212
2553	2273
1209	1121
14917	6917
16234	12864
14295	4113
12872	10386
12684	10248
5822	4951
4745	4059
10685	8738
15404	12233
17195	13575
12607	10192
14658	5259
9498	1673
3400	2971
14189	11365
15581	12370
3224	2844
11432	9309
9109	7543
1803	1646
110	109
55	55
6943	5850
7927	6637
9391	7777
15908	579
2402	2156
8598	7145
4981	4266
2040	1864
6340	5371
13321	10729
15864	12598
11351	254
13157	10597
13409	10799
16089	12762
3792	3278
8548	7102
15710	12474
15787	12534
5241	4479
1410	1311
8683	7208
4061	3492
2451	2192
12871	10385
2698	187
8343	2881
4987	4272
10256	2909
5753	4893
12718	10276
11349	9250
11042	9029
14411	11522
8061	6746
7213	6067
5230	4470
10574	8659
8220	6855
13010	10489
9369	710
12660	579
9740	8018
12511	10108
6032	5121
8508	7078
13298	10709
13352	10759
15644	12420
5340	4554
10139	8333
873	806
12771	10314
8914	7389
5072	4345
2248	2029
12161	9855
8777	7286
13342	10750
1851	1689
16488	13035
14306	9080
379	370
7050	5939
11398	9282
9663	7954
15214	12086
2243	112
5898	5011
14206	11381
6051	5134
13357	10764
15600	5851
6946	5853
7254	6101
3507	3056
11224	9158
4612	299
9691	2561
2201	1990
11507	1017
3533	3079
12522	10119
10501	8601
5251	4487
16409	12976
7595	6380
11206	9146
116	115
13329	10737
4833	4139
11798	9588
124	112
3763	3251
10522	8617
14552	7058
4299	3691
12743	10293
9054	7494
7181	6039
980	931
15484	12299
8102	6773
6018	5108
6803	5749
17075	13487
7936	6646
1036	975
981	931
4943	4234
3508	3057
13696	4154
14909	11884
12507	10104
8834	14
5802	4935
5816	911
16783	13254
5840	45
1805	1648
12705	10266
6671	5650
16956	13392
14666	11707
5667	4817
4470	3830
983	931
5424	2224
4766	4077
11514	9375
2454	2195
3312	2918
15604	12388
10094	20
14551	11623
5283	4510
11379	9266
15358	12207
1964	1791
4201	3608
3105	2581
8522	7084
11492	9357
9650	994
9648	7947
9962	8186
9427	7792
11714	9522
3509	3058
7841	6584
14929	2620
5792	1685
4744	4058
7269	2034
12165	5238
2197	1987
8965	7425
16087	10350
4913	4210
15856	1067
11075	9056
2199	1989
15651	12425
1388	1291
4380	3761
7585	6371
8512	7079
16599	13111
2211	1998
16838	9098
3322	2112
6643	5625
7655	3152
356	347
6236	5282
4324	3711
3132	2763
9860	20
2238	2020
4867	4168
3987	3438
1589	1040
11891	1875
5046	4324
13318	10727
867	826
24	24
4387	447
16096	12768
5845	4041
6746	5713
7578	6365
11471	845
12519	10116
7061	5946
12201	9879
14652	11697
13361	10768
3454	3014
13788	11085
15848	12587
3391	2965
10912	175
11490	9355
6110	5177
3798	3283
5917	5028
6513	5513
3093	2729
3399	2970
9136	7567
15145	530
5707	4851
6957	5861
12492	589
13746	4221
11491	9356
15238	12110
12936	10438
8716	5818
6989	5890
12690	10253
12528	10125
14171	11348
4734	4048
10479	8585
16503	13046
2827	2495
5235	4474
9441	6880
15264	584
6962	5865
8371	6978
2099	1910
16252	12878
7065	5948
8513	1660
4950	4238
14544	11618
2330	2093
7707	6470
4827	4133
3858	3337
13967	11206
13219	10651
8917	7392
985	931
11133	9090
16973	13407
9958	8184
11904	9672
15597	12385
10795	2233
420	411
8635	7174
13008	10487
10135	8329
984	931
3589	3116
14421	42
8860	7345
15905	537
1006	537
987	931
3761	3249
14420	11528
7717	6480
1013	952
808	770
986	931
9822	8090
16505	13047
6819	5759
16126	12790
3103	2738
291	282
13011	3907
3713	3209
1217	1129
12114	4121
1821	1663
7705	6468
14944	11910
5044	1190
16823	13282
11670	9490
988	931
9052	7492
15586	12374
9784	8056
10692	3335
2389	2144
12513	10110
4109	3532
10294	8450
6868	5794
7830	6576
105	104
16152	12805
570	557
14456	11552
12137	9833
1892	1728
4934	4226
8840	7329
17079	6438
6953	1783
1075	1010
7517	6320
17134	13528
2195	1986
4069	3499
12048	3505
14531	11607
12298	9944
13344	10752
14032	11246
13151	10591
5112	4371
719	692
5633	4789
9162	911
16538	13073
15241	12113
11221	9156
6062	5143
11461	1924
4829	4135
15867	12600
36	36
11226	9159
17037	13458
9323	7723
16779	13250
209	201
289	281
4306	3683
7587	6373
7257	6103
2987	2630
7966	1278
15843	12583
4365	976
3902	3369
3107	2741
6293	5330
5223	4464
5201	3018
8084	3415
12311	137
6858	5785
16828	13286
1016	955
17289	484
1211	1123
2436	721
5700	4846
7226	6079
241	233
4353	3739
5010	4293
9998	8217
17128	13522
1176	1089
9751	8027
8601	7147
7619	308
15973	12685
3988	3439
220	212
7603	6388
9119	7553
5806	4939
15805	12549
17139	1408
14101	11302
15766	12518
552	540
4489	3845
17119	13514
3905	3370
11795	9587
12019	9754
12961	10455
16988	13420
12762	10307
12941	10443
15224	12096
15821	12561
15183	12062
293	284
15175	12057
14040	11251
14968	11930
3130	2761
14459	11555
5798	4931
2229	2011
15714	12478
11070	9051
14970	11932
14779	11399
5572	4747
2870	2529
16146	10028
13205	10639
14837	441
16235	12865
4775	4085
6365	5393
2329	2092
8835	7325
9947	8176
6057	5140
9034	7480
4142	983
3758	3246
4645	3931
9792	8064
12873	10387
12708	3787
471	461
10524	8618
578	565
13251	10673
5672	4822
12386	10007
9988	1020
8959	7419
3957	3415
15054	11989
4068	3152
14954	11919
6115	982
4106	3529
1597	1478
14049	11259
9938	8170
3715	3211
15582	12371
521	509
15346	3621
968	924
7320	6157
10755	8795
7480	6287
6530	5530
6445	5457
13510	4979
2098	1909
4105	3528
13426	10815
4831	4137
13016	10494
4263	3660
4505	3858
12542	10137
8057	6742
10155	8345
15505	12318
6138	5200
4473	3049
6658	5639
216	208
16885	13335
6186	5239
7259	6105
7430	4464
14038	8313
2295	859
5805	4938
1294	1203
13761	11064
2986	2629
15427	5579
15819	12559
2651	2348
6298	5335
3583	3111
14122	11315
7486	6293
12808	10343
16958	13394
1578	1462
202	194
8720	1262
15811	12554
7476	1874
1757	1603
5114	4373
9858	8117
351	342
10833	8858
10188	1409
4628	3958
3499	3051
978	931
12460	10070
16387	12965
10967	8965
3502	1924
4902	4199
977	931
2561	2280
16147	12802
1666	1537
9804	8075
6688	5209
2233	2015
10762	8801
12527	10124
9879	8126
14964	11926
5506	4690
5412	4613
409	400
14123	11316
11519	2009
12741	1969
13513	10871
15412	12241
6135	5198
15044	11982
8037	6728
7093	5969
10289	8446
16609	13120
8558	3681
11989	9735
6120	5184
6861	5788
9431	7795
7478	599
6329	5363
13382	10785
8856	7341
14113	541
15870	12603
5808	4941
1891	1727
12192	9870
5338	4552
9356	308
9856	8115
10660	8199
11842	9627
6322	5357
1228	1138
10329	3631
16230	12860
6106	2207
15210	12083
14178	11354
1664	1535
9750	8026
15049	4973
15637	12415
1070	1005
10486	1054
8565	7116
16323	12925
11788	9581
6768	5727
13969	11208
7584	6370
16267	12890
8582	7129
7092	5968
11040	9027
8578	7126
15646	12422
3012	2652
8599	7146
15677	12445
11494	9359
265	257
12108	9816
527	515
9133	7564
11877	9654
1223	1134
2387	2142
6520	5520
6087	5162
11907	9674
15906	12632
6390	5417
14310	9819
16078	12754
8682	7207
5360	4571
624	604
11422	9300
7811	6557
4439	3811
4057	942
1959	1789
11054	9038
8590	7137
4946	4237
15885	12615
8920	7395
8995	3541
2296	2067
16016	5210
148	112
14493	8089
1996	1822
15197	12073
1725	1578
15592	12380
17198	13578
9797	5291
8036	6727
9345	7741
13692	1606
16983	13415
6676	5653
14053	3542
2119	1928
8586	7133
9375	1383
108	107
7581	6368
9796	8068
6537	5530
16251	12877
12788	10326
354	345
12508	10105
12692	10255
8039	6729
15340	12195
251	243
4392	3768
6519	5519
12531	6417
11207	9147
8545	7099
14294	11438
16403	12973
2897	2552
16847	13302
11036	9023
4808	4114
15343	5867
10086	8290
16236	12866
2396	2150
15117	12017
13795	11090
8560	7111
8882	7363
10611	8689
6749	5715
6830	1295
1558	1442
5509	4693
15747	131
4511	598
1204	1116
16715	12956
7216	1043
8983	7440
14925	933
13971	11210
12864	10382
9987	4503
1732	79
9426	6871
15751	12504
15407	12236
1389	1292
14464	11560
6316	1876
8922	7397
14668	11709
4765	4076
3765	3253
4914	4211
11235	1295
10323	8473
12390	10011
5655	445
4305	3697
5756	4895
12688	10251
12929	10432
1289	1199
2200	1271
14157	328
1701	1562
8929	7403
12340	9972
9025	7471
4836	4141
13227	2415
4626	3956
7701	6464
13328	10736
8501	7074
8104	6775
10200	8376
10565	8651
13429	10817
2253	2034
12559	10150
4625	3955
6802	5748
16502	13045
16540	13075
5109	4368
12315	2501
12392	10013
3773	3261
2060	1879
13660	10991
8967	7419
1869	1707
10682	8735
10327	8477
9794	8066
2187	1980
5176	4424
9380	7766
7971	6677
6477	679
5670	4820
16490	13037
4975	4260
15349	12200
5684	4833
1573	1457
11205	9145
8181	371
9684	7974
15818	20
7991	6690
3753	3242
2534	2263
4586	3919
14047	11257
11037	9024
2117	1926
7322	6158
6790	3853
7442	6254
6854	5781
716	689
4611	3943
14413	11523
14237	5820
961	917
11467	9337
15707	12472
10910	8913
1112	1043
1755	1601
9010	7460
16094	12766
16812	13274
14951	11916
10304	8455
6233	1043
10969	8966
13695	2958
14311	4131
2266	1613
9009	7459
12865	1784
12657	10225
16022	12716
7712	6475
12914	4714
4567	3905
759	724
12968	10462
2307	2077
891	849
10389	3939
16091	12764
13217	10649
15884	12614
9823	8091
2494	2234
8944	153
1222	1133
12313	9955
7022	5918
3956	3414
7351	6181
3309	2915
1134	1059
7708	6471
121	120
870	829
7389	6212
1279	1189
14270	541
11094	9070
15765	12517
15641	12417
12197	9875
16667	13163
6338	5370
5809	4942
2076	1891
6672	5651
16227	12857
15105	12008
1038	977
12830	10355
3926	3388
7323	6159
13678	11005
7377	6204
4956	2259
10213	8387
16981	4713
3752	3241
12103	9813
13144	10584
5324	4540
16669	1083
11462	9334
5817	4947
16026	7217
14534	812
16402	250
4441	3813
15995	12697
2302	2072
14298	11439
5105	4364
13765	679
1563	1447
9697	7980
1844	1683
3954	3412
15052	11987
15111	12011
2722	2405
633	613
17186	13566
3900	3367
12756	10303
12497	10097
12335	4688
12869	2983
11314	9230
13742	11049
4131	3546
2970	2614
5747	4888
16728	13205
14153	11336
5038	4317
16986	13418
13405	10795
1876	1714
8963	7423
5593	4767
8029	273
12737	1961
5198	397
807	769
16247	12873
11887	9660
17205	8906
7179	6037
8596	7143
13757	11062
12107	4114
9502	7852
9158	7587
5184	4431
15659	2151
2476	2216
1170	1084
7842	6585
3112	2745
13015	10493
5583	4757
11415	1007
2250	2031
6952	1112
13424	10813
13909	11161
6227	5274
1898	1733
7202	20
13886	11148
13669	10999
13616	1141
2894	2549
14530	2501
3775	2880
15575	12365
7000	5901
5045	4323
5744	4885
17032	13455
4021	3460
7918	308
13943	11185
10179	8362
13348	10756
14304	4121
4917	4214
14832	11833
1074	1009
15170	12053
6280	5317
11185	20
6988	308
1596	1477
4283	3676
1710	1565
16408	12975
4743	4057
15804	12548
2374	2131
14418	11527
8950	7412
2328	2091
4235	3636
841	801
11814	9602
9638	7940
8517	7081
14305	4122
5493	4680
14982	11941
1823	1665
11523	9379
15917	12641
3593	3118
10557	8644
7246	2017
15789	12535
10412	8540
5742	2375
15607	12391
14563	11628
16537	13072
16486	13033
11791	9583
5280	4507
474	459
8093	4159
4935	4227
16658	13158
11380	9267
5492	4679
1663	1534
15802	12546
14059	7195
5438	4636
13415	10805
2294	307
400	391
8574	7123
12739	1965
3826	3308
6111	912
8541	4178
5678	4827
7970	6676
4338	3724
15609	4218
3590	1011
2420	695
7797	6545
16602	13114
11797	6661
1582	1466
4288	3680
16299	12916
5910	5022
14684	740
16172	12822
12532	10128
6785	27
1221	1132
2399	2153
14052	11262
17236	13608
1352	1258
5750	4890
4328	3715
4945	4236
4375	1161
6031	5120
240	232
1968	1794
16683	8729
198	190
2985	2628
12984	8313
5915	5026
9194	7615
75	75
13756	11061
4358	3744
2422	695
4667	3990
5277	679
4764	4075
11882	9657
9695	7978
16410	12977
16100	12772
1997	1823
1218	1130
7579	6366
966	922
11716	9524
3018	2658
1553	1438
16605	13117
3532	3078
12325	9962
6804	5750
11880	9657
1226	1137
12759	10306
14183	11359
3536	3080
16183	598
2427	2170
979	308
13302	10713
16473	13021
7718	6481
5485	4673
5600	1043
8946	290
11978	9725
2989	2632
1033	972
4807	4113
4023	3462
10295	6525
3997	3447
5333	4548
463	453
16716	13198
1171	1085
4507	1869
6864	933
8449	7034
12425	10043
5835	4963
10185	4044
11168	1256
4215	3152
2097	1908
2419	695
8509	1910
6055	5138
14580	11642
1029	968
13296	10708
5555	2939
8636	7175
12910	10416
298	289
3913	3376
14839	11836
16497	57
9793	8065
389	380
14093	11294
4139	3552
17197	13577
7599	6384
14091	11293
15602	12387
11382	2240
16555	13088
15239	12111
2242	2024
4363	1262
5057	4332
2049	1869
2231	2013
12306	9949
5568	4743
14145	4580
13481	10848
13105	10553
470	460
2814	2486
13343	10751
4870	4171
12496	10096
8376	6983
6223	5271
69	69
16073	1083
623	274
2813	2486
8579	5820
6286	5323
6678	5655
14673	11713
2812	2486
7005	5905
23	23
12972	897
3757	3245
2811	2486
8977	7434
13223	10654
15543	12345
11306	9224
11517	1660
1132	1057
12104	9814
12491	10093
2421	2166
11045	9032
11643	9471
5278	4506
16050	12739
12933	112
16682	5733
14972	11934
12301	9946
8145	6803
11280	9201
17229	13601
6527	5527
4031	679
12937	10439
4804	4110
15866	1306
14713	4419
17033	13456
7100	5975
10784	8817
9649	7948
5242	4480
1712	1572
2706	2389
13099	2582
11160	5601
12352	9981
5052	1043
13684	11011
12899	10406
2352	2111
3307	2913
9639	884
12925	10428
16178	1064
2639	2337
13926	11174
5679	4828
1487	1380
4830	4136
8883	7364
13964	11204
2896	2551
1665	1536
7250	6098
8547	7101
9008	7458
11641	9469
12023	9758
629	609
1804	1647
9827	2891
8372	6979
5019	4302
6282	5319
4126	3543
3237	2857
7401	679
12303	308
1711	1571
7373	6201
8982	7439
13937	9289
3457	3016
7318	6155
16114	611
16167	12817
11650	9478
17248	13619
9748	4961
12131	9827
12663	10229
14022	252
16181	3417
16816	13277
8182	274
11757	9554
5830	4959
9191	7612
7058	909
7610	6395
285	277
10759	8798
16890	13340
16600	13112
5048	4326
10313	8463
6686	5663
10913	5049
10693	8744
5252	4480
10088	8292
5895	5008
5017	4300
2760	2441
429	420
1069	1004
12712	10270
810	772
15679	12447
1894	994
39	39
16814	3313
12292	827
15123	12019
12686	1060
10575	2434
2381	878
8573	7122
1608	1488
1296	1205
15261	2239
12389	10010
5407	2284
2398	2152
4513	3863
5244	4482
2293	2066
16666	4327
13397	4060
487	476
1704	1565
3504	3054
2410	695
4223	3627
8363	6971
11600	9444
6148	5209
14191	11367
14934	11900
14006	11229
10382	8520
16834	13292
2411	695
9358	3593
3453	3013
3861	3
12701	10263
4777	4087
14828	4015
1551	1363
8726	7241
16663	3062
8583	7130
1293	215
17192	13572
2412	695
5852	4975
12715	10273
6545	5544
9152	7583
11883	9658
11651	9479
9341	7737
2413	695
8314	6929
11401	9284
7593	6378
13888	3586
5055	4330
8737	7251
3780	3266
14149	11333
16406	6721
3523	3069
5319	4537
15042	11980
15108	12010
5289	4516
2271	2047
2416	695
8381	20
843	803
14457	11553
13755	11060
6313	5350
16242	12870
14155	11338
5161	4412
4573	3909
15861	12596
6941	5848
10204	8380
15877	12607
10591	8671
16018	12714
631	611
1978	1804
15647	12423
11440	9317
10614	8692
16383	12962
15840	12580
6529	5529
11985	9732
1994	1820
8693	4015
2234	2016
9714	7994
4585	3918
6177	5231
15996	12698
6877	5802
8728	7243
12665	10231
5357	4569
9688	5332
14598	11655
7706	6469
10025	7272
330	321
2086	610
3433	2998
5743	4884
2756	2437
1142	1066
8836	7326
17312	13662
3910	704
620	601
6824	5760
4490	20
5234	4473
4838	4142
12655	10223
3969	3426
7716	6479
10153	937
329	320
5168	4418
6690	5666
15992	2386
5498	4685
1091	187
6341	5372
1874	1712
8153	6810
11291	9210
1609	1489
9944	8173
15196	233
16468	13017
11853	3904
1951	1781
5905	5017
11322	5733
5765	4904
9811	8080
14532	11608
4587	3920
5107	4366
4104	3527
8380	6984
6669	5648
13390	9124
9421	6867
14035	11248
1763	1609
7693	6456
15922	12646
5824	4953
9700	7983
6846	254
8144	6802
8858	7343
15660	12433
15799	12543
1391	704
4025	3464
9328	7728
483	472
10297	1543
13688	3841
5818	448
6311	5348
7606	6391
6065	5146
5877	4993
8687	1267
9004	530
5353	4218
15603	863
432	423
16266	12889
4060	3491
15770	972
9986	8208
12862	10380
4300	3692
10079	8285
6130	5194
6251	5294
2715	2398
16301	12918
7959	6667
12109	4116
7783	6536
5325	4541
11324	9237
12285	9934
5892	5006
585	572
3751	593
10138	8332
10198	2582
13961	11201
437	428
4372	3754
12470	3631
10325	8475
3297	2906
3856	3335
12136	9832
15658	12432
5469	4661
295	286
12525	10122
5173	4422
11854	9635
8514	1915
7780	6533
126	124
8684	7209
14643	11689
11509	4266
1169	1083
2388	2143
4483	3839
16506	13048
1032	971
17130	13524
2889	2544
3266	2882
5838	4966
1413	1314
16182	254
12932	10435
5361	4572
8567	7118
473	463
9437	6862
3999	3449
2090	1901
12616	10195
12967	10461
12121	9819
3396	1729
489	478
5705	4849
15249	12120
14092	7930
1886	994
11516	175
13687	11014
10968	4447
12351	9980
6887	5809
15354	12204
15994	6349
394	385
6052	5135
4296	3688
3452	3012
15783	12532
8730	7245
16119	12785
2101	1912
14836	1025
5430	4628
16144	12800
7577	6364
5339	4553
2935	2582
14210	1660
8593	7140
14271	11422
396	387
6312	5349
16839	13295
15728	2405
8678	187
13502	10863
12393	10014
11068	1097
16940	13381
3102	2737
15587	12375
11849	9632
3585	2941
476	465
1719	1576
12144	9840
3960	3417
16240	12869
8221	5915
1412	1313
10324	8474
4908	4205
2993	2634
5402	4606
14076	11281
10316	8466
4491	3846
5113	4372
12316	9957
10077	8283
13968	11207
15862	12597
10838	8862
5842	4967
11738	9539
14495	11583
15837	12577
6319	5354
6068	5149
3764	3252
13145	10585
5415	4616
10581	732
15217	12089
15255	12126
14088	681
1065	308
1726	69
8156	6813
15246	12117
5826	4955
7614	6399
7928	6638
6337	5369
5823	4952
14562	11627
3014	2654
3528	3074
15718	12482
7264	6109
11426	9304
7702	6465
12000	6589
6596	5586
15405	12234
2210	1997
4376	3757
12344	9976
2683	2373
6228	5275
1230	1140
1133	1058
15456	10634
1998	1824
5359	715
16665	13162
14209	10304
12015	9750
15976	8804
6909	5824
15972	12684
188	180
8259	1097
10616	8694
11041	9028
2182	1975
4243	3644
11437	9314
11091	9067
15794	12539
5335	4550
4336	3722
388	379
1116	648
5893	4492
5331	4547
718	691
10508	8607
15771	6932
15846	12586
14259	11417
1478	1371
16175	12824
13959	11199
15871	12604
9334	737
7781	6534
4923	4218
6291	5328
15218	12090
982	932
129	126
548	536
10512	8002
10016	7272
13402	3461
8717	7234
10558	8645
3903	704
261	253
5341	4555
7711	6474
3904	704
7775	1320
12687	10250
16457	13014
12149	9845
7985	704
12326	4894
120	119
15251	12122
8571	2087
6306	5343
15424	12252
2978	2622
16080	12756
17138	555
16833	13291
13396	3388
16483	13030
9887	8133
11895	9664
13871	11136
12677	10241
16891	13341
15209	530
14683	2885
7518	6321
13104	5396
6374	5402
7616	1558
3908	704
5574	4749
11138	9093
7772	6528
9652	7949
7575	6363
9382	7768
4663	3986
5218	4459
284	276
7313	6151
14545	11619
10589	8670
3833	3314
5426	4624
5040	4319
13663	10994
6828	5763
5580	4754
11741	9542
14057	11266
7828	6574
9634	972
8921	7396
5054	4329
12815	10347
1661	987
1716	1574
9636	6409
16589	3049
8718	7235
6297	5334
9788	8060
193	185
14969	11931
3236	2856
8094	6768
16957	13393
6745	5712
11521	9377
1899	1734
210	202
1148	1071
5592	4766
1114	1045
15353	12203
12828	10354
14564	11629
10837	8861
6878	5803
6447	5459
5834	46
14299	9817
4360	3746
38	38
4014	3454
12022	9757
2990	594
3783	3269
9824	8092
15222	12094
690	664
17231	13603
5162	2722
11512	9373
15487	12301
700	674
1106	1038
7989	6688
14691	11040
14566	11631
6811	3033
10702	6
16782	13253
8211	6848
468	458
13206	10640
4695	4015
249	241
13149	10589
523	511
395	386
10629	8701
13806	11098
4876	4176
9745	8023
197	189
9007	3524
9739	8017
11210	9150
237	229
292	283
260	252
5683	4832
13432	704
12901	543
16045	12735
14921	2974
6475	5479
16688	13179
13430	704
12982	10472
16470	2820
6275	5312
1720	1577
10736	8779
7982	6683
16000	12702
850	810
4017	2909
17111	2634
16077	12753
9885	8131
7704	6467
8689	7213
6017	5107
6662	5643
3862	3339
9699	7982
12679	10243
4082	2654
2685	972
7515	2160
10608	8686
7242	6092
9928	20
11470	884
10507	8606
16079	12755
13671	7703
16811	2337
11345	3790
10258	1685
12191	9869
11450	9326
11628	9460
11783	9578
9825	8093
7511	5828
13387	3880
8379	443
107	106
7512	6317
5025	4306
5023	1026
6050	681
15195	26
16556	13089
3296	2905
11763	9560
9029	7475
14146	11331
14761	987
1808	1651
5036	4315
11211	9151
12353	1971
222	214
12526	10123
12832	10357
1151	1074
2209	1996
7411	6232
1813	1656
1581	1465
11028	9018
16974	13408
10216	8390
14267	11419
2608	2311
12329	9964
15107	12009
12658	10226
11627	5819
16548	715
3677	3179
8159	6814
12805	10341
5433	4631
458	448
4653	3977
13664	10995
16563	308
1570	1454
1887	1724
14712	11740
12102	4110
3805	3289
3404	2375
5800	4933
9139	7570
10220	8393
15921	12645
16710	2628
11955	9703
14618	11667
9533	323
10252	2247
9883	8129
4543	3884
2648	2345
6378	681
16392	1938
874	832
572	559
12897	10404
7976	6667
11348	3925
1571	1455
19	19
2626	2327
11645	9473
13393	4787
15234	12106
15537	3027
1872	1710
3110	260
8515	7080
1475	1369
4848	4151
7605	6390
16174	4973
398	389
2936	2583
7692	6455
14831	1931
5256	2624
10521	8616
14659	11702
5702	4847
12545	10140
9114	7548
6944	5851
243	235
11474	5688
7247	6096
10698	8748
6446	5458
901	858
7030	2151
7681	6447
15481	12296
13427	10816
12709	544
7929	6639
5417	2287
5342	4556
9321	7721
15181	12060
8589	7136
1093	1027
12198	9876
3017	2657
8550	7104
4357	3743
15109	6169
3680	3182
11489	9354
13338	10746
12275	9928
13876	11141
13751	11057
16020	12715
695	669
14416	537
3085	2721
7161	20
8731	7246
13295	10707
1811	1654
2107	1916
15126	911
14660	2239
13209	10642
1153	1076
16985	13417
1878	1716
7967	6673
5694	4843
4957	4244
4190	3597
352	343
16224	6349
14453	11550
12396	10017
12662	10228
10285	8442
14147	4361
11894	2589
11053	131
3834	3315
9140	7571
4906	4203
9694	7977
8539	7097
11451	9327
11984	9731
6564	1087
1953	1783
10561	8647
1034	973
64	64
4115	3537
1254	1164
1092	1026
707	604
13790	723
4280	3673
904	861
13698	11019
7826	6572
7474	6285
3874	3351
6573	5565
5245	4483
16324	1985
6292	5329
9603	581
146	139
11050	131
6808	5753
7024	5920
9828	8095
254	246
3821	3303
16684	13175
15050	11985
16481	13028
12777	530
208	200
10308	8458
17036	6130
15253	12124
4740	4054
9933	8167
567	554
15486	9420
14946	11912
5410	1306
3527	3073
13941	11183
16987	13419
1490	1383
13960	11200
15485	12300
13938	4178
6543	5542
2036	1860
16375	3062
6885	5808
11982	9729
7258	6104
9789	8061
7404	6225
6278	5315
9371	7753
10768	8804
17194	13574
6287	5324
4260	3658
12826	10352
15868	12601
6230	5277
11047	9033
8984	7441
692	666
2982	2625
8864	215
9424	6857
13689	8977
5434	4632
6674	5652
12668	10233
14458	11554
12710	10268
6665	4966
8945	7409
5596	4769
14983	11942
4502	3856
16229	12859
15661	12434
876	834
3930	3391
2184	1977
9355	7749
10303	1043
15632	12277
8680	7206
11571	9420
15478	12293
878	836
15265	12130
12520	10117
4821	4127
6123	5187
6681	5658
14553	3680
10301	8453
2933	1874
1493	1386
57	57
9195	7616
13944	11186
430	421
8595	7142
4297	3689
4708	4027
13325	10733
2112	1921
17077	13489
10150	2405
12294	397
13326	10734
11215	1877
11482	9347
11668	9488
16373	611
5429	4627
2557	2276
4662	3985
15729	12489
7685	6450
11186	9129
11458	5685
7261	133
11157	5597
16611	13122
2464	2204
17249	13620
16867	13318
6334	5367
11753	9550
13399	10792
10555	8642
4770	4081
12199	9877
6328	5362
14213	11385
13875	11140
6814	5756
15997	12699
16369	12955
5179	4427
15345	29
17188	13568
15764	12516
13500	10861
5878	4994
9197	7617
9039	7485
13222	1207
5494	4681
1523	161
7228	6081
7727	4464
11381	9268
14173	11349
10487	8588
2326	2089
2927	328
3785	3271
4183	3591
15914	12638
580	567
3386	2961
11225	594
14835	11835
10590	3068
16491	13038
5330	4546
6660	5641
4440	3812
8923	6112
14172	626
16546	13081
15791	12536
6219	2963
11472	9339
10177	5880
11485	9350
4979	4264
3086	2722
6326	5360
6479	5482
5689	4838
2100	1911
5422	4621
639	584
9939	6349
8691	7214
13364	10771
2759	2440
8607	7151
13911	11162
7385	5971
14528	2252
15749	12502
15347	12198
7694	6457
5579	4753
16249	12875
16092	281
3401	2972
11153	9106
13077	10534
549	537
4627	3957
1008	947
4844	4147
6235	5281
10482	8587
7678	6444
13872	11137
10559	8646
5322	4538
14948	11913
16086	305
12160	9854
9027	7473
6668	5647
14158	11340
3762	3250
297	288
16122	12788
10184	8366
4519	2378
5920	5031
4517	1504
16610	13121
14104	11304
8952	7414
3703	3202
9779	3232
15827	12567
9991	8211
12509	10106
5801	4934
12778	286
9186	7607
12960	10454
333	324
14780	335
15135	12024
14581	11643
17034	3853
5712	4855
4731	4045
6831	5764
8879	7360
16223	12854
8538	7096
15923	12647
10586	8667
577	564
9141	7572
11792	9584
13417	10807
118	117
6180	5234
8377	3482
12920	10424
1175	1088
15201	12077
12674	10239
5358	4570
3096	2732
11029	9018
522	510
16264	12887
8557	7109
16259	12884
5814	4945
5794	4107
4873	4174
16381	12961
3831	3312
6741	3373
1568	1452
1576	1460
11677	9488
13685	11012
10072	8278
15204	3173
16944	13384
7979	6682
3679	3181
3083	2719
3964	3421
13373	10778
466	456
10787	8819
6178	5232
10214	8388
196	188
9163	3935
16892	13342
242	234
12469	10078
6140	5202
17116	13512
8551	4021
3994	3445
15245	12116
3973	3429
16385	12961
14422	2880
3931	3392
347	338
17136	13530
5329	4545
3917	3380
16278	12899
1525	1412
12013	9748
10222	8395
11684	9503
4613	3944
3392	2966
6113	5179
7380	6206
15262	12129
3797	725
16292	12911
12734	1960
16781	13252
6474	5478
3299	863
10846	404
6342	5373
696	670
11732	9534
2247	2028
426	417
15258	2487
5740	4882
11459	9332
16760	13233
10385	8522
3683	3185
12168	598
5404	4608
12557	5915
9532	7874
12024	1565
15759	12512
1172	977
7219	6072
12049	9776
9329	7729
1252	1162
13939	769
16963	13398
11227	9160
17133	13527
5929	5040
9432	7796
1890	710
16837	13294
14211	11383
9505	7853
4845	4148
5285	4512
11999	769
3238	2858
3512	3060
16479	13026
1853	1691
3854	3333
14657	11701
16824	13283
14497	11585
4234	3635
16368	2337
6016	5106
4561	1011
13419	10809
9423	6869
1947	1777
13250	3625
11960	9708
16378	12959
16279	12900
6940	4626
9984	8206
12714	10272
12558	10149
10606	8685
5599	4772
13009	10488
4578	2623
15043	11981
9121	7555
10609	8687
6536	5536
17126	13520
8531	7089
6792	30
7011	1685
7589	6375
17316	13666
12615	10194
3099	2735
12810	10345
152	144
5489	4676
5924	5035
760	725
2111	1920
7561	6351
5022	4304
11284	9204
12635	10208
7562	6352
68	68
4067	3498
7047	5936
4575	3911
3981	590
385	376
2409	695
15046	11981
5849	4973
6288	5325
3081	2717
5710	4854
8289	6913
6225	5272
11093	9069
11159	1254
12669	10234
9742	8020
4355	3741
2886	2542
9129	7561
5836	4964
4221	3626
5709	4853
2033	1858
8521	1921
14935	11901
2434	1279
16482	13029
17199	13579
328	319
2609	2312
15357	12206
10152	928
15656	12430
12755	10302
15801	12545
6461	250
14016	11236
13371	10776
14953	11918
421	412
1883	1721
7792	20
4010	3451
4286	1924
8105	6776
7477	6286
1817	1659
13940	11182
1946	1776
15910	12634
15588	12376
11957	9705
8080	6761
14042	11253
16017	12713
2948	2592
622	603
5760	4899
4618	3948
3830	3311
12163	9857
7327	6163
6283	5320
16544	13079
4634	3964
7490	6297
6121	5185
13766	11068
1288	1198
10613	8691
12512	10109
16053	12742
2301	987
14292	11436
4364	3749
3526	3072
3091	2727
13754	11059
7044	5933
16180	400
2708	2391
9741	8019
11065	9047
3922	3384
8913	3068
457	447
3227	2847
433	424
17027	13451
12807	10342
16777	13248
16268	5790
6865	5791
13936	11181
9111	7545
14913	11888
5663	4814
6129	5193
8323	6936
9791	8063
6290	5327
3995	3446
111	110
12506	10103
15580	12369
3514	3062
8857	7342
189	181
15045	11983
13877	11142
15110	6326
6302	5339
13414	10804
4385	3765
10666	14
5923	5034
4055	3487
7601	6386
13958	11198
11852	332
5677	4826
11760	9557
10027	8240
3921	977
11141	9096
636	616
14706	1931
12634	2247
8070	1207
13064	10526
6876	5801
15716	12480
10497	8597
11493	9358
17270	13632
8441	7029
7375	972
9116	7550
192	184
136	133
2299	2070
12166	397
1580	1464
15223	12095
14300	11440
2466	2206
12813	9906
4492	3847
5018	4301
14965	11927
8971	7429
10481	972
4817	4123
8839	116
12704	10265
11690	721
4108	3531
5053	4328
3972	1768
1409	1310
11816	9604
17232	13604
14664	11705
9782	8055
7260	6106
8095	6769
9829	8096
9500	7850
11214	1408
10070	8276
11988	9099
12510	10107
13477	6351
5673	4823
16377	12958
6449	5461
255	247
12515	10112
14048	11258
5658	4812
6874	5799
5510	4694
17190	13570
4579	3913
16495	13042
12467	10076
8055	6740
6310	5347
2093	1904
8692	2939
5582	4756
2868	942
15240	12112
722	694
334	325
12388	10009
399	390
8189	1007
7406	6227
9642	715
13153	10593
9889	8135
6826	5762
15228	12100
12356	9983
1956	1786
7376	6203
5468	4660
11049	9035
3584	3112
2292	2065
3515	14
16245	12872
2227	257
6127	5191
5183	4430
8740	7253
12671	10236
7390	6213
8502	1899
13076	7438
15796	12540
13484	10850
4944	4235
8442	7030
10092	8294
11626	9459
16325	12926
12120	4128
2983	2626
1187	1100
10733	8776
16327	641
16128	12791
6958	5862
10656	8719
14542	11616
6317	5352
5197	4443
16830	13288
8986	7443
2351	397
12783	10322
2489	2229
7033	541
5591	4765
17256	20
15601	12386
15788	9677
143	106
13531	10888
15237	12109
15611	12392
7513	6318
4661	3984
10215	8389
11429	9307
16708	7438
7962	6670
14876	4216
5804	4937
3888	704
5467	4659
5115	4374
10572	8657
1977	1803
2035	1859
13292	10704
8785	7292
2433	2176
5178	4426
17132	13526
16934	13377
486	475
15055	977
872	831
17137	4215
5904	5016
16258	12883
4669	3992
3885	704
16095	12767
3918	3381
11715	9523
1885	1723
15690	12455
10387	1084
3884	704
10255	8424
11479	9344
7720	6483
2470	2210
7445	6257
15366	12212
16151	603
4616	3946
12907	10413
10689	8741
9698	7981
9157	7586
9213	7632
3318	1190
12169	3706
12927	10430
9754	8030
1843	1682
2643	2341
4942	4233
4289	3681
12620	10199
10582	8663
3923	3385
5217	27
14560	11626
8152	6809
9746	8024
12045	9775
8783	7290
11675	9495
22	22
15359	400
2681	977
14099	11300
3880	704
2391	2146
8859	7344
13499	8111
6221	5270
9787	8059
469	459
3965	3422
8357	6965
5233	3021
2432	2175
11310	9227
13360	10767
16554	13087
5906	5018
11431	9300
16539	13074
11167	9113
3955	3413
9124	7558
15547	9865
12619	10198
902	859
11146	9099
11881	3675
1030	969
5715	1089
195	187
7824	6570
10322	8472
15876	7037
15041	11979
11671	9491
3252	2870
15881	12611
12293	5563
4390	3767
5432	4630
10480	8586
13403	10794
8157	6809
7573	6361
2895	2550
13507	10867
9499	1053
999	941
689	663
9783	1874
15125	12021
7990	6689
9361	7753
7729	6491
7679	6445
6367	5395
5416	4617
1733	80
13288	10701
17029	13453
2041	1865
4953	4243
7049	5938
3980	3434
7825	6571
11285	9205
5997	5089
14185	11361
9798	8069
1579	1463
4026	3465
8071	175
15750	12503
1950	1780
10743	8786
8162	4327
5795	4929
14648	11694
11892	679
6663	5644
14094	11295
5812	4107
3226	2846
16501	12892
1565	1449
11399	844
3801	3286
4572	3908
5039	4318
1207	1119
5807	4940
14114	11311
13218	10650
15047	1039
5897	5010
472	462
634	614
13324	10732
5706	4850
5846	4970
2884	42
7317	5733
2311	2081
1189	912
8958	7418
4937	4229
8098	6488
11313	9229
386	377
16489	13036
5832	4961
9368	7759
8443	47
13379	10784
4632	3962
5009	2592
7151	6017
14760	11777
11425	9303
15878	12608
9156	626
10564	8650
1280	1190
9687	1705
10296	8451
4559	3898
6682	5659
4482	3838
16412	12979
9647	7946
2991	9
2567	2286
10394	8527
12012	9747
5630	4786
9985	8207
2430	2173
4179	3587
11900	9668
16865	13316
3791	3277
7386	6210
6890	5811
11729	2559
5408	2286
1196	1108
5711	77
7010	5910
1706	1567
10321	8471
3706	3204
15828	12568
3524	3070
2892	2547
11784	9579
2363	404
717	690
9131	5744
3803	3286
10684	8737
5908	5020
3003	2643
15539	12341
15552	12349
4983	4268
2713	2396
5654	4809
14710	11738
12319	837
6675	1547
3675	3178
10354	8497
8319	6934
13480	611
12827	10353
1849	1687
1554	1439
4820	4126
6743	5710
11718	9526
7773	2386
9535	737
6134	5197
13476	10847
8734	7249
1731	1580
11452	1083
11761	9558
6784	2425
15929	3388
5896	5009
811	773
9376	7763
5590	4764
6053	5136
701	675
15428	12254
2872	2531
15236	12108
11764	9561
14031	11245
15634	12412
438	46
12860	10378
5595	4764
5117	4375
9430	6872
15879	12609
17217	13593
6806	5752
7098	5973
246	238
2654	2351
13518	10876
16239	6504
5058	4333
3456	2919
12703	10222
15267	12132
12717	10275
13303	8685
8738	7252
6481	5484
15375	12221
14175	11351
637	617
7598	6383
6869	5795
11884	9659
9153	7584
5507	4691
16835	3797
10001	8220
4907	4204
1603	1483
5584	4758
5714	4857
8735	7250
4840	4144
12016	9751
8961	7421
12047	1161
15457	335
16166	12816
6296	5333
14669	11710
3799	3284
3883	3359
5284	4511
8697	7217
4558	3897
1117	1047
698	672
10196	8373
16886	13336
1004	945
1107	1039
2092	1903
4515	3865
3267	2883
10002	8221
7470	6281
9534	7875
4803	4109
3928	3389
1014	953
12237	9904
3316	2922
1450	1347
13255	10675
10531	8623
16021	909
14778	11793
5104	4363
8471	7053
9360	7752
4608	3940
688	662
806	768
17113	13509
6413	5430
2103	116
11787	9580
2720	2403
16243	12871
13418	10808
16771	13243
7025	5921
4592	3925
5676	4825
141	137
10655	8718
15207	12081
16046	12736
9701	7984
1118	175
6033	5122
6538	5537
10287	8444
4647	3973
8987	7444
17131	13525
14419	1298
7306	3350
2393	2148
4486	3842
14060	11267
5634	20
10746	8789
15803	12547
8358	6966
10311	8461
10769	8805
4209	3615
9689	3699
11158	1253
266	258
4522	3854
15374	12220
15026	11966
7051	5940
16768	13240
17252	13621
10835	8859
11815	9603
4114	3536
4813	4119
840	800
16407	1321
3398	2969
10742	8785
2758	2439
15919	12643
13340	10748
15688	12453
10662	4978
4140	3553
1550	1436
10563	8649
13103	10552
14184	11360
317	308
6277	5314
3001	2641
7676	6442
13668	836
11498	9363
15259	12127
3126	2758
11906	982
12825	6264
15684	12450
1662	1533
9342	7738
5030	4309
8279	6904
11315	9231
7930	6640
2475	2215
16390	12967
9715	7995
5837	4965
3717	3213
16260	12885
56	56
582	569
9374	47
8500	7073
10381	8519
16553	13086
3268	2884
453	443
10516	8611
14180	11356
12284	9933
8927	7401
9117	7551
13349	10757
4916	4213
5587	4761
16542	13077
4623	3953
6250	5293
8992	7449
9997	8216
1303	1212
1965	1437
869	828
11288	9208
6818	769
2094	1905
6886	3388
6014	5104
8465	7048
13794	2206
10181	8364
4577	130
14297	4116
15748	604
17311	13661
11298	9217
4474	3833
17313	13663
15423	12251
9992	3625
14834	8588
6303	5340
7006	5906
8838	7328
14800	11809
4331	3718
17245	13617
12115	4122
12295	9941
2048	273
16551	13085
12343	9975
14919	11892
3586	3113
7031	5925
9159	7588
5106	4365
2888	2425
5763	4902
5746	4887
4113	3535
4330	3717
7938	6648
14289	4109
1255	1165
2270	2046
15250	12121
4369	648
9821	8089
257	249
16657	2134
9644	7943
13386	10788
16102	4314
13208	8202
9979	5747
6088	5163
1119	1048
5833	4962
15762	12515
9941	611
2252	2033
11043	9030
2559	2278
12969	131
7782	6535
13673	9913
10071	8277
11465	2321
16123	12789
5556	4732
15233	12105
3777	3263
15540	12342
14046	11256
9366	7757
13412	10802
11073	9054
12026	1207
3892	3364
962	918
10499	8599
3082	2718
558	545
16727	152
4564	3902
11740	9541
3786	3272
12959	10453
16978	13412
15640	12361
4978	4263
15650	6348
951	908
2047	598
4304	3696
7017	5913
21	21
6641	5623
13506	6357
7221	6074
13059	10521
7403	6224
3986	3437
2974	2618
6604	5011
7004	851
7776	6529
9799	8070
2719	2402
1952	1782
8555	7108
15813	12555
15199	12075
15584	11305
17310	837
4285	3678
4738	4052
2686	937
10763	8802
16965	13400
15220	12092
6063	5144
11318	9234
9882	8128
8062	6747
14089	137
12742	10292
16661	7892
3998	3448
7933	6643
8727	7242
11720	9527
8540	880
11477	9342
12339	9971
12707	10267
6226	5273
4298	3690
5497	4684
4814	4120
6813	584
8863	7348
1730	78
3510	579
12333	9967
8841	7330
15338	12193
13257	10676
10757	8797
1068	1003
15115	12015
4749	4063
15425	1011
10909	8912
15817	12558
13320	10728
7097	5972
12338	9970
12142	9838
630	610
3298	2907
207	199
583	570
15685	12451
2984	2627
8350	6959
6533	5533
16655	13156
12524	10121
15368	12214
13801	11093
17235	13607
12787	10325
9809	8078
10018	8233
8960	7420
10134	8328
13356	10763
1480	1373
133	130
7090	977
425	416
3891	3363
12977	10468
5318	4536
12740	1967
4144	3556
10393	8526
5199	1159
14050	11260
77	77
11296	9215
15235	12107
15548	306
15916	12640
8733	7248
4769	4080
3958	3416
2883	2540
5720	4862
294	285
652	629
10750	6043
4437	3809
6237	371
14696	11728
16866	13317
8097	6771
2949	2593
6948	5855
16154	12807
16273	12895
7572	6360
4128	1279
9940	8171
6330	3230
9372	7761
4650	14
16832	13290
11962	9710
2703	2386
8519	7083
11132	9089
15174	12056
10739	8782
3530	3076
8928	7402
15662	12435
1214	1126
13347	10755
9298	7700
236	228
14309	11442
7469	6280
7144	6010
621	602
10254	8423
15200	12076
2677	2369
8597	7144
15606	12390
7628	6409
17233	13605
12806	4246
15376	12222
3591	3117
2717	2400
5071	4344
7064	1685
720	693
7795	6543
12985	994
14125	11317
3906	3371
16413	12980
6056	5139
139	135
12986	994
9125	7559
4477	2220
9853	8112
4384	3764
12782	10321
12354	9982
13966	11205
5207	4449
12987	994
15545	12347
15371	12217
6679	5656
5907	5019
14492	11582
13158	10598
2478	2218
11990	987
3924	3386
5704	4848
6301	5338
4630	3960
4776	4086
80	80
5681	4830
11136	9092
12689	10252
14709	11737
12757	10304
288	280
8725	7240
15880	12610
16821	13280
16846	13301
15786	12533
6602	5592
4013	3453
2089	1900
10212	1543
3403	2974
5909	5021
17140	4154
4826	4132
3345	2259
7056	1012
16101	12773
1703	1564
528	516
14023	11239
5308	4529
12111	4118
7703	6466
2384	2139
13749	11055
7627	6408
3606	308
1414	1315
5400	4604
6783	5735
6304	5341
2106	1915
9637	7939
15213	5994
16762	13235
14711	11739
7007	5907
14061	6340
1660	1532
4920	3853
13108	10556
14268	11420
964	920
6324	705
7305	6144
1040	979
7937	6647
7446	6258
7060	5945
3929	3390
865	824
16820	13279
12988	1042
7473	6284
13229	2418
13211	10644
4239	3640
3098	2734
2981	2624
5306	46
13942	11184
12779	1161
4334	3720
10483	3418
2488	2228
6377	5405
12505	10102
10756	8796
1139	1063
4763	4074
13323	10731
5928	5039
4524	3869
8141	6799
4476	3835
16127	4246
15266	12131
15169	153
13345	10753
1174	1087
9438	6863
10201	8377
11886	2248
4356	3742
9320	7720
5237	4476
13413	10803
4012	1752
7150	6016
1017	956
10029	8234
2423	2167
9315	9
7965	6672
4707	4026
8081	3412
3535	594
7489	6296
15410	12239
9857	8116
12504	1875
12964	10458
6019	5109
10587	8668
1818	1660
10151	8343
15989	12694
4958	4245
11060	9043
16023	12717
4236	3637
12863	10381
10610	8688
14308	11441
5327	4543
14653	11698
16726	13204
349	340
10355	2375
4922	4217
6116	5180
3760	3248
8472	7054
6863	5790
2995	2636
1404	1305
7958	6666
1064	1000
569	556
16472	13020
5831	4960
14922	863
14058	199
4058	3489
10593	8673
5282	4509
1143	1067
1806	1649
14584	11646
5037	4316
10659	3297
2622	2323
3084	2720
10741	8784
11502	9367
5827	4956
15918	12642
12327	7803
4904	4201
13330	10738
14716	11743
7612	6397
142	138
4633	3963
11754	9551
5848	4972
3109	2743
9877	8125
2431	2174
3774	1754
7262	6107
11954	9702
190	182
10730	8773
5668	4818
5659	20
4590	3923
7424	616
13297	3072
7980	5712
13681	11008
7482	6289
7730	4430
3875	3352
14461	11557
6844	5776
6744	5711
4510	3861
11789	9582
10700	4997
16476	13023
3681	3183
9188	7609
6889	5810
13159	10599
16827	13285
9433	7797
11155	9108
15122	4504
14097	11298
13658	10989
11021	9012
13741	1411
8993	4879
11428	9306
13661	10992
13704	2078
1721	62
16977	13411
2118	1927
14663	11704
12129	9825
15113	12013
10771	8807
12544	10139
7039	5930
6945	5852
851	47
1845	1684
7225	6078
15674	1028
11487	9352
1113	1044
479	468
7917	6629
5231	4471
15112	12012
12196	9874
1577	1461
10488	400
8511	2302
484	473
2462	2202
12735	10289
8351	6960
14037	20
1547	1434
8957	3113
16117	863
6960	5864
6343	535
4832	4138
8034	6726
5682	4831
9528	7871
7963	6671
13354	10761
11142	5790
4191	3598
6693	5669
2063	1882
11289	9209
11518	182
4664	3987
5922	5033
1879	1717
4909	4206
1458	1353
4874	2506
14707	11735
11893	7847
1586	1469
6484	5487
7101	5976
1816	1264
145	105
2116	1925
17030	11895
8855	7340
17230	13602
7697	6460
9044	7490
584	571
14937	11903
2429	2172
7244	6094
5671	4821
8146	6804
3101	594
8100	25
16328	4894
14829	11831
5043	4322
15993	12696
13421	10811
15790	8921
5713	4856
5755	4894
5759	4898
16615	4218
16480	13027
8360	6968
14472	11567
15904	12631
8179	937
4202	3609
406	397
11654	9481
6683	5660
67	67
3719	3215
215	207
16543	13078
8739	3969
147	140
12139	9835
13335	10743
10028	7270
5748	4889
10326	8476
1071	1006
6809	5754
11035	9022
2757	2438
3912	3375
3104	2739
10485	2841
6071	5152
5067	4342
434	425
8633	7172
11640	2941
17129	13523
11057	9040
16081	12757
4871	4172
9115	7549
10556	8643
9322	7722
3089	2725
6673	1159
2392	2147
8580	7127
13367	10774
11033	9021
16170	12820
14799	11808
6867	5793
16844	13299
15869	12602
15483	12298
5488	704
11072	9053
10019	8234
14410	11521
13516	10874
13762	11065
10665	585
12617	10196
13764	11067
6136	994
839	799
13253	6624
2718	2401
11404	9265
6276	5313
3827	1018
13207	10641
14879	11862
555	543
8696	4162
244	236
5690	4839
4015	3455
12942	10444
5027	4308
6252	5295
5693	4842
15782	12531
11156	5594
16693	13184
106	105
9256	2885
12930	10433
16371	5280
16558	704
7162	6026
8082	3414
9040	7486
10686	6917
9351	1924
866	825
11069	9050
12148	9844
4915	4212
15593	12381
5220	4461
2241	2023
16559	704
15849	12575
7977	2977
11625	9458
15758	12511
697	671
5240	4478
428	419
14579	11641
1486	1379
2474	2214
3015	2655
13102	10551
16552	704
16825	4847
15051	11986
4846	4149
14686	11722
8139	6797
5719	4861
2456	2197
10390	8524
3494	3047
1320	1228
3465	20
16043	12733
16776	13247
134	131
13868	11134
877	835
12633	10207
8518	7082
7099	5974
112	111
12119	9818
6216	260
9346	7742
6670	5649
10748	8791
12691	10254
11139	9094
14417	11526
11736	9537
8603	1322
3534	737
2095	1906
14039	11250
4635	3965
144	121
8780	2405
431	422
8142	6800
12426	6910
16351	12945
5508	4692
8972	7430
2560	2279
12046	155
16843	1754
12146	9842
7832	6578
3087	2723
1135	1060
5631	4787
5029	3388
4584	3917
1488	1381
9390	7776
7326	6162
5334	4549
7592	6377
2428	2171
5563	4738
2490	2230
12913	10419
9370	7760
10681	8734
455	445
11217	9154
12958	10452
11986	9733
11044	9031
14650	11696
2566	2285
11051	9036
14274	7285
14111	11309
15675	12443
17046	972
12203	9880
12283	3061
11430	9308
8355	3018
13745	11052
12321	9960
15252	12123
2414	2162
5796	4930
13394	6112
8143	6801
16813	13275
4751	4065
13299	10710
17267	2206
7265	6110
10615	8693
1723	65
3886	3360
16134	2574
10618	8695
5110	4369
1128	1054
4231	3632
13213	6558
12963	10457
13224	10655
10189	5820
13789	11086
16179	12826
6182	5236
6871	449
17266	13629
16411	12978
16044	12734
8741	1043
12127	9823
4562	3900
15406	12235
15807	12551
1297	1206
3879	3356
1225	1136
15708	7959
9930	8165
6339	291
13605	10948
2625	2326
10104	8304
6368	5396
1569	1453
16460	9552
16764	7339
2268	2044
16724	3072
4264	3661
757	723
4847	4150
454	444
3901	3368
15806	12550
4383	3763
15350	12201
2313	2082
694	668
3806	3290
15815	12556
9343	7739
10268	8432
16829	13287
12700	10262
9038	7484
10735	8778
15763	5058
2680	2372
12239	9906
14075	11280
12530	10127
3095	2731
10017	7270
14112	11310
17262	2337
3013	2653
16562	704
15148	12033
12110	9817
16150	12804
16561	704
15146	12031
16231	12861
17202	13581
2183	1976
8591	7138
2611	2314
14285	11431
2885	2541
9362	6456
4352	3738
5569	4744
3108	2742
17242	13614
10099	8299
14670	11711
13792	11088
11056	9039
2062	1881
14967	11929
5588	4762
10737	8780
9931	8166
1406	1307
8218	6853
14055	11264
2333	2096
2198	1988
11624	9457
9354	7748
6659	5640
1566	1450
6517	5517
12965	10459
1203	1115
12555	10147
4706	4025
16586	13106
2179	1972
13332	10740
5757	4896
9994	8213
10697	8747
1138	13
4985	4270
1136	1061
6845	5777
4478	2669
14409	7696
6879	5804
16238	12868
2682	287
15098	12003
3959	2501
3450	3010
7055	5943
11901	9669
15984	972
14681	10350
8915	7390
7920	6631
3303	42
8099	3675
4919	998
10734	8777
12975	10466
10197	8374
7214	6068
60	60
16725	6634
16040	12730
12636	10209
191	183
12752	10299
14833	11834
14272	11423
14494	11399
15664	8921
203	195
14181	11357
7974	6680
11762	9559
5418	4618
4850	4153
6117	5181
2461	1784
11739	9540
13389	10789
17117	13513
2001	1827
5571	4746
704	678
1524	1411
8973	7431
8994	4697
15194	12072
14654	11699
4580	3914
4742	4056
10391	5633
13677	11004
3168	2797
8949	7411
4565	3903
9641	7942
16564	704
13683	11010
411	402
15835	12575
9189	7610
4948	4239
10658	5518
151	143
16097	12769
9053	7493
11484	9349
9033	7479
10227	8399
6314	5351
12989	10474
3253	2871
6366	5394
9132	7563
11497	9362
15713	12477
9128	53
5470	4662
13702	11022
8374	6981
10788	214
15418	12246
2967	2611
16241	2894
6131	5195
9504	5011
13878	11143
14924	11895
16090	12763
12983	10473
7774	3334
7700	6463
5431	4629
5028	3969
4386	3766
1098	1031
13530	5042
4750	4064
11405	9287
16072	12749
3500	3052
4292	3684
7618	6402
16405	9677
10749	8792
2110	1919
238	230
12673	10238
13406	10796
14662	11703
10728	3923
15920	12644
2972	2616
6369	5397
4242	3643
8688	7212
11096	9072
12309	9952
8147	3388
11439	9316
8926	7400
10760	8799
7514	6319
2695	1227
7023	5919
8056	6741
407	398
4127	3544
9936	391
568	555
12902	10408
3996	1950
3531	3077
140	136
3756	3244
16157	12810
4610	3942
11286	9206
16274	12896
5411	4612
15834	12574
618	371
1283	1193
4825	4131
13666	10997
1993	1819
7413	6234
10747	8790
11980	9727
16042	12732
15403	12232
6300	5337
17120	13515
5246	4484
7713	6476
3511	3059
10842	8866
3990	3441
13294	10706
6544	5543
16475	13022
13014	10492
11478	9343
12917	10421
3982	308
4244	3645
2641	2339
15231	12103
10840	8864
16376	12957
3914	3377
4912	4209
16153	12806
12664	10230
10568	8653
11427	9305
12143	9839
14033	11247
7796	6544
5056	4331
14680	2087
3993	3444
16772	10918
13366	10773
15863	537
13062	10524
14170	6558
4521	3868
1962	1239
11689	9506
5041	4320
1877	1715
2115	1924
8523	7085
15769	12521
8732	7247
13503	10864
12711	10269
15227	12099
16939	2563
8083	5809
4434	3806
8148	6805
9045	2909
8318	6933
7227	6080
2394	26
16713	6112
7722	6485
17035	13457
11992	9737
15808	3343
13679	11006
10080	8286
12427	10044
8681	812
13798	1159
13511	10869
1788	1632
5228	4468
4980	4265
13142	10582
8163	6817
16686	13177
15823	12563
194	186
4823	4129
3907	3372
5911	5023
12978	10469
5891	5005
14911	11886
6315	1686
11464	9335
15610	1097
16084	12759
626	606
11572	3138
8165	6819
15177	12058
3092	2728
9999	8218
7153	6019
10310	8460
15134	12023
7779	6532
15230	12102
12128	9824
5399	2277
12304	9948
3079	2716
12025	9759
5703	153
16039	12729
5741	4883
844	804
8552	7105
10384	1752
10298	7309
14415	11525
12318	9959
7223	6076
10217	8391
4651	3975
7719	6482
15970	2346
2091	1902
12661	10227
551	539
13214	10646
9193	7614
8918	7393
15454	12275
3231	2851
11979	9726
7919	6630
9340	7736
15717	12481
7921	6632
15756	12509
10841	8865
11294	9213
3002	2642
9005	410
1194	1106
15830	12570
12919	10423
16608	6634
1602	1482
12694	10257
1819	1661
9135	7566
423	414
16656	13157
13085	5259
10091	5120
15226	12098
12780	10319
16712	13197
6125	5189
2866	2526
8947	7410
10696	8746
11713	9521
12317	9958
10441	8559
11673	9493
12698	10260
4542	3883
11981	9728
11683	9502
15809	12552
16889	13339
4986	4271
5567	4742
14450	2087
1213	1125
4184	3592
1073	1008
5691	4840
9932	7018
2418	2165
5764	4903
9996	8215
5405	4609
1807	1650
2621	2322
5665	4815
11164	9111
13408	10798
8058	6743
9886	8132
13212	10645
7988	6687
12670	10235
5143	4398
9324	7724
11874	9651
462	452
10914	8915
550	538
9386	7772
331	322
122	121
204	196
10509	4314
12939	10441
12553	4887
1258	1168
10667	7626
13007	10486
1295	1204
17219	4308
1278	1188
17031	13454
14923	11894
8212	6849
7984	6684
3219	2841
11800	6067
2323	2086
15060	47
6030	5119
6229	5276
5959	5061
1257	1167
15860	12595
4815	4121
1584	1468
6959	5863
8059	6744
5925	5036
1787	1631
5238	4477
9852	371
16607	13119
5570	4745
4501	3855
12117	4124
3458	3017
6064	5145
1012	951
12613	1103
268	260
6118	5182
1756	1602
10654	3152
405	396
1448	1345
12395	10016
13478	1869
7675	6441
7680	6446
9810	8079
3011	2651
8316	6931
12331	9966
10103	8303
15215	12087
13508	10868
16778	13249
10272	1053
7203	6058
11203	9143
1472	1366
10203	8379
1210	1122
15591	12379
15411	12240
3857	3336
8353	6962
37	37
4806	4112
17074	13486
4748	4062
710	683
11189	968
7790	3334
813	775
12614	10193
3889	3362
109	108
10623	156
11055	1018
10307	8457
4110	3533
10312	8462
14695	11727
8584	7131
9957	8183
15180	12059
485	474
15845	12585
2203	1991
14144	11330
13803	11095
12116	9079
7037	5928
16660	13160
10075	8281
13228	2416
5406	4610
1190	1102
13152	10592
16248	12874
5239	599
15352	2909
12332	5915
6289	5326
2109	1918
16840	13296
11998	371
8715	7233
2273	308
6285	5322
8278	6903
6902	5819
4381	2508
8964	7424
1130	1055
7925	6635
1945	1775
11996	9741
17135	13529
16845	13300
213	205
3709	537
13363	10770
4924	4219
16254	12880
10585	8666
6105	5175
12320	9959
4984	4269
1483	1376
10286	8443
10523	4215
13680	11007
4281	3674
14044	1410
2469	2209
9738	8016
13705	4713
4370	937
4506	3859
65	65
4911	4208
12126	9822
11847	7426
15257	7590
7243	6093
16664	10634
17314	13664
4504	3857
13501	10862
16255	12880
13972	11211
8467	7050
7699	6462
3708	3205
16171	12821
12021	9756
4872	4173
15502	12315
6112	5178
14537	11611
10699	8749
11223	2220
1096	1030
15408	12237
2869	2528
4232	3633
12928	10431
3978	9
12918	10422
393	384
5828	4957
16654	13155
12874	10388
12924	1938
7588	6374
7008	5908
2565	2284
6066	5147
12118	4127
3992	3443
10729	8772
1299	1208
2084	1896
127	111
1969	1795
8572	7121
4508	3860
10562	8648
2610	2313
6570	5563
16601	13113
5012	4295
2652	2349
16535	13070
16458	13015
8174	6827
5255	4490
2497	2237
13517	10875
5033	4312
4828	4134
13341	10749
8861	7346
5042	4321
10081	8287
16598	13110
8561	7112
1188	1101
1758	1604
12134	9830
6181	5235
2272	2048
7483	6290
10194	8371
765	730
8631	7171
4518	3867
16720	13200
8060	6745
2075	1890
7768	6524
8176	6829
13509	10862
7922	648
16670	13165
10790	8820
1975	1801
14051	11261
10576	8660
7600	6385
10498	8598
11621	9454
2424	2168
5337	4551
11216	9153
5219	4460
16884	13334
15192	12071
10000	8219
11845	6623
13220	10652
9127	1420
2185	1978
10518	8613
15171	187
16687	13178
6882	5807
15419	12247
6218	5268
8911	7387
10133	8327
7481	6288
16774	13245
10688	8740
15203	12078
13703	328
4951	4241
9344	7740
16567	2461
11730	1874
9381	7767
10663	982
2473	2213
13659	10990
11316	9232
4822	4128
12133	9829
13146	10586
7388	3271
2190	1547
8881	7362
16459	45
5594	4768
2177	1970
5288	4515
15422	12250
4753	4067
8469	7051
6518	5518
6822	3
9934	8168
16353	12947
9635	7938
1474	1368
15373	12219
2453	2194
3455	3015
6800	5747
10089	8293
15455	12276
7412	6233
14682	11720
10624	8698
2404	2158
12391	10012
11064	9046
4563	3901
5902	1550
7358	6188
7932	6642
7053	5941
12297	9943
2105	534
6294	5331
3825	3307
11166	9112
2353	2112
7569	308
8988	7445
849	809
15216	12088
3451	3011
5656	4810
868	827
6124	5188
5913	5025
7604	6389
15596	12384
9110	7544
1027	966
16945	591
4302	3694
12193	9871
12931	10434
10253	8422
12733	1959
15056	11990
16158	12811
17286	13641
9060	7500
15820	12560
15225	12097
6540	5539
15182	12061
16980	13414
6950	5857
9945	8174
3823	3305
15488	12302
2306	2076
16019	737
390	381
5253	4488
12682	10246
1010	949
14100	11301
846	806
10732	8775
2994	2635
13101	5395
3097	2733
7471	6282
16545	13080
12238	9905
62	62
766	731
7146	6012
2383	2138
11481	9346
15022	11963
11782	9577
8996	7450
16352	12946
10731	8774
3305	2911
9388	7774
1301	1210
8954	7416
15784	137
3306	2912
414	405
4619	3949
14449	11547
13867	11133
2240	2022
1284	1194
13910	170
6787	5737
16848	13303
11025	5838
13155	10595
63	63
9326	7726
15351	12202
1809	1652
13013	10491
3676	306
11693	9507
15785	137
13061	10523
10657	8720
7309	6147
16143	12799
11052	9037
12867	10384
6373	5401
7094	5970
16493	13040
8506	1906
8690	400
4540	3881
566	553
8150	6807
12341	9973
12831	10356
5066	4341
11767	8166
9379	7765
1351	1257
15711	12475
14124	5915
