--------------------------------
top-50
0.06060606060606061
0.07058823529411765
0.12409288824383163
0.03764705882352941
0.12745098039215685
0.08552188552188553
0.09941944847605225
0.09506531204644413
0.06431372549019608
0.08701298701298701
0.23728813559322035
0.07474747474747474
0.033182503770739065
0.06693877551020408
0.15514592933947774
0.0392156862745098
0.09125188536953242
0.18653198653198652
0.059506531204644414
0.1592156862745098
0.18775510204081633
0.09577677224736049
0.06531204644412192
0.12816326530612246
0.05803921568627451
0.11717171717171718
0.15737704918032788
0.14276094276094276
0.042232277526395176
0.083710407239819
0.15184513006654568
0.04816326530612245
0.14530612244897959
0.06453634085213032
0.1683599419448476
0.10633484162895927
0.08874912648497554
0.09502262443438914
0.08888888888888889
0.09200603318250378
0.09176470588235294
0.09335839598997493
0.04751131221719457
0.1331168831168831
0.04862119013062409
0.16710735060814383
0.08392156862745098
0.09647058823529411
0.03764705882352941
0.13795918367346938
0.09728506787330317
0.1393939393939394
0.22746521476104054
0.09285714285714286
0.14035087719298245
0.054426705370101594
0.18047138047138048
0.07329462989840348
0.09568627450980392
0.08200290275761973
0.07239819004524888
0.11756168359941944
0.15970386039132733
0.13676212741087085
0.07982583454281568
0.11948051948051948
0.09941944847605225
0.07692307692307693
0.13676212741087085
0.07619738751814223
0.08446455505279035
0.03294117647058824
0.1912568306010929
0.06561085972850679
0.16152450090744103
0.10935143288084465
0.09433962264150944
0.09993011879804332
0.12159329140461216
0.07111756168359942
0.13602693602693602
0.09728506787330317
0.02588235294117647
0.08653061224489796
0.18045112781954886
0.07764705882352942
0.0632996632996633
0.13032581453634084
0.11683599419448476
0.07184325108853411
0.07456140350877193
0.040638606676342524
0.08708272859216255
0.16753246753246753
0.19471153846153846
0.09333333333333334
0.08081632653061224
0.1334730957372467
0.1512401693889897
0.18980392156862744
--------------------------------
top-10
0.3333333333333333
0.21212121212121213
0.06666666666666667
0.06666666666666667
0.13333333333333333
0.06666666666666667
0.15151515151515152
0.12727272727272726
0.30303030303030304
0.10909090909090909
0.3484848484848485
0.09090909090909091
0.08888888888888889
0.2
0.28888888888888886
0.03636363636363636
0.022222222222222223
0.21978021978021978
0.16363636363636364
0.4175824175824176
0.07575757575757576
0.13636363636363635
0.36363636363636365
0.05454545454545454
0.16666666666666666
0.022222222222222223
0.41818181818181815
0.1111111111111111
0.15151515151515152
0.2692307692307692
0.03636363636363636
0.06666666666666667
0.48333333333333334
0.16363636363636364
0.20512820512820512
0.21212121212121213
0.2545454545454545
0.25757575757575757
0.2545454545454545
0.5111111111111111
0.15384615384615385
0.01818181818181818
0.16363636363636364
0.06666666666666667
0.10606060606060606
0.044444444444444446
0.05454545454545454
0.14545454545454545
0.4
0.06666666666666667
0.022222222222222223
0.2948717948717949
0.07272727272727272
0.044444444444444446
0.42424242424242425
0.26666666666666666
0.3047619047619048
0.0
0.16666666666666666
0.09090909090909091
0.12727272727272726
0.14545454545454545
0.06666666666666667
0.044444444444444446
0.24242424242424243
0.32051282051282054
0.09090909090909091
0.2222222222222222
0.12121212121212122
0.08888888888888889
0.09090909090909091
0.14545454545454545
0.24444444444444444
0.05454545454545454
0.17777777777777778
0.022222222222222223
0.14545454545454545
0.16363636363636364
0.14545454545454545
0.09090909090909091
0.41025641025641024
0.10606060606060606
0.06666666666666667
0.4393939393939394
0.15555555555555556
0.07575757575757576
0.05454545454545454
0.2
0.21212121212121213
0.35555555555555557
0.10909090909090909
0.022222222222222223
0.2
0.18181818181818182
0.05454545454545454
0.27472527472527475
0.022222222222222223
0.1282051282051282
0.15555555555555556
0.24358974358974358
--------------------------------
top-5
0.6190476190476191
0.2
0.13333333333333333
0.06666666666666667
0.3333333333333333
0.0
0.1
0.1
0.19047619047619047
0.0
0.47619047619047616
0.26666666666666666
0.06666666666666667
0.0
0.47619047619047616
0.1
0.1
0.2
0.4666666666666667
0.35714285714285715
0.1
0.13333333333333333
0.5238095238095238
0.1
0.06666666666666667
0.0
0.39285714285714285
0.3
0.3333333333333333
0.19047619047619047
0.0
0.1
0.4444444444444444
0.13333333333333333
0.2
0.06666666666666667
0.3333333333333333
0.6
0.8
0.5714285714285714
0.13333333333333333
0.0
0.2
0.2
0.0
0.1
0.2
0.26666666666666666
0.39285714285714285
0.0
0.1
0.42857142857142855
0.0
0.0
0.42857142857142855
0.23809523809523808
0.26666666666666666
0.0
0.13333333333333333
0.06666666666666667
0.06666666666666667
0.5
0.1
0.2
0.4666666666666667
0.23809523809523808
0.0
0.42857142857142855
0.0
0.1
0.3
0.4
0.4
0.0
0.4
0.1
0.06666666666666667
0.2
0.2
0.1
0.38095238095238093
0.2
0.13333333333333333
0.5357142857142857
0.3333333333333333
0.1
0.0
0.5333333333333333
0.06666666666666667
0.32142857142857145
0.0
0.1
0.1
0.26666666666666666
0.06666666666666667
0.3
0.0
0.0
0.2
0.2

Average50: 0.10509452335902314	Count: 100
Average10: 0.16786430236430236	Count: 100
Average5: 0.209015873015873	Count: 100
