--------------------------------
top-50
0.04122990915443746
0.24937343358395989
0.06599326599326599
0.08
0.14458560193587416
0.07676767676767676
0.09764309764309764
0.08069381598793364
0.07993966817496229
0.10431372549019607
0.26010928961748636
0.07619738751814223
0.0734006734006734
0.10087082728592163
0.05519480519480519
0.06748911465892599
0.12351190476190477
0.15529753265602322
0.06688311688311688
0.07315233785822021
0.15529411764705883
0.09502262443438914
0.06095791001451379
0.13556953179594688
0.09288824383164006
0.027576197387518143
0.10929281122150789
0.2194269741439553
0.07910014513788098
0.07058001397624039
0.02262443438914027
0.1607843137254902
0.12163265306122449
0.13914095583787053
0.19811320754716982
0.10987726475745178
0.08441558441558442
0.12862745098039216
0.13872053872053872
0.12656641604010024
0.06233766233766234
0.04524886877828054
0.1615819209039548
0.1191919191919192
0.09725490196078432
0.08490566037735849
0.14348370927318296
0.14006734006734006
0.06821480406386067
0.07003367003367003
0.03607843137254902
0.30707070707070705
0.03004891684136967
0.35320910973084885
0.1013277428371768
0.08784313725490196
0.18383838383838383
0.0660377358490566
0.07164404223227752
0.08974358974358974
0.09490196078431372
0.23058823529411765
0.06711915535444947
0.2700135685210312
0.0792156862745098
0.09643605870020965
0.14545454545454545
0.09176470588235294
0.045718432510885344
0.11978221415607986
0.15324675324675324
0.0392156862745098
0.05224963715529753
0.08295625942684766
0.10223835450695705
0.06778476589797344
0.1740041928721174
0.18316498316498317
0.11178451178451178
0.21298701298701297
0.36666666666666664
0.1244343891402715
0.07692307692307693
0.09783368273934312
0.125544267053701
0.14724310776942356
0.04716981132075472
0.08549019607843138
0.13411764705882354
0.05587808417997097
0.06079664570230608
0.03607843137254902
0.1269956458635704
0.21818181818181817
0.1357142857142857
0.07826694619147449
0.08888888888888889
0.05878084179970972
0.07767722473604827
0.19924812030075187
--------------------------------
top-10
0.022222222222222223
0.2727272727272727
0.15555555555555556
0.10909090909090909
0.07272727272727272
0.2727272727272727
0.3111111111111111
0.3181818181818182
0.18181818181818182
0.3076923076923077
0.46153846153846156
0.01818181818181818
0.022222222222222223
0.38461538461538464
0.06666666666666667
0.13333333333333333
0.07272727272727272
0.38461538461538464
0.23636363636363636
0.358974358974359
0.18181818181818182
0.2571428571428571
0.3626373626373626
0.10606060606060606
0.34615384615384615
0.08888888888888889
0.16666666666666666
0.2857142857142857
0.09090909090909091
0.2222222222222222
0.0
0.1111111111111111
0.1794871794871795
0.45454545454545453
0.4
0.05454545454545454
0.24242424242424243
0.21794871794871795
0.22727272727272727
0.38181818181818183
0.24444444444444444
0.06666666666666667
0.26666666666666666
0.022222222222222223
0.27472527472527475
0.08888888888888889
0.2909090909090909
0.24242424242424243
0.18181818181818182
0.07575757575757576
0.0
0.34285714285714286
0.08888888888888889
0.29523809523809524
0.19696969696969696
0.46153846153846156
0.5384615384615384
0.0
0.2
0.21794871794871795
0.13636363636363635
0.25757575757575757
0.07272727272727272
0.23636363636363636
0.3333333333333333
0.15555555555555556
0.3076923076923077
0.0
0.2
0.21794871794871795
0.5769230769230769
0.1111111111111111
0.09090909090909091
0.13636363636363635
0.10909090909090909
0.2222222222222222
0.3090909090909091
0.2564102564102564
0.16363636363636364
0.13636363636363635
0.6470588235294118
0.15151515151515152
0.37777777777777777
0.13333333333333333
0.06666666666666667
0.022222222222222223
0.12727272727272726
0.15555555555555556
0.28205128205128205
0.09090909090909091
0.05454545454545454
0.044444444444444446
0.358974358974359
0.3181818181818182
0.10606060606060606
0.32727272727272727
0.022222222222222223
0.07272727272727272
0.14545454545454545
0.55
--------------------------------
top-5
0.1
0.2
0.3333333333333333
0.2
0.06666666666666667
0.23809523809523808
0.2857142857142857
0.3333333333333333
0.2
0.3333333333333333
0.5833333333333334
0.0
0.0
0.4642857142857143
0.2
0.2
0.06666666666666667
0.4642857142857143
0.23809523809523808
0.5238095238095238
0.13333333333333333
0.13333333333333333
0.39285714285714285
0.0
0.42857142857142855
0.13333333333333333
0.06666666666666667
0.13333333333333333
0.06666666666666667
0.3333333333333333
0.0
0.2
0.13333333333333333
0.4722222222222222
0.3333333333333333
0.0
0.4666666666666667
0.26666666666666666
0.26666666666666666
0.5
0.06666666666666667
0.13333333333333333
0.26666666666666666
0.1
0.06666666666666667
0.2
0.4666666666666667
0.23809523809523808
0.3
0.0
0.0
0.47619047619047616
0.13333333333333333
0.3333333333333333
0.13333333333333333
0.5555555555555556
0.6666666666666666
0.0
0.26666666666666666
0.2
0.2
0.6666666666666666
0.2
0.4666666666666667
0.5238095238095238
0.3333333333333333
0.38095238095238093
0.0
0.3333333333333333
0.2
0.6071428571428571
0.1
0.13333333333333333
0.1
0.1
0.5333333333333333
0.3333333333333333
0.26666666666666666
0.13333333333333333
0.2
0.5555555555555556
0.06666666666666667
0.6666666666666666
0.1
0.2
0.13333333333333333
0.2
0.4
0.47619047619047616
0.1
0.13333333333333333
0.0
0.38095238095238093
0.2857142857142857
0.0
0.42857142857142855
0.0
0.1
0.1
0.5555555555555556

Average50: 0.11430577325322437	Count: 100
Average10: 0.20720812847283432	Count: 100
Average5: 0.24788888888888888	Count: 100
