--------------------------------
top-50
0.1551948051948052
0.10708898944193061
0.16189362945645822
0.06612244897959184
0.11623376623376623
0.17853107344632768
0.143256464011181
0.13352685050798258
0.05176470588235294
0.07706766917293233
0.24663939216832262
0.09610389610389611
0.08831168831168831
0.07239819004524888
0.12077922077922078
0.11554748941318814
0.10552061495457722
0.14223512336719885
0.09059029807130334
0.14804063860667635
0.10196078431372549
0.11529411764705882
0.07407407407407407
0.11137254901960784
0.07372549019607844
0.13383985973115137
0.17299824663939217
0.16353383458646617
0.11073446327683616
0.09351432880844646
0.30890999547715964
0.10407239819004525
0.10285714285714286
0.08708357685563997
0.19521044992743106
0.2790346907993967
0.1551912568306011
0.11740041928721175
0.10588972431077694
0.08672699849170437
0.0746606334841629
0.17777777777777778
0.07547169811320754
0.15789473684210525
0.06359189378057302
0.17923497267759564
0.15007541478129713
0.1027450980392157
0.0955837870538415
0.14352941176470588
0.08525506638714186
0.17706821480406387
0.30181086519114686
0.12280701754385964
0.06823529411764706
0.06748911465892599
0.17662337662337663
0.11623376623376623
0.12409288824383163
0.12857142857142856
0.10823529411764705
0.13976240391334732
0.10588972431077694
0.15932203389830507
0.11393323657474601
0.2088841882601798
0.1081277213352685
0.17104377104377105
0.19673659673659674
0.14005805515239478
0.08563134978229318
0.0363382250174703
0.09803921568627451
0.09643605870020965
0.22318840579710145
0.2780337941628264
0.10522496371552975
0.12406015037593984
0.10935143288084465
0.09696969696969697
0.14612794612794613
0.10256410256410256
0.06015037593984962
0.11380471380471381
0.17483363581367212
0.09376890502117362
0.06568832983927324
0.14458560193587416
0.10784313725490197
0.13876088069636458
0.08051948051948052
0.08521303258145363
0.11683599419448476
0.18170426065162906
0.1285034373347435
0.07013574660633484
0.06196078431372549
0.07966457023060797
0.12019566736547868
0.10558069381598793
--------------------------------
top-10
0.022222222222222223
0.24358974358974358
0.14545454545454545
0.044444444444444446
0.044444444444444446
0.2
0.3076923076923077
0.18181818181818182
0.2
0.13636363636363635
0.3484848484848485
0.07272727272727272
0.12727272727272726
0.23636363636363636
0.08888888888888889
0.07575757575757576
0.03636363636363636
0.2727272727272727
0.12727272727272726
0.15151515151515152
0.24444444444444444
0.45054945054945056
0.4230769230769231
0.07575757575757576
0.2727272727272727
0.0
0.41818181818181815
0.09090909090909091
0.5333333333333333
0.18181818181818182
0.022222222222222223
0.2
0.4083333333333333
0.2
0.16666666666666666
0.2857142857142857
0.14545454545454545
0.12727272727272726
0.13636363636363635
0.2909090909090909
0.3333333333333333
0.06666666666666667
0.07272727272727272
0.06666666666666667
0.21794871794871795
0.13333333333333333
0.0
0.12727272727272726
0.08888888888888889
0.044444444444444446
0.01818181818181818
0.2857142857142857
0.09090909090909091
0.2222222222222222
0.2727272727272727
0.13333333333333333
0.17777777777777778
0.03636363636363636
0.3090909090909091
0.16666666666666666
0.13636363636363635
0.24444444444444444
0.044444444444444446
0.06666666666666667
0.30303030303030304
0.14545454545454545
0.10606060606060606
0.13333333333333333
0.16666666666666666
0.2
0.2
0.09090909090909091
0.3717948717948718
0.09090909090909091
0.06666666666666667
0.06666666666666667
0.08888888888888889
0.16363636363636364
0.2564102564102564
0.15555555555555556
0.2727272727272727
0.21212121212121213
0.16666666666666666
0.09090909090909091
0.08888888888888889
0.0
0.10909090909090909
0.06666666666666667
0.22727272727272727
0.2222222222222222
0.07272727272727272
0.08888888888888889
0.14545454545454545
0.28205128205128205
0.05454545454545454
0.21818181818181817
0.18181818181818182
0.03636363636363636
0.10909090909090909
0.2564102564102564
--------------------------------
top-5
0.1
0.2
0.26666666666666666
0.06666666666666667
0.0
0.26666666666666666
0.2857142857142857
0.26666666666666666
0.2
0.06666666666666667
0.23809523809523808
0.2
0.06666666666666667
0.1
0.2
0.1
0.0
0.3333333333333333
0.26666666666666666
0.2857142857142857
0.19047619047619047
0.3333333333333333
0.42857142857142855
0.0
0.26666666666666666
0.0
0.42857142857142855
0.0
0.42857142857142855
0.13333333333333333
0.1
0.26666666666666666
0.38095238095238093
0.13333333333333333
0.4
0.06666666666666667
0.0
0.4
0.3
0.2
0.2857142857142857
0.13333333333333333
0.1
0.2
0.2
0.3333333333333333
0.0
0.3
0.2
0.0
0.0
0.3333333333333333
0.13333333333333333
0.2
0.3333333333333333
0.26666666666666666
0.19047619047619047
0.06666666666666667
0.23809523809523808
0.06666666666666667
0.13333333333333333
0.6
0.2
0.2
0.2857142857142857
0.26666666666666666
0.0
0.2857142857142857
0.06666666666666667
0.13333333333333333
0.2
0.06666666666666667
0.42857142857142855
0.2
0.1
0.2
0.13333333333333333
0.2
0.23809523809523808
0.2
0.19047619047619047
0.26666666666666666
0.2
0.13333333333333333
0.2
0.0
0.13333333333333333
0.2
0.3333333333333333
0.2857142857142857
0.13333333333333333
0.2
0.2
0.2857142857142857
0.0
0.3333333333333333
0.06666666666666667
0.0
0.06666666666666667
0.19047619047619047

Average50: 0.12582731427201288	Count: 100
Average10: 0.16601406926406917	Count: 100
Average5: 0.19104761904761886	Count: 100
