--------------------------------
top-50
0.0496156533892383
0.2756892230576441
0.07946127946127945
0.08
0.17906836055656383
0.09023569023569024
0.1111111111111111
0.08220211161387632
0.08144796380090498
0.10431372549019607
0.32021857923497266
0.08055152394775036
0.08686868686868687
0.10595065312046444
0.07467532467532467
0.07184325108853411
0.19543650793650794
0.15965166908563136
0.08636363636363636
0.0746606334841629
0.15529411764705883
0.09653092006033183
0.06531204644412192
0.14395527603074773
0.09724238026124818
0.03193033381712627
0.15137346580946814
0.2278127183787561
0.08345428156748912
0.07896575821104122
0.024132730015082957
0.1607843137254902
0.12163265306122449
0.17301875378100423
0.20246734397677793
0.14962010520163646
0.10324675324675325
0.12862745098039216
0.15218855218855218
0.15288220551378445
0.08116883116883117
0.04675716440422323
0.21242937853107344
0.13265993265993267
0.09725490196078432
0.08925979680696662
0.16979949874686717
0.15353535353535352
0.07256894049346879
0.08350168350168351
0.03607843137254902
0.3205387205387205
0.03773584905660377
0.5105590062111801
0.10971348707197764
0.08784313725490196
0.19730639730639732
0.07039187227866474
0.07315233785822021
0.09125188536953242
0.09490196078431372
0.23058823529411765
0.06862745098039216
0.39303482587064675
0.0792156862745098
0.10482180293501048
0.1589225589225589
0.09176470588235294
0.050072568940493466
0.15366001209921354
0.17272727272727273
0.04072398190045249
0.05660377358490566
0.08446455505279035
0.13611615245009073
0.07617051013277429
0.18238993710691823
0.19663299663299663
0.12525252525252525
0.2331168831168831
0.4175141242937853
0.12594268476621417
0.08127721335268505
0.10621942697414395
0.12989840348330914
0.17355889724310777
0.05152394775036284
0.08549019607843138
0.13411764705882354
0.0602322206095791
0.06918238993710692
0.03607843137254902
0.1313497822931785
0.23164983164983166
0.1551948051948052
0.08665269042627533
0.10235690235690235
0.062409288824383166
0.07918552036199095
0.22180451127819548
--------------------------------
top-10
0.022222222222222223
0.30303030303030304
0.15555555555555556
0.10909090909090909
0.07272727272727272
0.30303030303030304
0.3111111111111111
0.3484848484848485
0.21212121212121213
0.43956043956043955
0.5384615384615384
0.01818181818181818
0.022222222222222223
0.44871794871794873
0.06666666666666667
0.13333333333333333
0.07272727272727272
0.5164835164835165
0.23636363636363636
0.4358974358974359
0.18181818181818182
0.44761904761904764
0.4945054945054945
0.13636363636363635
0.4230769230769231
0.08888888888888889
0.24358974358974358
0.47619047619047616
0.09090909090909091
0.2222222222222222
0.0
0.1111111111111111
0.2564102564102564
0.48484848484848486
0.4
0.05454545454545454
0.2727272727272727
0.2948717948717949
0.24242424242424243
0.38181818181818183
0.24444444444444444
0.06666666666666667
0.26666666666666666
0.022222222222222223
0.4065934065934066
0.08888888888888889
0.2909090909090909
0.2727272727272727
0.21212121212121213
0.09090909090909091
0.0
0.5333333333333333
0.08888888888888889
0.4857142857142857
0.22727272727272727
0.5384615384615384
0.6703296703296703
0.0
0.2
0.2948717948717949
0.16666666666666666
0.2878787878787879
0.07272727272727272
0.23636363636363636
0.41025641025641024
0.15555555555555556
0.43956043956043955
0.0
0.2
0.2948717948717949
0.6538461538461539
0.1111111111111111
0.09090909090909091
0.16666666666666666
0.10909090909090909
0.2222222222222222
0.3090909090909091
0.3333333333333333
0.16363636363636364
0.16666666666666666
0.9558823529411765
0.18181818181818182
0.37777777777777777
0.13333333333333333
0.06666666666666667
0.044444444444444446
0.12727272727272726
0.15555555555555556
0.358974358974359
0.09090909090909091
0.05454545454545454
0.044444444444444446
0.4358974358974359
0.3484848484848485
0.13636363636363635
0.32727272727272727
0.022222222222222223
0.07272727272727272
0.14545454545454545
0.8
--------------------------------
top-5
0.1
0.2
0.3333333333333333
0.2
0.06666666666666667
0.3333333333333333
0.38095238095238093
0.3333333333333333
0.2
0.42857142857142855
0.9166666666666666
0.0
0.0
0.6428571428571429
0.2
0.2
0.06666666666666667
0.6785714285714286
0.3333333333333333
0.6190476190476191
0.13333333333333333
0.13333333333333333
0.6071428571428571
0.0
0.6428571428571429
0.13333333333333333
0.06666666666666667
0.13333333333333333
0.06666666666666667
0.3333333333333333
0.0
0.2
0.13333333333333333
0.8055555555555556
0.42857142857142855
0.0
0.4666666666666667
0.26666666666666666
0.26666666666666666
0.7142857142857143
0.06666666666666667
0.13333333333333333
0.26666666666666666
0.1
0.06666666666666667
0.2
0.4666666666666667
0.3333333333333333
0.3
0.0
0.0
0.5714285714285714
0.13333333333333333
0.3333333333333333
0.13333333333333333
0.8333333333333334
1.0
0.0
0.26666666666666666
0.2
0.2
0.6666666666666666
0.2
0.4666666666666667
0.6190476190476191
0.3333333333333333
0.47619047619047616
0.0
0.3333333333333333
0.2
0.8214285714285714
0.1
0.13333333333333333
0.1
0.1
0.5333333333333333
0.42857142857142855
0.26666666666666666
0.13333333333333333
0.2
1.0
0.06666666666666667
0.6666666666666666
0.1
0.2
0.13333333333333333
0.2
0.4
0.5714285714285714
0.1
0.13333333333333333
0.0
0.47619047619047616
0.38095238095238093
0.0
0.5238095238095238
0.0
0.1
0.1
0.9555555555555556

Average50: 0.12834791661815076	Count: 100
Average10: 0.2454145233851116	Count: 100
Average5: 0.2958968253968254	Count: 100
