--------------------------------
top-50
0.1736237144585602
0.18170426065162906
0.07138047138047138
0.10159651669085631
0.16014026884862653
0.061683599419448475
0.11340852130325814
0.08081632653061224
0.12895927601809956
0.07428571428571429
0.3396103896103896
0.09427609427609428
0.08735150244584207
0.08708272859216255
0.18114478114478114
0.19777895293495504
0.0707070707070707
0.16558441558441558
0.05203619909502263
0.0746606334841629
0.12481857764876633
0.15965166908563136
0.06734006734006734
0.19935064935064936
0.07529411764705882
0.07982583454281568
0.24808743169398906
0.1771043771043771
0.10526315789473684
0.08563134978229318
0.03215686274509804
0.09502262443438914
0.11843137254901961
0.12825166364186327
0.2769423558897243
0.07857142857142857
0.047895500725689405
0.15082956259426847
0.15024458420684836
0.07337662337662337
0.08220211161387632
0.041364296081277216
0.1536723163841808
0.20225988700564973
0.08446455505279035
0.23796932839767318
0.19453551912568307
0.11600279524807827
0.07393483709273183
0.05185185185185185
0.034107402031930335
0.22501747030048916
0.04579124579124579
0.3919298245614035
0.12522686025408347
0.04470588235294118
0.18571428571428572
0.06561085972850679
0.09361393323657474
0.10482180293501048
0.12156862745098039
0.15912518853695323
0.12857977790765635
0.3016734509271823
0.05333333333333334
0.1191772534785239
0.17540181691125087
0.08235294117647059
0.08780841799709724
0.16999395039322443
0.1418588399720475
0.04934687953555878
0.13500876680303917
0.1223529411764706
0.18269812462189958
0.10213032581453634
0.16094276094276094
0.13642960812772134
0.11515151515151516
0.22431077694235588
0.2797814207650273
0.11529411764705882
0.07993966817496229
0.11493506493506493
0.20095187731359068
0.16394434361766486
0.050072568940493466
0.12280701754385964
0.07607843137254902
0.09210526315789473
0.06848357791754019
0.0693815987933635
0.1567489114658926
0.1726998491704374
0.1111111111111111
0.07542087542087542
0.12969924812030076
0.03619909502262444
0.09803921568627451
0.11764705882352941
--------------------------------
top-10
0.03636363636363636
0.3333333333333333
0.08888888888888889
0.05454545454545454
0.09090909090909091
0.14545454545454545
0.12727272727272726
0.23636363636363636
0.09090909090909091
0.2
0.35833333333333334
0.01818181818181818
0.022222222222222223
0.2727272727272727
0.13333333333333333
0.2909090909090909
0.08888888888888889
0.21212121212121213
0.2727272727272727
0.14545454545454545
0.14545454545454545
0.38095238095238093
0.30303030303030304
0.05454545454545454
0.2727272727272727
0.06666666666666667
0.23076923076923078
0.20512820512820512
0.15384615384615385
0.06666666666666667
0.022222222222222223
0.1111111111111111
0.22727272727272727
0.36363636363636365
0.45454545454545453
0.16666666666666666
0.16666666666666666
0.19696969696969696
0.1794871794871795
0.12727272727272726
0.4666666666666667
0.044444444444444446
0.3333333333333333
0.1794871794871795
0.2564102564102564
0.10909090909090909
0.3111111111111111
0.3333333333333333
0.14545454545454545
0.022222222222222223
0.0
0.2727272727272727
0.12727272727272726
0.3047619047619048
0.21212121212121213
0.2
0.47435897435897434
0.0
0.23636363636363636
0.12121212121212122
0.14545454545454545
0.14102564102564102
0.16363636363636364
0.2727272727272727
0.12727272727272726
0.022222222222222223
0.30303030303030304
0.0
0.03636363636363636
0.26373626373626374
0.2564102564102564
0.10606060606060606
0.2948717948717949
0.06060606060606061
0.32727272727272727
0.06666666666666667
0.3090909090909091
0.22727272727272727
0.09090909090909091
0.044444444444444446
0.30303030303030304
0.07272727272727272
0.1111111111111111
0.08888888888888889
0.08888888888888889
0.08888888888888889
0.022222222222222223
0.1111111111111111
0.05454545454545454
0.05454545454545454
0.13333333333333333
0.044444444444444446
0.3484848484848485
0.2
0.12121212121212122
0.10909090909090909
0.0
0.06666666666666667
0.14545454545454545
0.10606060606060606
--------------------------------
top-5
0.0
0.38095238095238093
0.13333333333333333
0.0
0.06666666666666667
0.06666666666666667
0.06666666666666667
0.2
0.0
0.3333333333333333
0.38095238095238093
0.0
0.0
0.2857142857142857
0.2
0.38095238095238093
0.06666666666666667
0.13333333333333333
0.3333333333333333
0.0
0.13333333333333333
0.38095238095238093
0.23809523809523808
0.1
0.2857142857142857
0.06666666666666667
0.26666666666666666
0.1
0.0
0.0
0.0
0.2
0.38095238095238093
0.35714285714285715
0.4642857142857143
0.0
0.2
0.1
0.2
0.06666666666666667
0.5714285714285714
0.13333333333333333
0.4
0.3
0.06666666666666667
0.26666666666666666
0.4666666666666667
0.19047619047619047
0.2
0.0
0.0
0.3333333333333333
0.13333333333333333
0.4
0.13333333333333333
0.19047619047619047
0.5833333333333334
0.0
0.13333333333333333
0.06666666666666667
0.2
0.0
0.26666666666666666
0.5333333333333333
0.4
0.0
0.3333333333333333
0.0
0.1
0.13333333333333333
0.23809523809523808
0.0
0.23809523809523808
0.0
0.26666666666666666
0.2
0.23809523809523808
0.26666666666666666
0.13333333333333333
0.1
0.38095238095238093
0.0
0.06666666666666667
0.1
0.2
0.26666666666666666
0.1
0.26666666666666666
0.06666666666666667
0.1
0.1
0.0
0.5333333333333333
0.2
0.0
0.1
0.0
0.13333333333333333
0.0
0.2

Average50: 0.12627303925248465	Count: 100
Average10: 0.16794730269730265	Count: 100
Average5: 0.176	Count: 100
