--------------------------------
top-50
0.055218855218855216
0.24561403508771928
0.06009783368273934
0.05152394775036284
0.14942528735632185
0.20714608774310267
0.023529411764705882
0.04816326530612245
0.03836734693877551
0.0392156862745098
0.2
0.10033670033670034
0.0880503144654088
0.06823529411764706
0.07910014513788098
0.09503843466107617
0.03092006033182504
0.08941176470588236
0.06918238993710692
0.04653061224489796
0.03167420814479638
0.05714285714285714
0.05079825834542816
0.18383838383838383
0.04392156862745098
0.2939958592132505
0.13430127041742287
0.09579100145137881
0.1554646405610754
0.07673469387755102
0.041364296081277216
0.05803921568627451
0.0563265306122449
0.11168831168831168
0.05877551020408163
0.06748911465892599
0.06918238993710692
0.08784313725490196
0.07922077922077922
0.1396103896103896
0.03996983408748114
0.05052790346907994
0.2025383395029085
0.09143686502177069
0.042986425339366516
0.09724238026124818
0.1448051948051948
0.06901960784313725
0.0707070707070707
0.05803921568627451
0.03294117647058824
0.20363408521303258
0.04072398190045249
0.3618925831202046
0.1536723163841808
0.04470588235294118
0.11611030478955008
0.06966618287373004
0.02980392156862745
0.05224963715529753
0.053061224489795916
0.06485671191553545
0.10159651669085631
0.28665496049165934
0.05725490196078432
0.08455625436757512
0.07692307692307693
0.14025974025974025
0.10194805194805195
0.12643678160919541
0.026395173453996983
0.04
0.09276018099547512
0.07993966817496229
0.1516690856313498
0.06745098039215686
0.1297134238310709
0.0746606334841629
0.04392156862745098
0.2314436002337814
0.25626566416040103
0.07102040816326531
0.0593990216631726
0.0957372466806429
0.11393323657474601
0.14761040532365396
0.044444444444444446
0.15824915824915825
0.0792156862745098
0.10213032581453634
0.08525506638714186
0.08315863032844165
0.059506531204644414
0.13951734539969834
0.05079825834542816
0.10437710437710437
0.1187980433263452
0.08176100628930817
0.050980392156862744
0.060408163265306125
--------------------------------
top-10
0.05454545454545454
0.20512820512820512
0.17777777777777778
0.022222222222222223
0.03636363636363636
0.08888888888888889
0.06666666666666667
0.16666666666666666
0.10909090909090909
0.1111111111111111
0.24175824175824176
0.16363636363636364
0.10909090909090909
0.3333333333333333
0.18181818181818182
0.14545454545454545
0.0
0.16363636363636364
0.23636363636363636
0.12727272727272726
0.0
0.19230769230769232
0.26666666666666666
0.07575757575757576
0.23636363636363636
0.03636363636363636
0.17777777777777778
0.09090909090909091
0.12121212121212122
0.21212121212121213
0.01818181818181818
0.044444444444444446
0.17777777777777778
0.36363636363636365
0.38181818181818183
0.09090909090909091
0.4
0.05454545454545454
0.10909090909090909
0.022222222222222223
0.06666666666666667
0.41818181818181815
0.21818181818181817
0.022222222222222223
0.08888888888888889
0.18181818181818182
0.2
0.0
0.09090909090909091
0.08888888888888889
0.044444444444444446
0.18181818181818182
0.14545454545454545
0.3047619047619048
0.16666666666666666
0.03636363636363636
0.26373626373626374
0.10909090909090909
0.10909090909090909
0.07272727272727272
0.044444444444444446
0.09090909090909091
0.06666666666666667
0.18181818181818182
0.044444444444444446
0.24444444444444444
0.09090909090909091
0.13636363636363635
0.05454545454545454
0.19696969696969696
0.05454545454545454
0.16666666666666666
0.24358974358974358
0.03636363636363636
0.022222222222222223
0.06666666666666667
0.2222222222222222
0.022222222222222223
0.022222222222222223
0.12121212121212122
0.5666666666666667
0.19696969696969696
0.07272727272727272
0.24444444444444444
0.08888888888888889
0.0
0.044444444444444446
0.12727272727272726
0.16666666666666666
0.0
0.19230769230769232
0.044444444444444446
0.16666666666666666
0.09090909090909091
0.09090909090909091
0.2087912087912088
0.13333333333333333
0.13333333333333333
0.2222222222222222
0.14545454545454545
--------------------------------
top-5
0.1
0.1
0.4
0.0
0.1
0.2
0.06666666666666667
0.13333333333333333
0.06666666666666667
0.0
0.06666666666666667
0.7
0.2
0.38095238095238093
0.3333333333333333
0.4
0.0
0.06666666666666667
0.4
0.0
0.0
0.13333333333333333
0.47619047619047616
0.1
0.3333333333333333
0.0
0.26666666666666666
0.2
0.13333333333333333
0.06666666666666667
0.0
0.0
0.5
0.39285714285714285
0.47619047619047616
0.2
0.6190476190476191
0.06666666666666667
0.4
0.1
0.13333333333333333
0.47619047619047616
0.3
0.1
0.13333333333333333
0.6
0.26666666666666666
0.0
0.2
0.0
0.1
0.3333333333333333
0.5
0.3333333333333333
0.06666666666666667
0.0
0.2
0.1
0.1
0.06666666666666667
0.0
0.3
0.0
0.26666666666666666
0.0
0.42857142857142855
0.0
0.26666666666666666
0.0
0.13333333333333333
0.06666666666666667
0.1
0.2
0.0
0.1
0.3
0.2
0.1
0.1
0.4
0.5555555555555556
0.26666666666666666
0.0
0.4
0.3
0.06666666666666667
0.0
0.26666666666666666
0.1
0.0
0.06666666666666667
0.13333333333333333
0.1
0.1
0.2
0.2
0.26666666666666666
0.19047619047619047
0.4
0.13333333333333333

Average50: 0.09645051472097155	Count: 100
Average10: 0.1368874458874458	Count: 100
Average5: 0.1889603174603174	Count: 100
