--------------------------------
top-50
0.16428571428571428
0.2800751879699248
0.07676767676767676
0.06259426847662142
0.17418546365914786
0.22144522144522144
0.09728506787330317
0.04897959183673469
0.11510204081632654
0.0326530612244898
0.3268112109994712
0.09783368273934312
0.1012987012987013
0.04244897959183674
0.19990079365079366
0.15245009074410162
0.06599326599326599
0.18505079825834542
0.07946127946127945
0.0946938775510204
0.08780841799709724
0.17387755102040817
0.07616892911010557
0.22431372549019607
0.05505279034690799
0.31106639839034206
0.2892649391856161
0.09954751131221719
0.1422077922077922
0.08571428571428572
0.04354136429608128
0.10745098039215686
0.08653061224489796
0.11363636363636363
0.2808080808080808
0.07077922077922078
0.11313131313131314
0.13647058823529412
0.06918238993710692
0.15350877192982457
0.07142857142857142
0.07922077922077922
0.18579234972677597
0.24782386072708654
0.0792156862745098
0.15443745632424877
0.18826017979904813
0.09725490196078432
0.08441558441558442
0.053109713487071976
0.05568627450980392
0.243734335839599
0.06009783368273934
0.40280701754385967
0.15184513006654568
0.0784313725490196
0.18658280922431866
0.07966457023060797
0.06693877551020408
0.08780841799709724
0.06666666666666667
0.12549019607843137
0.1530550514216576
0.3118881118881119
0.07755102040816327
0.10412299091544375
0.16491963661774983
0.05128205128205128
0.1163062536528346
0.18135593220338983
0.06821480406386067
0.030165912518853696
0.10102843315184513
0.11236802413273002
0.21566335476329632
0.1204644412191582
0.13246753246753246
0.16037735849056603
0.07767722473604827
0.2401129943502825
0.2519774011299435
0.08244897959183674
0.06948051948051948
0.10552061495457722
0.25013220518244317
0.17481203007518797
0.05370101596516691
0.14156079854809436
0.10196078431372549
0.10194805194805195
0.1204644412191582
0.08345428156748912
0.17571644042232276
0.22926093514328807
0.0992313067784766
0.12272727272727273
0.14411027568922305
0.06894049346879536
0.050980392156862744
0.1719077568134172
--------------------------------
top-10
0.09090909090909091
0.31868131868131866
0.21818181818181817
0.022222222222222223
0.03636363636363636
0.14545454545454545
0.4
0.14545454545454545
0.24358974358974358
0.06666666666666667
0.5735294117647058
0.18181818181818182
0.10909090909090909
0.32727272727272727
0.2909090909090909
0.34545454545454546
0.03636363636363636
0.3047619047619048
0.26666666666666666
0.38461538461538464
0.05454545454545454
0.5523809523809524
0.4175824175824176
0.16666666666666666
0.14545454545454545
0.07272727272727272
0.3333333333333333
0.12727272727272726
0.25757575757575757
0.3181818181818182
0.01818181818181818
0.18181818181818182
0.3090909090909091
0.3181818181818182
0.3333333333333333
0.21212121212121213
0.6818181818181818
0.24242424242424243
0.2222222222222222
0.4
0.6222222222222222
0.36363636363636365
0.2222222222222222
0.20512820512820512
0.12121212121212122
0.16363636363636364
0.2
0.2
0.09090909090909091
0.08888888888888889
0.044444444444444446
0.3516483516483517
0.14545454545454545
0.3142857142857143
0.16666666666666666
0.2692307692307692
0.3602941176470588
0.07272727272727272
0.2878787878787879
0.2
0.05454545454545454
0.2545454545454545
0.2222222222222222
0.20512820512820512
0.3333333333333333
0.5333333333333333
0.15151515151515152
0.13636363636363635
0.13636363636363635
0.31868131868131866
0.3181818181818182
0.16363636363636364
0.24242424242424243
0.07272727272727272
0.24444444444444444
0.24444444444444444
0.2222222222222222
0.022222222222222223
0.10909090909090909
0.16363636363636364
0.6095238095238096
0.16666666666666666
0.07272727272727272
0.24444444444444444
0.08888888888888889
0.044444444444444446
0.06666666666666667
0.12727272727272726
0.25274725274725274
0.022222222222222223
0.3076923076923077
0.044444444444444446
0.28205128205128205
0.21212121212121213
0.18181818181818182
0.34065934065934067
0.15555555555555556
0.1111111111111111
0.24444444444444444
0.4583333333333333
--------------------------------
top-5
0.2
0.2
0.5333333333333333
0.0
0.1
0.2
0.2857142857142857
0.13333333333333333
0.2
0.2
0.5555555555555556
0.7
0.2
0.38095238095238093
0.5238095238095238
0.5238095238095238
0.0
0.26666666666666666
0.4
0.38095238095238093
0.0
0.4722222222222222
0.7142857142857143
0.3
0.19047619047619047
0.1
0.42857142857142855
0.2
0.4666666666666667
0.26666666666666666
0.0
0.13333333333333333
0.6
0.39285714285714285
0.4666666666666667
0.2
0.6111111111111112
0.06666666666666667
0.6
0.4642857142857143
0.6111111111111112
0.47619047619047616
0.3
0.5
0.13333333333333333
0.5333333333333333
0.26666666666666666
0.19047619047619047
0.26666666666666666
0.0
0.1
0.19047619047619047
0.5
0.4
0.06666666666666667
0.5
0.19047619047619047
0.1
0.26666666666666666
0.06666666666666667
0.0
0.4666666666666667
0.4666666666666667
0.2
0.35714285714285715
0.5357142857142857
0.2
0.26666666666666666
0.0
0.2
0.38095238095238093
0.2
0.2
0.1
0.4
0.5238095238095238
0.13333333333333333
0.1
0.1
0.4
0.5555555555555556
0.2
0.0
0.4
0.3
0.2
0.1
0.3333333333333333
0.13333333333333333
0.1
0.19047619047619047
0.13333333333333333
0.3333333333333333
0.3333333333333333
0.2
0.35714285714285715
0.26666666666666666
0.13333333333333333
0.5
0.4444444444444444

Average50: 0.13205447609531404	Count: 100
Average10: 0.2254630271689094	Count: 100
Average5: 0.28761904761904744	Count: 100
