--------------------------------
top-20
0.5977011494252874
0.5977011494252874
0.5977011494252874
0.5977011494252874
0.5770114942528736
0.5870967741935483
0.6222222222222222
0.5591397849462365
0.5149425287356322
0.535483870967742
0.623015873015873
0.623015873015873
0.6222222222222222
0.6222222222222222
0.6222222222222222
0.5071225071225072
0.6222222222222222
0.5011494252873563
0.5376344086021505
0.6222222222222222
0.5988505747126437
0.5182795698924731
0.5524193548387096
0.5426136363636364
0.624731182795699
0.5988505747126437
0.5427807486631016
0.5988505747126437
0.5071225071225072
0.5179924242424242
0.551693404634581
0.6225806451612903
0.5686274509803921
0.5977011494252874
0.584873949579832
0.5977011494252874
0.5543672014260249
0.6225806451612903
0.5071225071225072
0.5942528735632184
0.5936507936507937
0.5071225071225072
0.5971479500891266
0.6060606060606061
0.6033613445378151
0.6084033613445378
0.6352941176470588
0.6369747899159663
0.5722222222222222
0.635483870967742
0.6103448275862069
0.6412698412698413
0.6404761904761904
0.6396825396825396
0.6404761904761904
0.6396825396825396
0.6396825396825396
0.596551724137931
0.5873563218390805
0.6043543543543544
0.6028528528528528
0.6194879089615932
0.5873015873015873
0.5419354838709678
0.5299145299145299
0.5873440285204992
0.561344537815126
0.5748663101604278
0.5912698412698413
0.5672268907563025
0.5888888888888889
0.5831932773109244
0.5831932773109244
0.5837789661319073
0.5831932773109244
0.5831932773109244
0.5831932773109244
0.5433467741935484
0.5677361853832442
0.5641025641025641
0.551693404634581
0.5293560606060606
0.551693404634581
0.53125
0.53125
0.6096096096096096
0.5606060606060606
0.5873015873015873
0.5476923076923077
0.56951871657754
0.56951871657754
0.5570409982174688
0.5984126984126984
0.5697478991596638
0.6047619047619047
0.5630252100840336
0.5990990990990991
0.5445632798573975
0.5918003565062389
0.6258890469416786
--------------------------------
top-10
0.6461988304093568
0.6461988304093568
0.6461988304093568
0.6461988304093568
0.6345029239766082
0.6228070175438597
0.6549707602339181
0.6176470588235294
0.6045751633986928
0.6507352941176471
0.6578947368421053
0.6578947368421053
0.6549707602339181
0.6549707602339181
0.6549707602339181
0.4551282051282051
0.6549707602339181
0.5958333333333333
0.6142857142857143
0.6549707602339181
0.6491228070175439
0.5708333333333333
0.5875
0.5208333333333334
0.6491228070175439
0.6491228070175439
0.5698529411764706
0.6491228070175439
0.4551282051282051
0.5125
0.5845588235294118
0.6491228070175439
0.5915032679738562
0.6461988304093568
0.6213235294117647
0.6461988304093568
0.5992647058823529
0.6374269005847953
0.4551282051282051
0.6257309941520468
0.625
0.4551282051282051
0.6568627450980392
0.6633986928104575
0.6633986928104575
0.6699346405228758
0.6421052631578947
0.6421052631578947
0.5514705882352942
0.6257309941520468
0.6023391812865497
0.6342105263157894
0.6374269005847953
0.6403508771929824
0.6374269005847953
0.6403508771929824
0.6403508771929824
0.6209150326797386
0.6078431372549019
0.5994152046783626
0.5994152046783626
0.6342105263157894
0.5555555555555556
0.5857142857142857
0.510989010989011
0.6052631578947368
0.5166666666666667
0.6198830409356725
0.5992647058823529
0.5458333333333333
0.5955882352941176
0.6333333333333333
0.6333333333333333
0.6437908496732027
0.6333333333333333
0.6333333333333333
0.6333333333333333
0.5047619047619047
0.6503267973856209
0.5952380952380952
0.630718954248366
0.4835164835164835
0.630718954248366
0.4835164835164835
0.4835164835164835
0.6286549707602339
0.6143790849673203
0.5522875816993464
0.5625
0.5816993464052288
0.6198830409356725
0.5816993464052288
0.5947712418300654
0.6111111111111112
0.6078431372549019
0.565359477124183
0.6143790849673203
0.6043956043956044
0.5751633986928104
0.6421052631578947
--------------------------------
top-5
0.6666666666666666
0.6666666666666666
0.6666666666666666
0.6666666666666666
0.6666666666666666
0.6666666666666666
0.6555555555555556
0.6666666666666666
0.6666666666666666
0.6666666666666666
0.6666666666666666
0.6666666666666666
0.6555555555555556
0.6666666666666666
0.6666666666666666
0.42857142857142855
0.6666666666666666
0.6666666666666666
0.6666666666666666
0.6666666666666666
0.6666666666666666
0.6666666666666666
0.6666666666666666
0.6666666666666666
0.6666666666666666
0.6666666666666666
0.6666666666666666
0.6555555555555556
0.42857142857142855
0.6666666666666666
0.6666666666666666
0.6555555555555556
0.6666666666666666
0.6666666666666666
0.6666666666666666
0.6666666666666666
0.6666666666666666
0.6555555555555556
0.47619047619047616
0.6805555555555556
0.6111111111111112
0.47619047619047616
0.6666666666666666
0.6666666666666666
0.6666666666666666
0.6666666666666666
0.6666666666666666
0.6666666666666666
0.625
0.6666666666666666
0.5833333333333334
0.6555555555555556
0.6333333333333333
0.6444444444444445
0.6333333333333333
0.6444444444444445
0.6444444444444445
0.6388888888888888
0.6388888888888888
0.5694444444444444
0.5694444444444444
0.6666666666666666
0.625
0.6944444444444444
0.6666666666666666
0.6111111111111112
0.5476190476190477
0.6666666666666666
0.5694444444444444
0.44642857142857145
0.5555555555555556
0.6111111111111112
0.6111111111111112
0.6555555555555556
0.6111111111111112
0.6111111111111112
0.6111111111111112
0.5
0.6555555555555556
0.6666666666666666
0.6805555555555556
0.5357142857142857
0.6805555555555556
0.5357142857142857
0.5
0.6666666666666666
0.6388888888888888
0.5833333333333334
0.6666666666666666
0.6071428571428571
0.6666666666666666
0.6071428571428571
0.6388888888888888
0.625
0.6666666666666666
0.5178571428571429
0.6555555555555556
0.6555555555555556
0.6071428571428571
0.6555555555555556
--------------------------------
top-3
0.7
0.7
0.7
0.7
0.7
0.7
0.6666666666666666
0.7
0.7
0.7
0.7
0.7
0.7
0.7
0.7
0.65
0.7
0.7
0.7
0.7
0.7
0.7
0.7
0.7
0.7
0.7
0.7
0.7
0.55
0.7
0.7
0.6666666666666666
0.7
0.7
0.7
0.7
0.7
0.6666666666666666
0.7
0.6666666666666666
0.65
0.55
0.7
0.7
0.7
0.7
0.7
0.7
0.65
0.7
0.55
0.6666666666666666
0.6666666666666666
0.6666666666666666
0.6666666666666666
0.6666666666666666
0.6666666666666666
0.75
0.75
0.7
0.7
0.7
0.7
0.7
0.7
0.7
0.6666666666666666
0.7
0.65
0.4166666666666667
0.6
0.6
0.6
0.7
0.6
0.6
0.6
0.65
0.6666666666666666
0.7
0.7
0.55
0.7
0.55
0.55
0.7
0.7
0.7
0.7
0.6
0.6666666666666666
0.6
0.7
0.7
0.7
0.5
0.7
0.6666666666666666
0.6
0.6666666666666666

Average20: 0.5825053532641485	Var: 0.0013280170819379156	Count: 100
Average10: 0.6054867168864848	Var: 0.002799551140629797	Count: 100
Average5: 0.631670634920635	Var: 0.0033967488504657584	Count: 100
Average3: 0.670666666666667	Var: 0.0029339999999993815	Count: 100
