--------------------------------
top-20
0.3646723646723647
0.4413793103448276
0.37606837606837606
0.4576719576719577
0.3915343915343915
0.4672364672364672
0.16883116883116883
0.4646153846153846
0.42328042328042326
0.4444444444444444
0.15151515151515152
0.1645021645021645
0.16600790513833993
0.1619047619047619
0.12987012987012986
0.4039408866995074
0.14285714285714285
0.29347826086956524
0.46798029556650245
0.14285714285714285
0.33201581027667987
0.29347826086956524
0.4553846153846154
0.38666666666666666
0.22529644268774704
0.2727272727272727
0.4
0.22857142857142856
0.3862433862433862
0.3386243386243386
0.40307692307692305
0.2628458498023715
0.5
0.23376623376623376
0.40923076923076923
0.20476190476190476
0.3448275862068966
0.2608695652173913
0.4074074074074074
0.20553359683794467
0.14624505928853754
0.38095238095238093
0.2826086956521739
0.30434782608695654
0.33992094861660077
0.37318840579710144
0.2717391304347826
0.3569230769230769
0.15810276679841898
0.42
0.24285714285714285
0.30039525691699603
0.34782608695652173
0.29
0.2924901185770751
0.27898550724637683
0.30434782608695654
0.3761904761904762
0.2857142857142857
0.31333333333333335
0.4533333333333333
0.2833333333333333
0.2904761904761905
0.23376623376623376
0.4458128078817734
0.33695652173913043
0.4
0.33992094861660077
0.23376623376623376
0.17391304347826086
0.21212121212121213
0.3359683794466403
0.20553359683794467
0.28
0.2904761904761905
0.21645021645021645
0.43666666666666665
0.35333333333333333
0.30484330484330485
0.4074074074074074
0.2766798418972332
0.42153846153846153
0.45666666666666667
0.32971014492753625
0.42028985507246375
0.2789473684210526
0.4066666666666667
0.22
0.5264367816091954
0.3323076923076923
0.40307692307692305
0.2644927536231884
0.39
0.28
0.38850574712643676
0.5266666666666666
0.3504273504273504
0.35507246376811596
0.2866666666666667
0.18571428571428572
--------------------------------
top-10
0.34065934065934067
0.2967032967032967
0.3904761904761905
0.3333333333333333
0.2967032967032967
0.5619047619047619
0.3333333333333333
0.5619047619047619
0.3619047619047619
0.5238095238095238
0.23636363636363636
0.23636363636363636
0.2545454545454545
0.2727272727272727
0.14545454545454545
0.3974358974358974
0.21212121212121213
0.3974358974358974
0.5428571428571428
0.2
0.4380952380952381
0.3717948717948718
0.5333333333333333
0.6
0.37362637362637363
0.4175824175824176
0.5384615384615384
0.32727272727272727
0.4175824175824176
0.2564102564102564
0.5054945054945055
0.34615384615384615
0.49166666666666664
0.47435897435897434
0.5384615384615384
0.3181818181818182
0.18181818181818182
0.44871794871794873
0.41904761904761906
0.4393939393939394
0.2909090909090909
0.3333333333333333
0.34615384615384615
0.4230769230769231
0.4945054945054945
0.580952380952381
0.5256410256410257
0.2967032967032967
0.32727272727272727
0.5583333333333333
0.3333333333333333
0.44871794871794873
0.5384615384615384
0.509090909090909
0.4358974358974359
0.48717948717948717
0.48717948717948717
0.44761904761904764
0.5494505494505495
0.45054945054945056
0.7333333333333333
0.358974358974359
0.5769230769230769
0.4358974358974359
0.4095238095238095
0.5
0.4
0.5641025641025641
0.4358974358974359
0.22727272727272727
0.3939393939393939
0.37142857142857144
0.32967032967032966
0.24242424242424243
0.36363636363636365
0.18181818181818182
0.38095238095238093
0.4090909090909091
0.2948717948717949
0.5164835164835165
0.48484848484848486
0.5583333333333333
0.6333333333333333
0.5
0.6083333333333333
0.5303030303030303
0.638095238095238
0.25757575757575757
0.5714285714285714
0.31868131868131866
0.6153846153846154
0.3939393939393939
0.42857142857142855
0.3787878787878788
0.20512820512820512
0.65
0.24175824175824176
0.42857142857142855
0.38461538461538464
0.38461538461538464
--------------------------------
top-5
0.06666666666666667
0.06666666666666667
0.13333333333333333
0.0
0.1
0.5357142857142857
0.42857142857142855
0.5357142857142857
0.3
0.5
0.23809523809523808
0.3333333333333333
0.3333333333333333
0.23809523809523808
0.13333333333333333
0.5714285714285714
0.4
0.6428571428571429
0.5357142857142857
0.3333333333333333
0.38095238095238093
0.38095238095238093
0.47619047619047616
0.6071428571428571
0.38095238095238093
0.5
0.6785714285714286
0.4666666666666667
0.4642857142857143
0.26666666666666666
0.5714285714285714
0.3333333333333333
0.4642857142857143
0.7142857142857143
0.75
0.4666666666666667
0.2
0.5
0.5238095238095238
0.5
0.4642857142857143
0.26666666666666666
0.5238095238095238
0.6071428571428571
0.6666666666666666
0.6111111111111112
0.7222222222222222
0.3333333333333333
0.5333333333333333
0.6071428571428571
0.7142857142857143
0.7142857142857143
0.6111111111111112
0.6111111111111112
0.5714285714285714
0.6428571428571429
0.75
0.5
0.6944444444444444
0.6428571428571429
0.7777777777777778
0.42857142857142855
0.7857142857142857
0.7142857142857143
0.42857142857142855
0.7142857142857143
0.23809523809523808
0.7222222222222222
0.5238095238095238
0.3333333333333333
0.42857142857142855
0.06666666666666667
0.26666666666666666
0.3333333333333333
0.47619047619047616
0.4
0.23809523809523808
0.6428571428571429
0.26666666666666666
0.6388888888888888
0.6785714285714286
0.5714285714285714
0.7777777777777778
0.5714285714285714
0.7222222222222222
0.6785714285714286
0.6944444444444444
0.4666666666666667
0.7222222222222222
0.06666666666666667
0.7142857142857143
0.6428571428571429
0.2857142857142857
0.6
0.0
0.7777777777777778
0.0
0.5
0.3333333333333333
0.4666666666666667
--------------------------------
top-3
0.0
0.0
0.0
0.0
0.3333333333333333
0.6
0.5
0.5
0.6666666666666666
0.5
0.0
0.3333333333333333
0.6666666666666666
0.0
0.3333333333333333
0.7
0.6666666666666666
0.8
0.6
1.0
0.5
0.5
0.6666666666666666
0.7
0.3333333333333333
0.5
0.8
0.7
0.3333333333333333
0.6666666666666666
0.7
0.6666666666666666
0.3333333333333333
0.8
0.8
0.7
0.3333333333333333
0.5
0.7
0.5
0.3333333333333333
0.3333333333333333
0.7
0.7
0.7
0.5
0.8
0.5
0.6666666666666666
0.7
0.9
0.8
0.5
0.5
0.6
0.8
0.8
0.5
0.8
0.8
0.8
0.5
0.8
0.8
0.3333333333333333
0.7
0.0
0.8
0.6
0.3333333333333333
0.5
0.0
0.16666666666666666
0.3333333333333333
0.5
0.5
0.0
0.8
0.16666666666666666
0.6
0.8
0.7
0.8
0.7
0.8
0.8
0.8
0.5
0.8
0.0
0.8
0.7
0.3333333333333333
0.6
0.0
0.8
0.0
0.5
0.6666666666666666
0.8333333333333334

Average20: 0.32176089803419566	Var: 0.00937301033522829	Count: 100
Average10: 0.41536396936396924	Var: 0.015055215930256993	Count: 100
Average5: 0.47535714285714303	Var: 0.041970664840009914	Count: 100
Average3: 0.5403333333333331	Var: 0.06853988888888918	Count: 100
