--------------------------------
top-20
0.233201581027668
0.27666666666666667
0.26877470355731226
0.2866666666666667
0.25
0.38768115942028986
0.10526315789473684
0.34782608695652173
0.34057971014492755
0.33992094861660077
0.1380952380952381
0.1380952380952381
0.11688311688311688
0.11052631578947368
0.10822510822510822
0.22666666666666666
0.11688311688311688
0.2826086956521739
0.33695652173913043
0.1038961038961039
0.33992094861660077
0.28
0.358695652173913
0.30434782608695654
0.2490118577075099
0.30303030303030304
0.2987012987012987
0.2134387351778656
0.29846153846153844
0.24110671936758893
0.31666666666666665
0.22529644268774704
0.4033333333333333
0.21739130434782608
0.36666666666666664
0.24242424242424243
0.24666666666666667
0.26406926406926406
0.27384615384615385
0.18181818181818182
0.1038961038961039
0.23
0.2753623188405797
0.35507246376811596
0.2845849802371542
0.2766798418972332
0.2572463768115942
0.20333333333333334
0.15584415584415584
0.2490118577075099
0.20553359683794467
0.2885375494071146
0.30434782608695654
0.27666666666666667
0.3007246376811594
0.2826086956521739
0.31620553359683795
0.3359683794466403
0.2510822510822511
0.2753623188405797
0.39666666666666667
0.2450592885375494
0.29523809523809524
0.2015810276679842
0.2553846153846154
0.31521739130434784
0.33766233766233766
0.31225296442687744
0.16883116883116883
0.15151515151515152
0.22380952380952382
0.30952380952380953
0.20952380952380953
0.1956521739130435
0.1645021645021645
0.12554112554112554
0.32971014492753625
0.2450592885375494
0.21739130434782608
0.27898550724637683
0.2753623188405797
0.25
0.36594202898550726
0.22529644268774704
0.2644927536231884
0.21904761904761905
0.40217391304347827
0.14285714285714285
0.4045584045584046
0.2554112554112554
0.3323076923076923
0.27666666666666667
0.34782608695652173
0.2633333333333333
0.4408866995073892
0.4673913043478261
0.42857142857142855
0.2924901185770751
0.23550724637681159
0.1619047619047619
--------------------------------
top-10
0.24358974358974358
0.20512820512820512
0.32967032967032966
0.2857142857142857
0.23076923076923078
0.4725274725274725
0.16363636363636364
0.5054945054945055
0.3516483516483517
0.48717948717948717
0.21818181818181817
0.26666666666666666
0.2545454545454545
0.26666666666666666
0.26666666666666666
0.37777777777777777
0.37777777777777777
0.3181818181818182
0.4725274725274725
0.23636363636363636
0.28205128205128205
0.3076923076923077
0.5428571428571428
0.5512820512820513
0.21818181818181817
0.3333333333333333
0.4393939393939394
0.13636363636363635
0.25757575757575757
0.23076923076923078
0.46153846153846156
0.21818181818181817
0.5047619047619047
0.2727272727272727
0.46153846153846156
0.22727272727272727
0.1794871794871795
0.28205128205128205
0.23636363636363636
0.24242424242424243
0.4
0.21212121212121213
0.30303030303030304
0.3717948717948718
0.5
0.37362637362637363
0.4696969696969697
0.18181818181818182
0.509090909090909
0.2878787878787879
0.23076923076923078
0.4230769230769231
0.46153846153846156
0.3787878787878788
0.3717948717948718
0.38461538461538464
0.48484848484848486
0.34065934065934067
0.32051282051282054
0.4090909090909091
0.6666666666666666
0.3076923076923077
0.6263736263736264
0.24358974358974358
0.23636363636363636
0.3787878787878788
0.38095238095238093
0.5
0.38181818181818183
0.2909090909090909
0.48484848484848486
0.3619047619047619
0.38181818181818183
0.16666666666666666
0.3333333333333333
0.2
0.3076923076923077
0.38181818181818183
0.22727272727272727
0.44871794871794873
0.3787878787878788
0.24242424242424243
0.5824175824175825
0.2564102564102564
0.2727272727272727
0.5303030303030303
0.6373626373626373
0.4
0.4945054945054945
0.22727272727272727
0.5303030303030303
0.3717948717948718
0.4
0.34545454545454546
0.4
0.5934065934065934
0.3619047619047619
0.32051282051282054
0.3181818181818182
0.2878787878787879
--------------------------------
top-5
0.06666666666666667
0.06666666666666667
0.06666666666666667
0.0
0.1
0.6190476190476191
0.26666666666666666
0.6071428571428571
0.2
0.6666666666666666
0.4666666666666667
0.4
0.5333333333333333
0.2857142857142857
0.3333333333333333
0.5238095238095238
0.47619047619047616
0.47619047619047616
0.6666666666666666
0.38095238095238093
0.13333333333333333
0.26666666666666666
0.6071428571428571
0.6785714285714286
0.13333333333333333
0.26666666666666666
0.5714285714285714
0.06666666666666667
0.47619047619047616
0.2
0.5238095238095238
0.13333333333333333
0.5714285714285714
0.2857142857142857
0.6428571428571429
0.2
0.1
0.2857142857142857
0.6
0.13333333333333333
0.38095238095238093
0.4
0.5238095238095238
0.5714285714285714
0.6785714285714286
0.3333333333333333
0.6388888888888888
0.26666666666666666
0.5357142857142857
0.13333333333333333
0.13333333333333333
0.5714285714285714
0.6111111111111112
0.5357142857142857
0.5
0.5
0.7142857142857143
0.26666666666666666
0.3333333333333333
0.6428571428571429
0.7777777777777778
0.4
0.7222222222222222
0.06666666666666667
0.38095238095238093
0.5
0.06666666666666667
0.6944444444444444
0.5238095238095238
0.42857142857142855
0.6111111111111112
0.06666666666666667
0.42857142857142855
0.23809523809523808
0.5714285714285714
0.26666666666666666
0.23809523809523808
0.38095238095238093
0.13333333333333333
0.42857142857142855
0.42857142857142855
0.2857142857142857
0.7777777777777778
0.13333333333333333
0.26666666666666666
0.75
0.7222222222222222
0.5714285714285714
0.6190476190476191
0.13333333333333333
0.6111111111111112
0.47619047619047616
0.26666666666666666
0.5714285714285714
0.2857142857142857
0.7777777777777778
0.13333333333333333
0.2
0.2857142857142857
0.5238095238095238
--------------------------------
top-3
0.0
0.0
0.0
0.0
0.3333333333333333
0.8
0.5
0.7
0.3333333333333333
0.7
0.5
0.6666666666666666
0.7
0.16666666666666666
0.3333333333333333
0.8333333333333334
0.8333333333333334
0.6666666666666666
0.7
0.5
0.3333333333333333
0.5
0.7
0.8
0.0
1.0
0.8
0.0
0.6
0.3333333333333333
0.7
0.0
0.6
0.3333333333333333
0.8
0.0
0.16666666666666666
0.3333333333333333
0.7
0.0
0.3333333333333333
0.5
0.6
0.6
0.8
0.16666666666666666
0.6
0.3333333333333333
0.6666666666666666
0.3333333333333333
0.16666666666666666
0.5
0.5
0.5
0.5
0.5
0.8
0.5
0.3333333333333333
0.8
0.8
0.5
0.9
0.0
0.3333333333333333
0.5
0.0
0.8
0.5
0.5
0.5
0.0
0.16666666666666666
0.0
0.7
0.3333333333333333
0.0
0.3333333333333333
0.16666666666666666
0.6
0.6
0.16666666666666666
0.8
0.0
0.3333333333333333
0.8
0.8
0.5
0.7
0.0
0.5
0.5
0.3333333333333333
0.5
0.16666666666666666
0.8
0.16666666666666666
0.16666666666666666
0.3333333333333333
0.8333333333333334

Average20: 0.2639951426907316	Var: 0.00645438206179301	Count: 100
Average10: 0.3539018759018758	Var: 0.013924665472734854	Count: 100
Average5: 0.4009444444444442	Var: 0.04446215287226016	Count: 100
Average3: 0.4463333333333333	Var: 0.0772198888888889	Count: 100
