--------------------------------
top-50
0.35384615384615387
0.3627317955676165
0.4183494293239684
0.28662083553675305
0.5097241067390321
0.4267583289264939
0.4384920634920635
0.3775241439859526
0.42625745950554134
0.46927129060579453
0.39278846153846153
0.30195663670015865
0.3102918586789555
0.40710382513661203
0.537625754527163
0.36607142857142855
0.39221710189452125
0.3273809523809524
0.5970266040688575
0.6048289738430583
0.29296668429402434
0.3484928609201481
0.3715277777777778
0.4116743471582181
0.3442622950819672
0.3538146441372248
0.4211309523809524
0.5130434782608696
0.4473823373876256
0.4573412698412698
0.2711864406779661
0.47370600414078673
0.4761295822676897
0.3404371584699454
0.40122914837576823
0.4857142857142857
0.3338983050847458
0.292896174863388
0.3635432667690732
0.3878787878787879
0.3726775956284153
0.46390168970814133
0.33382936507936506
0.5232660228270413
0.26125073056691994
0.4703962703962704
0.4576923076923077
0.5648033126293995
0.3371584699453552
0.1744107744107744
0.42757936507936506
0.3020833333333333
0.49859154929577465
0.34408602150537637
0.34077380952380953
0.3927527761542957
0.45725915875169604
0.5311676909569798
0.35813492063492064
0.45734265734265733
0.3967365967365967
0.40327380952380953
0.5017559262510974
0.47371031746031744
0.505541346973572
0.5331991951710262
0.3143881208397337
0.3480225988700565
0.37451923076923077
0.2858757062146893
0.3061872025383395
0.4149038461538462
0.46335403726708074
0.28820729772607084
0.5100965759438104
0.329237071172555
0.3717357910906298
0.40576923076923077
0.3639423076923077
0.5093776641091219
0.41121031746031744
0.31746031746031744
0.5062937062937063
0.4491803278688525
0.4264423076923077
0.22828282828282828
0.42695612844866576
0.5279503105590062
0.3191256830601093
0.3860727086533538
0.5653364632237872
0.5348200312989045
0.29902713773681516
0.3680555555555556
0.5074334898278561
0.3706293706293706
0.4009615384615385
0.34743521946060285
0.43005952380952384
0.30158730158730157
--------------------------------
top-10
0.21818181818181817
0.2948717948717949
0.5714285714285714
0.3956043956043956
0.8169934640522876
0.6285714285714286
0.5494505494505495
0.5604395604395604
0.3333333333333333
0.6916666666666667
0.6666666666666666
0.5238095238095238
0.7720588235294118
0.5604395604395604
0.8088235294117647
0.6761904761904762
0.6666666666666666
0.5523809523809524
0.8954248366013072
1.0
0.4945054945054945
0.6476190476190476
0.5714285714285714
0.37362637362637363
0.725
0.6
0.7794117647058824
0.6583333333333333
0.7426470588235294
0.8583333333333333
0.5619047619047619
0.5128205128205128
0.7720588235294118
0.675
0.7047619047619048
0.4393939393939394
0.6761904761904762
0.6190476190476191
0.4945054945054945
0.4230769230769231
0.725
0.6833333333333333
0.46153846153846156
0.7142857142857143
0.3484848484848485
0.7573529411764706
0.85
0.9239766081871345
0.6190476190476191
0.14545454545454545
0.5428571428571428
0.46153846153846156
0.5904761904761905
0.5
0.2
0.41025641025641024
0.6761904761904762
0.8823529411764706
0.2727272727272727
0.7352941176470589
0.6095238095238096
0.6833333333333333
0.7416666666666667
0.934640522875817
0.8308823529411765
0.5523809523809524
0.44871794871794873
0.5934065934065934
0.6
0.5897435897435898
0.48717948717948717
0.24242424242424243
0.6761904761904762
0.5428571428571428
0.7833333333333333
0.4358974358974359
0.24358974358974358
0.6190476190476191
0.5256410256410257
0.7941176470588235
0.5384615384615384
0.6285714285714286
0.725
0.8562091503267973
0.5619047619047619
0.5274725274725275
0.3333333333333333
0.8529411764705882
0.4090909090909091
0.6703296703296703
0.7833333333333333
0.12121212121212122
0.580952380952381
0.6761904761904762
0.7
0.5274725274725275
0.6095238095238096
0.4065934065934066
0.44871794871794873
0.4835164835164835
--------------------------------
top-5
0.26666666666666666
0.3333333333333333
0.8611111111111112
0.3333333333333333
0.7142857142857143
0.8055555555555556
0.47619047619047616
0.7142857142857143
0.26666666666666666
0.6428571428571429
0.6785714285714286
0.5714285714285714
0.8611111111111112
0.75
0.8333333333333334
0.7777777777777778
0.8333333333333334
0.47619047619047616
1.0
1.0
0.42857142857142855
0.75
0.6428571428571429
0.13333333333333333
0.8333333333333334
0.6666666666666666
0.75
0.6785714285714286
0.6785714285714286
1.0
0.47619047619047616
0.47619047619047616
0.75
0.6785714285714286
0.8333333333333334
0.6071428571428571
0.8571428571428571
0.6190476190476191
0.5238095238095238
0.4
0.8333333333333334
0.75
0.5238095238095238
0.8333333333333334
0.7142857142857143
0.7777777777777778
1.0
0.9166666666666666
0.7142857142857143
0.2
0.5714285714285714
0.47619047619047616
0.7142857142857143
0.6785714285714286
0.3333333333333333
0.6666666666666666
0.7142857142857143
1.0
0.3333333333333333
0.7142857142857143
0.7142857142857143
0.7857142857142857
0.8888888888888888
1.0
1.0
0.5238095238095238
0.6190476190476191
0.8571428571428571
0.6428571428571429
0.7777777777777778
0.8888888888888888
0.13333333333333333
0.9285714285714286
0.4
1.0
0.47619047619047616
0.1
0.8214285714285714
0.7142857142857143
0.9166666666666666
0.75
0.6785714285714286
0.7142857142857143
0.8611111111111112
0.6190476190476191
0.6785714285714286
0.5333333333333333
1.0
0.42857142857142855
0.9642857142857143
1.0
0.1
0.5714285714285714
0.8055555555555556
0.75
0.8095238095238095
0.6071428571428571
0.3333333333333333
0.6666666666666666
0.47619047619047616

Average50: 0.40388434968458087	Count: 100
Average10: 0.5938823604156425	Count: 100
Average5: 0.6698174603174606	Count: 100
