--------------------------------
top-50
0.26472094214029696
0.4374361593462717
0.41975308641975306
NaN
0.4037940379403794
0.0
0.0
0.16666666666666666
0.4444444444444444
0.46321070234113715
0.08961748633879782
0.41709695926563395
0.4098163203854261
0.41574074074074074
0.45454545454545453
0.40861186389641674
0.45454545454545453
0.0
0.0
0.466802860061287
0.4214731585518102
0.34846846846846846
0.38493995456020774
0.1344632768361582
0.3567567567567568
0.1344632768361582
0.0
0.43051201671891326
0.3264864864864865
0.4760924273621597
0.37231854246253304
0.0
0.0
0.3796650014692918
0.3875365141187926
0.0
0.3958691910499139
0.36596736596736595
0.4946305841924399
0.37231854246253304
0.5034714916894593
0.4279650436953808
0.13045634920634921
0.41709695926563395
0.0
0.2596736596736597
0.4593884376493072
0.0
0.36
0.0
0.4108024691358025
0.4212234706616729
0.4397003745318352
0.26472094214029696
0.12797619047619047
0.0
0.4444444444444444
0.45454545454545453
0.26472094214029696
0.0
0.3149452269170579
0.4422675026123302
0.2906057945566286
0.48062709966405376
0.452014652014652
0.4469413233458177
0.09016393442622951
0.42047440699126093
0.4182098765432099
0.41709695926563395
0.342447026657553
0.41709695926563395
0.5022091310751104
0.40296220633299284
0.45103785103785105
0.4546106067845198
0.41709695926563395
0.0
0.41203703703703703
0.45152625152625153
0.3958691910499139
0.40832482124616953
0.4398046398046398
0.4806680393502631
0.4037940379403794
0.0
0.26472094214029696
0.1519230769230769
0.17067307692307693
0.37231854246253304
0.15528846153846154
0.0
0.10312004230565838
0.0
0.416405433646813
0.0
0.0
0.4046973803071364
0.0
0.49968440984641277
--------------------------------
top-10
0.5263157894736842
0.5263157894736842
0.5263157894736842
NaN
0.5263157894736842
0.4852941176470588
0.5263157894736842
0.43790849673202614
0.5263157894736842
0.5263157894736842
0.49707602339181284
0.47368421052631576
0.5263157894736842
0.5263157894736842
0.5263157894736842
0.5263157894736842
0.5263157894736842
0.0
0.2857142857142857
0.5263157894736842
0.52046783625731
0.45588235294117646
0.47058823529411764
0.47058823529411764
0.5263157894736842
0.47058823529411764
0.3619047619047619
0.5263157894736842
0.45098039215686275
0.5263157894736842
0.47368421052631576
0.5263157894736842
0.0
0.47368421052631576
0.47058823529411764
0.5263157894736842
0.5263157894736842
0.49122807017543857
0.5263157894736842
0.47368421052631576
0.5263157894736842
0.2967032967032967
0.4632352941176471
0.47368421052631576
0.0
0.47368421052631576
0.5029239766081871
0.41911764705882354
0.5146198830409356
0.41830065359477125
0.5263157894736842
0.52046783625731
0.5263157894736842
0.5263157894736842
0.4666666666666667
0.5263157894736842
0.5263157894736842
0.5263157894736842
0.5263157894736842
0.2727272727272727
0.5146198830409356
0.5263157894736842
0.47953216374269003
0.5263157894736842
0.5263157894736842
0.5263157894736842
0.47953216374269003
0.23076923076923078
0.5263157894736842
0.47368421052631576
0.40441176470588236
0.47368421052631576
0.5263157894736842
0.37142857142857144
0.5263157894736842
0.47058823529411764
0.47368421052631576
0.5263157894736842
0.5263157894736842
0.5263157894736842
0.5263157894736842
0.52046783625731
0.5263157894736842
0.5263157894736842
0.5263157894736842
0.49122807017543857
0.5263157894736842
0.5263157894736842
0.5263157894736842
0.47368421052631576
0.5263157894736842
0.4485294117647059
0.5263157894736842
0.0
0.52046783625731
0.0
0.0
0.5263157894736842
0.30303030303030304
0.5263157894736842
--------------------------------
top-5
0.5555555555555556
0.5555555555555556
0.5555555555555556
NaN
0.5555555555555556
0.5555555555555556
0.5555555555555556
0.42857142857142855
0.5555555555555556
0.5555555555555556
0.5555555555555556
0.5555555555555556
0.5555555555555556
0.5555555555555556
0.5555555555555556
0.5555555555555556
0.5555555555555556
0.0
0.35714285714285715
0.5555555555555556
0.5555555555555556
0.5555555555555556
0.5555555555555556
0.5555555555555556
0.5555555555555556
0.5555555555555556
0.39285714285714285
0.5555555555555556
0.5555555555555556
0.5555555555555556
0.4444444444444444
0.5555555555555556
0.39285714285714285
0.4444444444444444
0.5555555555555556
0.5555555555555556
0.5555555555555556
0.5555555555555556
0.5555555555555556
0.4444444444444444
0.5555555555555556
0.5555555555555556
0.4444444444444444
0.5555555555555556
0.23809523809523808
0.5555555555555556
0.5555555555555556
0.5555555555555556
0.5555555555555556
0.32142857142857145
0.5555555555555556
0.5555555555555556
0.5555555555555556
0.5555555555555556
0.5555555555555556
0.5555555555555556
0.5555555555555556
0.5555555555555556
0.5555555555555556
0.5277777777777778
0.5555555555555556
0.5555555555555556
0.5555555555555556
0.5555555555555556
0.5555555555555556
0.5555555555555556
0.5555555555555556
0.35714285714285715
0.5555555555555556
0.5555555555555556
0.5555555555555556
0.5555555555555556
0.5555555555555556
0.5555555555555556
0.5555555555555556
0.5555555555555556
0.5555555555555556
0.5555555555555556
0.5555555555555556
0.5555555555555556
0.5555555555555556
0.5555555555555556
0.5555555555555556
0.5555555555555556
0.5555555555555556
0.5277777777777778
0.5555555555555556
0.5555555555555556
0.5555555555555556
0.4444444444444444
0.5555555555555556
0.5555555555555556
0.5555555555555556
0.2
0.5555555555555556
0.06666666666666667
0.26666666666666666
0.5555555555555556
0.5277777777777778
0.5555555555555556

Average50: 0.2947132714488709	Count: 99
Average10: 0.4596413440864142	Count: 99
Average5: 0.5178932178932187	Count: 99
