--------------------------------
top-50
0.2096045197740113
0.25310734463276835
0.3251408090117768
0.08313725490196078
0.4690185436454093
0.46153846153846156
0.44519230769230766
0.15789473684210525
0.38125
0.29280223619846263
0.3273400317292438
0.31994047619047616
0.17532467532467533
0.32304900181488205
0.475
0.25254237288135595
0.36065573770491804
0.15350877192982457
0.5311167945439045
0.5370192307692307
0.09014675052410902
0.27181385510312006
0.32404371584699454
0.37757800105764144
0.26101694915254237
0.16102756892230577
0.4485407066052227
0.4801864801864802
0.38524590163934425
0.3249475890985325
0.20844155844155843
0.4508158508158508
0.25084745762711863
0.1683599419448476
0.28743169398907104
0.42657342657342656
0.32655367231638416
0.24254821741671537
0.18249158249158248
0.3129943502824859
0.23367003367003367
0.4884910485933504
0.13535353535353536
0.39976621858562245
0.10714285714285714
0.43154761904761907
0.4016393442622951
0.514919011082694
0.25306838106370544
0.2401129943502825
0.3262295081967213
0.09019607843137255
0.4683229813664596
0.15910465819721717
0.14598997493734336
0.4267583289264939
0.38392384981491273
0.46939890710382515
0.16979949874686717
0.3271889400921659
0.3282485875706215
0.29636591478696744
0.411864406779661
0.3333333333333333
0.4871099050203528
0.47692307692307695
0.1693889897156685
0.10407239819004525
0.3010928961748634
0.17597402597402598
0.23728813559322035
0.38579234972677595
0.2383116883116883
0.10014513788098693
0.5267080745341615
0.11390635918937805
0.40040962621607784
0.4843962008141113
0.23182957393483708
0.32404371584699454
0.2249158249158249
0.10885341074020319
0.5109745390693591
0.3191919191919192
0.3680592279217345
0.18585858585858586
0.1776738749269433
0.4745920745920746
0.25226860254083483
0.2416545718432511
0.5460426179604262
0.6144144144144145
0.1331168831168831
0.12794612794612795
0.4681139755766621
0.13976240391334732
0.13602693602693602
0.32490079365079366
0.2653419053185272
0.09993011879804332
--------------------------------
top-10
0.16363636363636364
0.38181818181818183
0.7833333333333333
0.14545454545454545
0.6916666666666667
0.7142857142857143
0.725
0.6923076923076923
0.2692307692307692
0.5274725274725275
0.7352941176470589
0.21794871794871795
0.6
0.7833333333333333
0.7426470588235294
0.5054945054945055
0.4725274725274725
0.30303030303030304
0.5384615384615384
0.9064327485380117
0.21818181818181817
0.5
0.5142857142857142
0.5666666666666667
0.48484848484848486
0.4393939393939394
0.6833333333333333
0.21212121212121213
0.8888888888888888
0.7666666666666667
0.42857142857142855
0.6571428571428571
0.07272727272727272
0.3076923076923077
0.7047619047619048
0.6190476190476191
0.5904761904761905
0.5384615384615384
0.3787878787878788
0.12727272727272726
0.41025641025641024
0.32051282051282054
0.5
0.7573529411764706
0.2727272727272727
0.8104575163398693
0.5604395604395604
0.5333333333333333
0.41025641025641024
0.4065934065934066
0.8954248366013072
0.21818181818181817
0.12121212121212122
0.2545454545454545
0.3484848484848485
0.5714285714285714
0.5934065934065934
0.8823529411764706
0.21818181818181817
0.5142857142857142
0.4725274725274725
0.5428571428571428
0.7941176470588235
0.8308823529411765
0.7166666666666667
0.37362637362637363
0.32727272727272727
0.25757575757575757
0.8161764705882353
0.358974358974359
0.45454545454545453
0.07272727272727272
0.6043956043956044
0.28205128205128205
0.358974358974359
0.34615384615384615
0.09090909090909091
0.638095238095238
0.3626373626373626
0.5454545454545454
0.36363636363636365
0.15151515151515152
0.5238095238095238
0.8496732026143791
0.4857142857142857
0.5619047619047619
0.26666666666666666
0.7238095238095238
0.42424242424242425
0.3181818181818182
0.725
0.15151515151515152
0.5454545454545454
0.16666666666666666
0.6833333333333333
0.07272727272727272
0.1111111111111111
0.5054945054945055
0.2727272727272727
0.22727272727272727
--------------------------------
top-5
0.26666666666666666
0.5714285714285714
0.8888888888888888
0.2
0.7777777777777778
0.7142857142857143
0.7857142857142857
0.8888888888888888
0.2
0.6666666666666666
0.6071428571428571
0.06666666666666667
0.6428571428571429
1.0
0.6428571428571429
0.5357142857142857
0.47619047619047616
0.26666666666666666
0.47619047619047616
0.8333333333333334
0.13333333333333333
0.75
0.42857142857142855
0.2857142857142857
0.8055555555555556
0.5357142857142857
0.7142857142857143
0.2
1.0
0.8333333333333334
0.38095238095238093
0.5238095238095238
0.2
0.2
0.7777777777777778
0.5714285714285714
0.47619047619047616
0.6666666666666666
0.6071428571428571
0.26666666666666666
0.47619047619047616
0.4
0.7777777777777778
0.6071428571428571
0.5238095238095238
0.7777777777777778
0.6428571428571429
0.47619047619047616
0.6071428571428571
0.2
1.0
0.13333333333333333
0.13333333333333333
0.5333333333333333
0.6190476190476191
0.5714285714285714
0.6785714285714286
1.0
0.4666666666666667
0.47619047619047616
0.6785714285714286
0.6785714285714286
1.0
0.8888888888888888
0.8888888888888888
0.2
0.4666666666666667
0.3333333333333333
1.0
0.4
0.6190476190476191
0.1
0.7777777777777778
0.06666666666666667
0.38095238095238093
0.13333333333333333
0.0
0.8611111111111112
0.13333333333333333
0.8571428571428571
0.47619047619047616
0.06666666666666667
0.47619047619047616
0.8611111111111112
0.2
0.6071428571428571
0.3333333333333333
1.0
0.5714285714285714
0.4
0.8888888888888888
0.2
0.8571428571428571
0.13333333333333333
0.6785714285714286
0.13333333333333333
0.4
0.2857142857142857
0.6666666666666666
0.2

Average50: 0.30535255550966234	Count: 100
Average10: 0.4757521576290927	Count: 100
Average5: 0.5286587301587303	Count: 100
