--------------------------------
top-50
0.15875706214689267
0.20225988700564973
0.2452636968766001
0.08313725490196078
0.34599728629579374
0.34965034965034963
0.34423076923076923
0.13157894736842105
0.28028846153846154
0.28441649196366176
0.25753569539925963
0.2296626984126984
0.15584415584415584
0.28917120387174833
0.37403846153846154
0.2016949152542373
0.29085140137493387
0.12719298245614036
0.3853367433930094
0.4360576923076923
0.08176100628930817
0.20200951877313592
0.2639344262295082
0.3077736647276573
0.21016949152542372
0.13471177944862156
0.3686635944700461
0.3682983682983683
0.3251366120218579
0.3165618448637317
0.18896103896103897
0.3389277389277389
0.2
0.16400580551523947
0.2273224043715847
0.3146853146853147
0.27570621468926554
0.2004675628287551
0.16902356902356902
0.2621468926553672
0.2202020202020202
0.34271099744245526
0.12188552188552189
0.35768556399766216
0.08766233766233766
0.3412698412698413
0.34153005464480873
0.3691389599317988
0.21098772647574518
0.18926553672316385
0.26612021857923496
0.09019607843137255
0.31097308488612835
0.12522686025408347
0.11967418546365914
0.3569539925965098
0.3141195134849286
0.4092896174863388
0.14348370927318296
0.24731182795698925
0.2774011299435028
0.2700501253132832
0.3610169491525424
0.3249475890985325
0.36408864767073723
0.365034965034965
0.1355111917725348
0.10256410256410256
0.24098360655737705
0.1564935064935065
0.1864406779661017
0.3256830601092896
0.21883116883116882
0.09579100145137881
0.36935817805383026
0.10552061495457722
0.32053251408090117
0.3613749434644957
0.20551378446115287
0.2639344262295082
0.21144781144781144
0.10449927431059507
0.37664618086040386
0.30572390572390573
0.2982548915917504
0.1723905723905724
0.13559322033898305
0.3627039627039627
0.21839080459770116
0.23730043541364296
0.3535007610350076
0.3981981981981982
0.11363636363636363
0.11447811447811448
0.34509271822704657
0.13137665967854648
0.12255892255892256
0.23462301587301587
0.2232612507305669
0.09154437456324249
--------------------------------
top-10
0.16363636363636364
0.38181818181818183
0.5333333333333333
0.14545454545454545
0.44166666666666665
0.5238095238095238
0.475
0.5604395604395604
0.19230769230769232
0.3956043956043956
0.4264705882352941
0.14102564102564102
0.4095238095238095
0.5333333333333333
0.4338235294117647
0.37362637362637363
0.34065934065934067
0.2727272727272727
0.4065934065934066
0.4853801169590643
0.21818181818181817
0.4230769230769231
0.3238095238095238
0.31666666666666665
0.45454545454545453
0.4090909090909091
0.43333333333333335
0.18181818181818182
0.5228758169934641
0.5166666666666667
0.2967032967032967
0.4666666666666667
0.07272727272727272
0.23076923076923078
0.5142857142857142
0.42857142857142855
0.4
0.4065934065934066
0.3484848484848485
0.12727272727272726
0.3333333333333333
0.24358974358974358
0.4696969696969697
0.4485294117647059
0.24242424242424243
0.4444444444444444
0.42857142857142855
0.34285714285714286
0.3333333333333333
0.27472527472527475
0.5294117647058824
0.21818181818181817
0.09090909090909091
0.2545454545454545
0.3181818181818182
0.38095238095238093
0.46153846153846156
0.5163398692810458
0.21818181818181817
0.3238095238095238
0.34065934065934067
0.3523809523809524
0.4852941176470588
0.5220588235294118
0.4666666666666667
0.24175824175824176
0.32727272727272727
0.22727272727272727
0.5073529411764706
0.28205128205128205
0.42424242424242425
0.07272727272727272
0.4725274725274725
0.20512820512820512
0.28205128205128205
0.2692307692307692
0.06060606060606061
0.44761904761904764
0.23076923076923078
0.5151515151515151
0.36363636363636365
0.12121212121212122
0.3333333333333333
0.48366013071895425
0.29523809523809524
0.37142857142857144
0.26666666666666666
0.5333333333333333
0.3939393939393939
0.2878787878787879
0.475
0.12121212121212122
0.5151515151515151
0.13636363636363635
0.43333333333333335
0.07272727272727272
0.1111111111111111
0.37362637362637363
0.2727272727272727
0.19696969696969696
--------------------------------
top-5
0.26666666666666666
0.47619047619047616
0.5555555555555556
0.2
0.4444444444444444
0.5
0.5714285714285714
0.5555555555555556
0.2
0.5714285714285714
0.39285714285714285
0.06666666666666667
0.42857142857142855
0.5555555555555556
0.42857142857142855
0.32142857142857145
0.38095238095238093
0.26666666666666666
0.38095238095238093
0.5
0.13333333333333333
0.5357142857142857
0.3333333333333333
0.19047619047619047
0.4722222222222222
0.32142857142857145
0.6190476190476191
0.2
0.5555555555555556
0.5
0.2857142857142857
0.42857142857142855
0.2
0.2
0.4444444444444444
0.35714285714285715
0.38095238095238093
0.5714285714285714
0.39285714285714285
0.26666666666666666
0.38095238095238093
0.4
0.4444444444444444
0.39285714285714285
0.42857142857142855
0.4444444444444444
0.42857142857142855
0.38095238095238093
0.39285714285714285
0.2
0.5555555555555556
0.13333333333333333
0.13333333333333333
0.5333333333333333
0.5238095238095238
0.47619047619047616
0.4642857142857143
0.5555555555555556
0.4666666666666667
0.38095238095238093
0.4642857142857143
0.4642857142857143
0.5555555555555556
0.5555555555555556
0.5555555555555556
0.2
0.4666666666666667
0.23809523809523808
0.5555555555555556
0.4
0.5238095238095238
0.1
0.4444444444444444
0.06666666666666667
0.2857142857142857
0.13333333333333333
0.0
0.5277777777777778
0.13333333333333333
0.6428571428571429
0.38095238095238093
0.06666666666666667
0.38095238095238093
0.5277777777777778
0.2
0.39285714285714285
0.23809523809523808
0.5555555555555556
0.47619047619047616
0.4
0.5555555555555556
0.2
0.6428571428571429
0.13333333333333333
0.4642857142857143
0.13333333333333333
0.4
0.19047619047619047
0.6666666666666666
0.2

Average50: 0.24661214275346055	Count: 100
Average10: 0.34493301117527103	Count: 100
Average5: 0.38088095238095243	Count: 100
