--------------------------------
top-50
0.19610855094726062
0.21929824561403508
0.2524321556579621
0.06894049346879536
0.2968944099378882
0.4319312528267752
0.2579124579124579
0.14912280701754385
0.3244047619047619
0.2969023962594974
0.24751984126984128
0.25780189959294436
0.15977443609022557
0.26799758015728975
0.3938618925831202
0.2462406015037594
0.3120218579234973
0.09143686502177069
0.36384976525821594
0.3783653846153846
0.09899749373433583
0.23963133640552994
0.253551912568306
0.3090277777777778
0.2104032729398013
0.15028248587570622
0.37254901960784315
0.3229166666666667
0.31253305129561076
0.24020319303338172
0.17470300489168414
0.23774954627949182
0.11030478955007257
0.15366001209921354
0.24699453551912567
0.29023569023569024
0.28917120387174833
0.23532522474881015
0.21233766233766233
0.18877849210987727
0.2480225988700565
0.3244073748902546
0.13063973063973064
0.29349550502379695
0.054693877551020405
0.3134920634920635
0.4007936507936508
0.3542581211589113
0.21274108708357686
0.4028169014084507
0.2792349726775956
0.11363636363636363
0.3035912624953721
0.15706214689265538
0.1542649727767695
0.3233082706766917
0.33125
0.32881049298959747
0.17923497267759564
0.2222222222222222
0.28873611845584346
0.2577132486388385
0.3358011634056055
0.25521885521885523
0.35942028985507246
0.29324009324009326
0.14458560193587416
0.17731829573934837
0.2559322033898305
0.1820931639443436
0.2304147465437788
0.279491833030853
0.2543859649122807
0.12272727272727273
0.33457556935817806
0.17543859649122806
0.28520225294418844
0.26879699248120303
0.2096045197740113
0.3072448439978847
0.21733053808525507
0.11298701298701298
0.446853516657853
0.23636363636363636
0.24754098360655738
0.33664596273291925
0.15864621893178213
0.34970238095238093
0.20676890534108938
0.19298245614035087
0.34658385093167704
0.18961038961038962
0.1266233766233766
0.09224318658280922
0.3192307692307692
0.10101010101010101
0.10552061495457722
0.24375
0.15844155844155844
0.11779448621553884
--------------------------------
top-10
0.3333333333333333
0.4222222222222222
0.46153846153846156
0.13333333333333333
0.2857142857142857
0.3523809523809524
0.525
0.5384615384615384
0.1794871794871795
0.5147058823529411
0.3416666666666667
0.09090909090909091
0.37362637362637363
0.3516483516483517
0.49673202614379086
0.3956043956043956
0.425
0.18181818181818182
0.3238095238095238
0.47368421052631576
0.3076923076923077
0.4725274725274725
0.24175824175824176
0.21978021978021978
0.48717948717948717
0.4393939393939394
0.4380952380952381
0.13636363636363635
0.4411764705882353
0.4166666666666667
0.34615384615384615
0.32967032967032966
0.07272727272727272
0.24358974358974358
0.3904761904761905
0.45
0.27472527472527475
0.4666666666666667
0.41025641025641024
0.09090909090909091
0.45588235294117646
0.2564102564102564
0.3787878787878788
0.4632352941176471
0.35555555555555557
0.43333333333333335
0.3
0.3076923076923077
0.3974358974358974
0.3076923076923077
0.5147058823529411
0.3076923076923077
0.0
0.2545454545454545
0.3484848484848485
0.44761904761904764
0.525
0.49264705882352944
0.23636363636363636
0.38095238095238093
0.44871794871794873
0.32051282051282054
0.35833333333333334
0.4338235294117647
0.37142857142857144
0.10606060606060606
0.2727272727272727
0.43333333333333335
0.47794117647058826
0.2857142857142857
0.4725274725274725
0.05454545454545454
0.38461538461538464
0.3974358974358974
0.3142857142857143
0.5333333333333333
0.01818181818181818
0.4852941176470588
0.34065934065934067
0.41904761904761906
0.32727272727272727
0.32727272727272727
0.47368421052631576
0.47368421052631576
0.24175824175824176
0.3142857142857143
0.2727272727272727
0.5619047619047619
0.3787878787878788
0.28205128205128205
0.48333333333333334
0.10606060606060606
0.5151515151515151
0.06666666666666667
0.4696969696969697
0.1111111111111111
0.15555555555555556
0.29523809523809524
0.25757575757575757
0.24242424242424243
--------------------------------
top-5
0.38095238095238093
0.38095238095238093
0.42857142857142855
0.2
0.26666666666666666
0.42857142857142855
0.5277777777777778
0.6785714285714286
0.1
0.5555555555555556
0.2857142857142857
0.06666666666666667
0.39285714285714285
0.4666666666666667
0.5555555555555556
0.35714285714285715
0.39285714285714285
0.2
0.2857142857142857
0.4444444444444444
0.3333333333333333
0.6428571428571429
0.2
0.06666666666666667
0.5555555555555556
0.38095238095238093
0.39285714285714285
0.13333333333333333
0.5714285714285714
0.5
0.35714285714285715
0.4642857142857143
0.3
0.26666666666666666
0.39285714285714285
0.5
0.2
0.42857142857142855
0.4444444444444444
0.26666666666666666
0.5
0.13333333333333333
0.38095238095238093
0.4722222222222222
0.42857142857142855
0.5
0.06666666666666667
0.3333333333333333
0.4642857142857143
0.47619047619047616
0.5555555555555556
0.2857142857142857
0.0
0.2857142857142857
0.42857142857142855
0.5555555555555556
0.5555555555555556
0.4722222222222222
0.19047619047619047
0.35714285714285715
0.5
0.5238095238095238
0.19047619047619047
0.4642857142857143
0.32142857142857145
0.0
0.4666666666666667
0.4642857142857143
0.5555555555555556
0.3333333333333333
0.5714285714285714
0.1
0.5357142857142857
0.6071428571428571
0.23809523809523808
0.5277777777777778
0.0
0.5555555555555556
0.26666666666666666
0.5714285714285714
0.4666666666666667
0.4666666666666667
0.4444444444444444
0.4444444444444444
0.06666666666666667
0.3333333333333333
0.19047619047619047
0.5555555555555556
0.42857142857142855
0.4666666666666667
0.5555555555555556
0.2
0.5714285714285714
0.13333333333333333
0.4444444444444444
0.4
0.4
0.13333333333333333
0.2857142857142857
0.26666666666666666

Average50: 0.24314722186551962	Count: 100
Average10: 0.3432528222551443	Count: 100
Average5: 0.3728253968253968	Count: 100
