--------------------------------
top-50
0.3492063492063492
0.3368055555555556
0.3819672131147541
0.2867513611615245
0.37870538415003024
0.4649257552483359
0.36060783167738164
0.40705563093622793
0.4307692307692308
0.5115332428765265
0.4080901177675371
0.2559906487434249
0.307909604519774
0.42740384615384613
0.5430201931518877
0.3377049180327869
0.3786356425171867
0.35535074244751663
0.5602503912363067
0.5030728709394205
0.32053251408090117
0.37202380952380953
0.3865847414234511
0.43173076923076925
0.3686635944700461
0.4331002331002331
0.3903954802259887
0.33934426229508197
0.44475524475524475
0.391705069124424
0.4647887323943662
0.28662083553675305
0.28614640048396855
0.57009009009009
0.4065540194572453
0.3888888888888889
0.2937853107344633
0.3902097902097902
0.4039938556067588
0.4363476733977173
0.3770491803278688
0.3700564971751412
0.40326340326340326
0.4305555555555556
0.34825174825174826
0.45625
0.4662698412698413
0.4721153846153846
0.3655913978494624
0.5110663983903421
0.48946444249341525
0.391677973767526
0.4473222124670764
0.38125
0.34357398873527906
0.3721311475409836
0.39820200951877316
0.46825396825396826
0.3527234267583289
0.5183290707587382
0.4470862470862471
0.32244404113732605
0.4859525899912204
0.4399788471708091
0.5158033362598771
0.4346153846153846
0.3418269230769231
0.34531993654151244
0.431026684758028
0.29491525423728815
0.376984126984127
0.32033898305084746
0.46707638279192276
0.3581730769230769
0.2776154295733489
0.3774801587301587
0.28418079096045196
0.29548022598870055
0.37071172555043524
0.4677579365079365
0.3684210526315789
0.33538146441372246
0.524941724941725
0.36586791350087666
0.3532522474881015
0.3722297602894618
0.3908653846153846
0.4803921568627451
0.5050860719874805
0.33959899749373434
0.48530076888285845
0.3855769230769231
0.3412698412698413
0.2875511396843951
0.38492063492063494
0.29296668429402434
0.40128968253968256
0.3681515616999488
0.4423076923076923
0.31041776837652035
--------------------------------
top-10
0.30303030303030304
0.46153846153846156
0.5934065934065934
0.5384615384615384
0.7333333333333333
0.7166666666666667
0.638095238095238
0.6761904761904762
0.4230769230769231
0.9532163742690059
0.5904761904761905
0.41025641025641024
0.6095238095238096
0.5384615384615384
0.9473684210526315
0.6373626373626373
0.7083333333333334
0.6583333333333333
0.9191176470588235
0.9415204678362573
0.46153846153846156
0.8161764705882353
0.5904761904761905
0.37362637362637363
0.8333333333333334
0.8235294117647058
0.8333333333333334
0.6583333333333333
0.6833333333333333
0.7583333333333333
0.5512820512820513
0.4945054945054945
0.6666666666666666
0.5512820512820513
0.6666666666666666
0.5428571428571428
0.8161764705882353
0.6916666666666667
0.65
0.5384615384615384
0.9044117647058824
0.8888888888888888
0.5523809523809524
0.5904761904761905
0.4945054945054945
0.6666666666666666
0.775
0.85
0.7583333333333333
0.2
0.5904761904761905
0.46153846153846156
0.6583333333333333
0.6285714285714286
0.3956043956043956
0.65
0.7047619047619048
0.8888888888888888
0.34615384615384615
0.8529411764705882
0.8088235294117647
0.6761904761904762
0.6476190476190476
0.7428571428571429
0.775
0.5333333333333333
0.4696969696969697
0.8161764705882353
0.675
0.43956043956043955
0.6857142857142857
0.3717948717948718
0.6703296703296703
0.5333333333333333
0.6666666666666666
0.5384615384615384
0.3076923076923077
0.8095238095238095
0.6
0.7973856209150327
0.42857142857142855
0.5714285714285714
0.8562091503267973
0.8088235294117647
0.5904761904761905
0.48717948717948717
0.5142857142857142
0.8602941176470589
0.3717948717948718
0.6263736263736264
0.7794117647058824
0.23076923076923078
0.5047619047619047
0.6153846153846154
0.5934065934065934
0.4725274725274725
0.6043956043956044
0.41025641025641024
0.7941176470588235
0.44871794871794873
--------------------------------
top-5
0.38095238095238093
0.6071428571428571
0.75
0.7777777777777778
0.8888888888888888
0.8888888888888888
0.5714285714285714
0.8333333333333334
0.42857142857142855
1.0
0.75
0.5238095238095238
0.75
0.8214285714285714
1.0
0.75
0.8611111111111112
0.5238095238095238
1.0
1.0
0.6071428571428571
0.8055555555555556
0.75
0.13333333333333333
1.0
0.8888888888888888
1.0
0.7142857142857143
0.6785714285714286
0.8888888888888888
0.47619047619047616
0.5238095238095238
0.8928571428571429
0.8214285714285714
0.75
0.5238095238095238
1.0
0.8214285714285714
0.6428571428571429
0.6785714285714286
1.0
1.0
0.47619047619047616
0.6785714285714286
0.6428571428571429
0.7777777777777778
1.0
1.0
0.9166666666666666
0.6
0.7142857142857143
0.6785714285714286
0.6785714285714286
0.9285714285714286
0.3333333333333333
0.75
0.9166666666666666
1.0
0.42857142857142855
1.0
0.8333333333333334
0.75
0.75
1.0
1.0
0.5238095238095238
0.6666666666666666
0.8888888888888888
0.75
0.5357142857142857
0.8888888888888888
0.26666666666666666
0.8214285714285714
0.4666666666666667
0.8888888888888888
0.47619047619047616
0.2
1.0
0.7142857142857143
0.6071428571428571
0.5333333333333333
0.75
0.8611111111111112
1.0
0.75
0.6785714285714286
0.6
1.0
0.42857142857142855
0.8611111111111112
0.8888888888888888
0.13333333333333333
0.47619047619047616
0.8055555555555556
0.75
0.5714285714285714
0.7142857142857143
0.3333333333333333
0.8611111111111112
0.6785714285714286

Average50: 0.39545973045441385	Count: 100
Average10: 0.6299162633032601	Count: 100
Average5: 0.7292936507936509	Count: 100
