--------------------------------
top-50
0.05580693815987934
0.22427035330261136
0.0
0.2083973374295955
0.0
0.17613927291346645
0.0
0.19508448540706605
0.25148809523809523
0.19559651817716334
0.13615819209039548
0.17972350230414746
0.10303030303030303
0.14398064125831822
0.25081585081585084
0.25992063492063494
0.10437710437710437
0.2178741406663141
0.19918074756784435
0.02564102564102564
0.21300563236047107
0.0
0.0
0.1971326164874552
0.07474747474747474
0.1971326164874552
0.05505279034690799
0.0
0.19444444444444445
0.03695324283559578
0.14761040532365396
0.0
0.0
0.0
0.09696969696969697
0.18351841028638224
0.20686123911930362
0.21249359959037378
0.17311507936507936
0.09427609427609428
0.08956228956228957
0.0
0.21505376344086022
0.20225294418842807
0.1765049678550555
0.19918074756784435
0.08552188552188553
0.0
0.058069381598793365
0.23173076923076924
0.21081349206349206
0.19508448540706605
0.0
0.07407407407407407
0.06184012066365008
0.20518244315177156
0.23638286620835536
0.18351841028638224
0.0
0.1971326164874552
0.19764464925755248
0.0
0.13208649912331968
0.0
0.23759920634920634
0.026395173453996983
0.08013468013468013
0.0
0.22321428571428573
0.21710189452124937
0.0
0.2304147465437788
0.05656108597285068
0.19196192490745637
0.0
0.06561085972850679
0.20225294418842807
0.10774410774410774
0.0
0.0
0.0
0.05656108597285068
0.24503968253968253
0.20624008461131677
0.10437710437710437
0.2339989759344598
0.0
0.21099947117927023
0.1822836661546339
0.0
0.0
0.09696969696969697
0.21710189452124937
0.10976430976430976
0.2309267793138761
0.1530550514216576
0.22633527234267584
0.20729772607086197
0.20276497695852536
0.11807909604519774
--------------------------------
top-10
0.45098039215686275
0.4853801169590643
0.5029239766081871
0.49019607843137253
0.52046783625731
0.5029239766081871
0.5032679738562091
0.47058823529411764
0.5263157894736842
0.5263157894736842
0.4083333333333333
0.46405228758169936
0.5263157894736842
0.5263157894736842
0.4853801169590643
0.4444444444444444
0.47953216374269003
0.5263157894736842
0.4411764705882353
0.38333333333333336
0.4338235294117647
0.3626373626373626
0.5029239766081871
0.47058823529411764
0.46405228758169936
0.47058823529411764
0.5263157894736842
0.4444444444444444
0.5146198830409356
0.5263157894736842
0.49673202614379086
0.43790849673202614
0.39166666666666666
0.39705882352941174
0.5263157894736842
0.4853801169590643
0.5087719298245614
0.47058823529411764
0.45098039215686275
0.4117647058823529
0.4632352941176471
0.1978021978021978
0.41911764705882354
0.46405228758169936
0.49673202614379086
0.4632352941176471
0.4117647058823529
0.5087719298245614
0.43333333333333335
0.5029239766081871
0.46405228758169936
0.49019607843137253
0.45098039215686275
0.45098039215686275
0.425
0.5228758169934641
0.4853801169590643
0.5146198830409356
0.44166666666666665
0.47058823529411764
0.47058823529411764
0.5263157894736842
0.46405228758169936
0.45751633986928103
0.5263157894736842
0.41911764705882354
0.4117647058823529
0.23076923076923078
0.5263157894736842
0.4853801169590643
0.47794117647058826
0.4853801169590643
0.5263157894736842
0.36666666666666664
0.4583333333333333
0.46405228758169936
0.46405228758169936
0.49019607843137253
0.47368421052631576
0.49673202614379086
0.4411764705882353
0.4338235294117647
0.47953216374269003
0.5263157894736842
0.46405228758169936
0.5263157894736842
0.45
0.5087719298245614
0.5087719298245614
0.4411764705882353
0.5263157894736842
0.4853801169590643
0.5087719298245614
0.46405228758169936
0.52046783625731
0.49122807017543857
0.47368421052631576
0.49122807017543857
0.5263157894736842
0.47058823529411764
--------------------------------
top-5
0.5555555555555556
0.5555555555555556
0.5555555555555556
0.5555555555555556
0.5555555555555556
0.5555555555555556
0.5555555555555556
0.5555555555555556
0.5555555555555556
0.5555555555555556
0.4444444444444444
0.4444444444444444
0.5555555555555556
0.5555555555555556
0.5555555555555556
0.5555555555555556
0.5555555555555556
0.5555555555555556
0.5555555555555556
0.5555555555555556
0.4722222222222222
0.5555555555555556
0.5555555555555556
0.5555555555555556
0.5277777777777778
0.5555555555555556
0.5555555555555556
0.4444444444444444
0.5555555555555556
0.5555555555555556
0.5555555555555556
0.42857142857142855
0.5
0.5
0.5555555555555556
0.5555555555555556
0.5555555555555556
0.5555555555555556
0.4444444444444444
0.4444444444444444
0.5555555555555556
0.19047619047619047
0.35714285714285715
0.4444444444444444
0.5555555555555556
0.5555555555555556
0.4722222222222222
0.5555555555555556
0.4722222222222222
0.5555555555555556
0.4444444444444444
0.5555555555555556
0.4444444444444444
0.4444444444444444
0.4722222222222222
0.5555555555555556
0.5555555555555556
0.5555555555555556
0.5555555555555556
0.5555555555555556
0.5555555555555556
0.5555555555555556
0.4444444444444444
0.5555555555555556
0.5555555555555556
0.5
0.4642857142857143
0.5
0.5555555555555556
0.5555555555555556
0.5555555555555556
0.5555555555555556
0.5555555555555556
0.3333333333333333
0.5555555555555556
0.4444444444444444
0.4444444444444444
0.5555555555555556
0.5555555555555556
0.5555555555555556
0.5555555555555556
0.5555555555555556
0.5555555555555556
0.5555555555555556
0.5555555555555556
0.5555555555555556
0.5555555555555556
0.5555555555555556
0.5555555555555556
0.4444444444444444
0.5555555555555556
0.5
0.5555555555555556
0.5555555555555556
0.5555555555555556
0.5555555555555556
0.5555555555555556
0.5555555555555556
0.5555555555555556
0.5555555555555556

Average50: 0.12403220675065166	Count: 100
Average10: 0.46994803562450616	Count: 100
Average5: 0.5246825396825403	Count: 100
