--------------------------------
top-50
0.24195804195804196
0.2397105382180009
0.2840210711150132
0.2168164992067689
0.38670284938941657
0.3569539925965098
0.3482142857142857
0.24319578577699735
0.2804774083546462
0.3349429323968393
0.2918269230769231
0.2321523003701745
0.2304147465437788
0.3469945355191257
0.36861167002012074
0.2757936507936508
0.31233998975934457
0.2371031746031746
0.4162754303599374
0.4358148893360161
0.2231623479640402
0.2786885245901639
0.28125
0.3317972350230415
0.2744579587519831
0.2739375320020481
0.3308531746031746
0.3556935817805383
0.37757800105764144
0.36706349206349204
0.22033898305084745
0.31635610766045547
0.33034953111679455
0.28032786885245903
0.266900790166813
0.32836438923395445
0.2830508474576271
0.23278688524590163
0.28366615463389655
0.275990675990676
0.31256830601092894
0.38402457757296465
0.2435515873015873
0.38893766461808604
0.21917007597895968
0.3585081585081585
0.35673076923076924
0.4074534161490683
0.27704918032786885
0.16094276094276094
0.3373015873015873
0.21180555555555555
0.3295774647887324
0.2642089093701997
0.25049603174603174
0.3506721215663355
0.3342379014020805
0.3968393327480246
0.26785714285714285
0.34545454545454546
0.28484848484848485
0.31299603174603174
0.3674275680421422
0.3834325396825397
0.3597612958226769
0.3641851106639839
0.2345110087045571
0.29717514124293787
0.27355769230769234
0.23502824858757063
0.23638286620835536
0.3139423076923077
0.3060041407867495
0.21840296139608673
0.37576821773485514
0.2493599590373784
0.29185867895545314
0.30480769230769234
0.26298076923076924
0.3635976129582268
0.3209325396825397
0.22718253968253968
0.3944055944055944
0.38907103825136613
0.32548076923076924
0.21481481481481482
0.3039348710990502
0.37060041407867494
0.25901639344262295
0.3061955965181772
0.384585289514867
0.35406885758998435
0.21915002560163852
0.2777777777777778
0.32668231611893583
0.25874125874125875
0.3
0.27763088313061873
0.33978174603174605
0.22171018945212492
--------------------------------
top-10
0.21818181818181817
0.21794871794871795
0.43956043956043955
0.26373626373626374
0.45098039215686275
0.4380952380952381
0.4175824175824176
0.42857142857142855
0.2564102564102564
0.44166666666666665
0.4166666666666667
0.3333333333333333
0.4632352941176471
0.42857142857142855
0.5
0.4857142857142857
0.47619047619047616
0.3619047619047619
0.5294117647058824
0.5263157894736842
0.3626373626373626
0.45714285714285713
0.38095238095238093
0.24175824175824176
0.475
0.4095238095238095
0.47058823529411764
0.4083333333333333
0.4338235294117647
0.6083333333333333
0.37142857142857144
0.4358974358974359
0.4632352941176471
0.425
0.5142857142857142
0.4090909090909091
0.4857142857142857
0.42857142857142855
0.3626373626373626
0.34615384615384615
0.475
0.43333333333333335
0.32967032967032966
0.5238095238095238
0.3181818181818182
0.4485294117647059
0.6
0.5029239766081871
0.42857142857142855
0.14545454545454545
0.3523809523809524
0.32967032967032966
0.4
0.4696969696969697
0.2
0.3333333333333333
0.4857142857142857
0.5735294117647058
0.24242424242424243
0.4264705882352941
0.41904761904761906
0.43333333333333335
0.49166666666666664
0.5686274509803921
0.5220588235294118
0.3619047619047619
0.3717948717948718
0.46153846153846156
0.4095238095238095
0.5128205128205128
0.41025641025641024
0.21212121212121213
0.4857142857142857
0.3523809523809524
0.5333333333333333
0.358974358974359
0.16666666666666666
0.42857142857142855
0.44871794871794873
0.4852941176470588
0.46153846153846156
0.4380952380952381
0.475
0.49019607843137253
0.37142857142857144
0.3956043956043956
0.2564102564102564
0.5441176470588235
0.3787878787878788
0.5384615384615384
0.5333333333333333
0.09090909090909091
0.3904761904761905
0.4857142857142857
0.45
0.3956043956043956
0.41904761904761906
0.27472527472527475
0.3717948717948718
0.3516483516483517
--------------------------------
top-5
0.26666666666666666
0.3333333333333333
0.5277777777777778
0.3333333333333333
0.5
0.4722222222222222
0.38095238095238093
0.5
0.26666666666666666
0.42857142857142855
0.4642857142857143
0.35714285714285715
0.5277777777777778
0.5357142857142857
0.5
0.4444444444444444
0.5
0.38095238095238093
0.5555555555555556
0.5555555555555556
0.3333333333333333
0.5357142857142857
0.42857142857142855
0.13333333333333333
0.5
0.5714285714285714
0.5357142857142857
0.4642857142857143
0.4642857142857143
0.5555555555555556
0.38095238095238093
0.38095238095238093
0.5357142857142857
0.4642857142857143
0.5
0.39285714285714285
0.6428571428571429
0.5238095238095238
0.42857142857142855
0.4
0.5
0.5357142857142857
0.42857142857142855
0.5
0.6190476190476191
0.4444444444444444
0.5555555555555556
0.5833333333333334
0.5
0.2
0.47619047619047616
0.38095238095238093
0.5
0.4642857142857143
0.3333333333333333
0.5714285714285714
0.5
0.5555555555555556
0.3333333333333333
0.6190476190476191
0.5
0.5714285714285714
0.5555555555555556
0.5555555555555556
0.5555555555555556
0.42857142857142855
0.5238095238095238
0.6428571428571429
0.42857142857142855
0.4444444444444444
0.5555555555555556
0.13333333333333333
0.7142857142857143
0.4
0.6666666666666666
0.38095238095238093
0.1
0.6071428571428571
0.5
0.5833333333333334
0.5357142857142857
0.4642857142857143
0.5
0.5277777777777778
0.5238095238095238
0.4642857142857143
0.5333333333333333
0.5555555555555556
0.3333333333333333
0.75
0.5555555555555556
0.1
0.47619047619047616
0.4722222222222222
0.5357142857142857
0.7142857142857143
0.39285714285714285
0.23809523809523808
0.5714285714285714
0.38095238095238093

Average50: 0.302981131289073	Count: 100
Average10: 0.411501203560801	Count: 100
Average5: 0.47076984126984134	Count: 100
