--------------------------------
top-50
0.25892857142857145
0.2465277777777778
0.3218579234972678
0.25287356321839083
0.3448275862068966
0.38504864311315923
0.3179427235534775
0.2835820895522388
0.31888111888111886
0.3885119855269109
0.32821300563236044
0.21390999415546463
0.2570621468926554
0.3264423076923077
0.4086918349429324
0.27759562841530055
0.30883130618720256
0.27547363031234
0.3794992175273865
0.3687445127304653
0.24065540194572452
0.28174603174603174
0.30670762928827444
0.33076923076923076
0.2887864823348694
0.3212121212121212
0.33954802259887007
0.2792349726775956
0.3328671328671329
0.3118279569892473
0.284037558685446
0.2168164992067689
0.25226860254083483
0.35387387387387387
0.3266769073220686
0.2986111111111111
0.24293785310734464
0.2783216783216783
0.3241167434715822
0.30201931518876207
0.3072448439978847
0.3192090395480226
0.2913752913752914
0.3402777777777778
0.23636363636363636
0.35528846153846155
0.3759920634920635
0.37115384615384617
0.2857142857142857
0.3420523138832998
0.35513608428446003
0.26865671641791045
0.31299385425812115
0.28028846153846154
0.2636968766001024
0.3120218579234973
0.328397673188789
0.37797619047619047
0.2829190904283448
0.37254901960784315
0.3351981351981352
0.2885662431941924
0.35162423178226515
0.370174510840825
0.38147497805092184
0.33365384615384613
0.24134615384615385
0.27551560021152827
0.30800542740841247
0.2440677966101695
0.2867063492063492
0.26949152542372884
0.33274802458296754
0.25721153846153844
0.23553477498538866
0.28720238095238093
0.23333333333333334
0.2440677966101695
0.29083461341525857
0.3774801587301587
0.34210526315789475
0.25550435227854584
0.41305361305361304
0.32378725891291643
0.2834479111581174
0.24920850293984623
0.2899038461538462
0.33461210571184996
0.32433489827856027
0.3132832080200501
0.3622795115332429
0.2846153846153846
0.2509920634920635
0.24547048509643482
0.29464285714285715
0.2231623479640402
0.31101190476190477
0.28827444956477216
0.34134615384615385
0.24061343204653624
--------------------------------
top-10
0.2727272727272727
0.38461538461538464
0.46153846153846156
0.4065934065934066
0.48333333333333334
0.4666666666666667
0.44761904761904764
0.4857142857142857
0.34615384615384615
0.5321637426900585
0.4
0.3333333333333333
0.41904761904761906
0.4065934065934066
0.5263157894736842
0.5054945054945055
0.4583333333333333
0.4083333333333333
0.6102941176470589
0.52046783625731
0.38461538461538464
0.5073529411764706
0.4
0.24175824175824176
0.5833333333333334
0.5147058823529411
0.5833333333333334
0.4083333333333333
0.43333333333333335
0.5083333333333333
0.47435897435897434
0.3626373626373626
0.47619047619047616
0.47435897435897434
0.4166666666666667
0.3523809523809524
0.5073529411764706
0.44166666666666665
0.4
0.4065934065934066
0.5955882352941176
0.5228758169934641
0.3619047619047619
0.4
0.3626373626373626
0.47619047619047616
0.525
0.6
0.5083333333333333
0.2
0.4
0.38461538461538464
0.4083333333333333
0.4380952380952381
0.26373626373626374
0.4
0.5142857142857142
0.5228758169934641
0.2692307692307692
0.5441176470588235
0.5
0.4857142857142857
0.45714285714285713
0.5523809523809524
0.525
0.34285714285714286
0.4393939393939394
0.5073529411764706
0.425
0.3076923076923077
0.49523809523809526
0.2948717948717949
0.5384615384615384
0.34285714285714286
0.47619047619047616
0.4065934065934066
0.23076923076923078
0.6190476190476191
0.4095238095238095
0.43137254901960786
0.2967032967032967
0.43956043956043955
0.49019607843137253
0.5
0.4
0.41025641025641024
0.3238095238095238
0.5514705882352942
0.2948717948717949
0.4945054945054945
0.47058823529411764
0.15384615384615385
0.3142857142857143
0.4835164835164835
0.46153846153846156
0.34065934065934067
0.4725274725274725
0.3333333333333333
0.4852941176470588
0.3717948717948718
--------------------------------
top-5
0.2857142857142857
0.39285714285714285
0.5357142857142857
0.4444444444444444
0.5555555555555556
0.5555555555555556
0.35714285714285715
0.5
0.3333333333333333
0.5555555555555556
0.5357142857142857
0.42857142857142855
0.5357142857142857
0.6071428571428571
0.5555555555555556
0.5357142857142857
0.5277777777777778
0.42857142857142855
0.5555555555555556
0.5555555555555556
0.39285714285714285
0.4722222222222222
0.5357142857142857
0.13333333333333333
0.5555555555555556
0.5555555555555556
0.5555555555555556
0.5
0.4642857142857143
0.5555555555555556
0.38095238095238093
0.42857142857142855
0.6785714285714286
0.6071428571428571
0.5357142857142857
0.42857142857142855
0.5555555555555556
0.6071428571428571
0.42857142857142855
0.4642857142857143
0.5555555555555556
0.5555555555555556
0.38095238095238093
0.4642857142857143
0.42857142857142855
0.4444444444444444
0.5555555555555556
0.5555555555555556
0.5833333333333334
0.6
0.5
0.4642857142857143
0.4642857142857143
0.7142857142857143
0.3333333333333333
0.5357142857142857
0.5833333333333334
0.5555555555555556
0.3333333333333333
0.5555555555555556
0.5
0.5357142857142857
0.5357142857142857
0.5555555555555556
0.5555555555555556
0.42857142857142855
0.5714285714285714
0.5555555555555556
0.5357142857142857
0.32142857142857145
0.5555555555555556
0.26666666666666666
0.6071428571428571
0.4666666666666667
0.5555555555555556
0.38095238095238093
0.2
0.5555555555555556
0.5
0.39285714285714285
0.5333333333333333
0.5357142857142857
0.5277777777777778
0.5555555555555556
0.5357142857142857
0.4642857142857143
0.6
0.5555555555555556
0.3333333333333333
0.5277777777777778
0.5555555555555556
0.13333333333333333
0.38095238095238093
0.4722222222222222
0.5357142857142857
0.47619047619047616
0.5
0.23809523809523808
0.5277777777777778
0.4642857142857143

Average50: 0.3047167504579744	Count: 100
Average10: 0.4332668231321481	Count: 100
Average5: 0.4881031746031747	Count: 100
