--------------------------------
top-20
0.7613636363636364
0.7575757575757576
0.7411764705882353
0.7396825396825397
0.7580645161290323
0.7512605042016807
0.7784090909090909
0.7575757575757576
0.7555555555555555
0.7634920634920634
0.8
0.7272727272727273
0.7476190476190476
0.7736185383244206
0.7372372372372372
0.7512605042016807
0.7611408199643493
0.7966386554621848
0.7611408199643493
0.7045454545454546
0.7537878787878788
0.9857142857142858
0.782258064516129
0.7720430107526882
0.810752688172043
0.7720430107526882
0.7714285714285715
0.7237903225806451
0.7859848484848485
0.768270944741533
0.7522281639928698
0.7298387096774194
0.9095238095238095
0.7655172413793103
0.7862903225806451
0.7507936507936508
0.7415329768270945
0.7736185383244206
0.7518939393939394
0.7548387096774194
0.717741935483871
0.9714285714285714
0.789247311827957
0.7272727272727273
0.7522281639928698
0.7575757575757576
0.7580645161290323
0.7670454545454546
0.7600806451612904
0.6793650793650794
0.7432432432432432
0.7613636363636364
0.8044354838709677
0.8043010752688172
0.7459677419354839
0.7663865546218488
0.746031746031746
0.7428571428571429
0.789247311827957
0.782258064516129
0.7664884135472371
0.8206896551724138
0.7741935483870968
0.768270944741533
0.7507936507936508
0.6856060606060606
0.7956989247311828
0.9857142857142858
0.7492063492063492
0.7611408199643493
0.7859848484848485
0.7611408199643493
0.746218487394958
0.7770114942528735
0.9142857142857143
0.7613636363636364
0.7272727272727273
0.7344537815126051
0.7546218487394958
0.8087121212121212
0.9095238095238095
0.7518939393939394
0.7666666666666667
0.7344028520499108
0.7243697478991596
0.7512605042016807
0.782258064516129
0.768270944741533
0.7462121212121212
0.9095238095238095
0.7647058823529411
0.7647058823529411
0.768270944741533
0.7632575757575758
0.7522281639928698
0.7378151260504202
0.7579831932773109
0.7333333333333333
0.7512605042016807
0.7045454545454546
--------------------------------
top-10
0.7320261437908496
0.7134502923976608
0.7660818713450293
0.7647058823529411
0.7777777777777778
0.695906432748538
0.7973856209150327
0.7712418300653595
0.7105263157894737
0.7263157894736842
0.775
0.7450980392156863
0.7421052631578947
0.7105263157894737
0.7543859649122807
0.7450980392156863
0.7251461988304093
0.7315789473684211
0.75
0.7833333333333333
0.7647058823529411
0.8571428571428571
0.7602339181286549
0.7941176470588235
0.7581699346405228
0.7941176470588235
0.7578947368421053
0.738562091503268
0.7719298245614035
0.7777777777777778
0.7189542483660131
0.7124183006535948
0.7666666666666667
0.75
0.7368421052631579
0.7368421052631579
0.7543859649122807
0.7647058823529411
0.738562091503268
0.75
0.8088235294117647
0.6923076923076923
0.75
0.7450980392156863
0.7189542483660131
0.7941176470588235
0.75
0.7660818713450293
0.7916666666666666
0.7485380116959064
0.7581699346405228
0.7843137254901961
0.7581699346405228
0.7450980392156863
0.7916666666666666
0.7973856209150327
0.7251461988304093
0.7426900584795322
0.8166666666666667
0.7941176470588235
0.7941176470588235
0.7473684210526316
0.7516339869281046
0.7450980392156863
0.7210526315789474
0.7426470588235294
0.75
0.7252747252747253
0.7210526315789474
0.6608187134502924
0.8088235294117647
0.6608187134502924
0.7578947368421053
0.7416666666666667
0.8333333333333334
0.7450980392156863
0.7450980392156863
0.7777777777777778
0.7309941520467836
0.7777777777777778
0.7720588235294118
0.75
0.7485380116959064
0.7473684210526316
0.7581699346405228
0.6684210526315789
0.825
0.7602339181286549
0.7485380116959064
0.7720588235294118
0.7777777777777778
0.7368421052631579
0.7719298245614035
0.7450980392156863
0.7134502923976608
0.7426900584795322
0.6842105263157895
0.7251461988304093
0.7421052631578947
0.738562091503268
--------------------------------
top-5
0.7777777777777778
0.7333333333333333
0.7777777777777778
0.7555555555555555
0.7555555555555555
0.6444444444444445
0.7333333333333333
0.7777777777777778
0.6444444444444445
0.6444444444444445
0.7222222222222222
0.6666666666666666
0.7777777777777778
0.6888888888888889
0.7111111111111111
0.7111111111111111
0.7333333333333333
0.7777777777777778
0.7111111111111111
0.7111111111111111
0.75
0.8333333333333334
0.7555555555555555
0.7555555555555555
0.8055555555555556
0.7555555555555555
0.7555555555555555
0.7222222222222222
0.7555555555555555
0.7555555555555555
0.6444444444444445
0.75
0.7777777777777778
0.7777777777777778
0.7555555555555555
0.6888888888888889
0.7333333333333333
0.7777777777777778
0.7222222222222222
0.7222222222222222
0.7777777777777778
0.6666666666666666
0.7142857142857143
0.6666666666666666
0.6444444444444445
0.7333333333333333
0.7222222222222222
0.7777777777777778
0.7222222222222222
0.7111111111111111
0.6944444444444444
0.7777777777777778
0.75
0.7222222222222222
0.7222222222222222
0.7333333333333333
0.7333333333333333
0.7333333333333333
0.7555555555555555
0.7555555555555555
0.7555555555555555
0.7555555555555555
0.6944444444444444
0.7555555555555555
0.7333333333333333
0.8055555555555556
0.8214285714285714
0.8571428571428571
0.7555555555555555
0.7333333333333333
0.7777777777777778
0.7333333333333333
0.7555555555555555
0.8095238095238095
0.7555555555555555
0.6944444444444444
0.6666666666666666
0.7333333333333333
0.7555555555555555
0.7111111111111111
0.7777777777777778
0.8333333333333334
0.7111111111111111
0.7777777777777778
0.7333333333333333
0.6444444444444445
0.7777777777777778
0.7555555555555555
0.7111111111111111
0.7222222222222222
0.7555555555555555
0.8055555555555556
0.7777777777777778
0.7333333333333333
0.5555555555555556
0.7555555555555555
0.7111111111111111
0.7555555555555555
0.7555555555555555
0.8055555555555556
--------------------------------
top-3
0.8
0.7333333333333333
0.8
0.7333333333333333
0.8
0.7333333333333333
0.7333333333333333
0.8
0.6
0.6
0.8
0.6
0.8
0.6
0.8
0.7333333333333333
0.7333333333333333
0.8
0.7333333333333333
0.8
0.8
0.8
0.7333333333333333
0.7333333333333333
0.8
0.7333333333333333
0.7333333333333333
0.8
0.7333333333333333
0.7333333333333333
0.7333333333333333
0.6
0.9
0.7333333333333333
0.8
0.7333333333333333
0.7333333333333333
0.8
0.7333333333333333
0.8
0.8
1.0
0.7
0.6
0.7333333333333333
0.7333333333333333
0.8
0.8
0.8
0.8
0.7
0.8
0.8
0.7
0.8
0.7333333333333333
0.7333333333333333
0.7333333333333333
0.8
0.7333333333333333
0.8
0.7333333333333333
0.7333333333333333
0.7333333333333333
0.7333333333333333
0.8
0.8
0.8
0.7333333333333333
0.7333333333333333
0.8
0.7333333333333333
0.7333333333333333
0.8
0.8
0.6
0.6
0.7333333333333333
0.7333333333333333
0.6
0.8
0.8
0.7333333333333333
0.8
0.7333333333333333
0.7333333333333333
0.8
0.7333333333333333
0.7333333333333333
0.7
0.8
0.8
0.8
0.7333333333333333
0.6
0.8
0.8
0.7333333333333333
0.7333333333333333
0.7333333333333333

Average20: 0.7710427820076856	Count: 100
Average10: 0.7526727773430559	Count: 100
Average5: 0.7388015873015874	Count: 100
Average3: 0.7503333333333331	Count: 100
