--------------------------------
top-20
0.17391304347826086
0.28
0.37318840579710144
0.3415384615384615
0.5685483870967742
0.5333333333333333
0.45073891625615764
0.31521739130434784
0.37606837606837606
0.5311827956989247
0.4985754985754986
0.31521739130434784
0.4782608695652174
0.4188034188034188
0.5913978494623656
0.39316239316239315
0.5049261083743842
0.38
0.5913978494623656
0.6524064171122995
0.3569230769230769
0.4576719576719577
0.43874643874643876
0.37606837606837606
0.4131054131054131
0.42165242165242167
0.5221674876847291
0.45566502463054187
0.5720430107526882
0.6
0.3630769230769231
0.3569230769230769
0.5423280423280423
0.4553846153846154
0.44
0.42450142450142453
0.5172413793103449
0.41
0.41133004926108374
0.3842364532019704
0.4975369458128079
0.5311827956989247
0.2924901185770751
0.567741935483871
0.36182336182336183
0.5625
0.5582010582010583
0.6367816091954023
0.37318840579710144
0.15810276679841898
0.4433497536945813
0.33
0.4781609195402299
0.25666666666666665
0.18333333333333332
0.47586206896551725
0.47883597883597884
0.6742424242424242
0.23
0.5138461538461538
0.46825396825396826
0.5213675213675214
0.5
0.6045977011494252
0.5967741935483871
0.5053763440860215
0.25666666666666665
0.43842364532019706
0.4358974358974359
0.37333333333333335
0.3333333333333333
0.335978835978836
0.44
0.3507692307692308
0.5246305418719212
0.36231884057971014
0.3418803418803419
0.4369230769230769
0.40615384615384614
0.5073891625615764
0.38746438746438744
0.4188034188034188
0.5057471264367817
0.6645161290322581
0.4804597701149425
0.39076923076923076
0.2633333333333333
0.5641025641025641
0.27898550724637683
0.4301994301994302
0.5287356321839081
0.3162393162393162
0.322463768115942
0.4444444444444444
0.5147783251231527
0.3789173789173789
0.3941798941798942
0.31333333333333335
0.41005291005291006
0.3466666666666667
--------------------------------
top-10
0.21818181818181817
0.2564102564102564
0.5054945054945055
0.32967032967032966
0.6339869281045751
0.5333333333333333
0.4835164835164835
0.4945054945054945
0.2948717948717949
0.5666666666666667
0.5416666666666666
0.42857142857142855
0.6176470588235294
0.4945054945054945
0.6544117647058824
0.580952380952381
0.5714285714285714
0.45714285714285713
0.7124183006535948
0.7631578947368421
0.42857142857142855
0.5523809523809524
0.47619047619047616
0.3076923076923077
0.6
0.5047619047619047
0.625
0.5333333333333333
0.5882352941176471
0.7333333333333333
0.4666666666666667
0.47435897435897434
0.6176470588235294
0.55
0.6095238095238096
0.42424242424242425
0.580952380952381
0.5238095238095238
0.42857142857142855
0.38461538461538464
0.6
0.5583333333333333
0.3956043956043956
0.6190476190476191
0.3333333333333333
0.6029411764705882
0.725
0.7134502923976608
0.5238095238095238
0.14545454545454545
0.44761904761904764
0.3956043956043956
0.49523809523809526
0.48484848484848486
0.2
0.3717948717948718
0.580952380952381
0.7279411764705882
0.25757575757575757
0.5808823529411765
0.5142857142857142
0.5583333333333333
0.6166666666666667
0.7516339869281046
0.6764705882352942
0.45714285714285713
0.41025641025641024
0.5274725274725275
0.5047619047619047
0.5512820512820513
0.44871794871794873
0.22727272727272727
0.580952380952381
0.44761904761904764
0.6583333333333333
0.3974358974358974
0.20512820512820512
0.5238095238095238
0.48717948717948717
0.6397058823529411
0.5
0.5333333333333333
0.6
0.673202614379085
0.4666666666666667
0.46153846153846156
0.2948717948717949
0.6985294117647058
0.3939393939393939
0.6043956043956044
0.6583333333333333
0.10606060606060606
0.4857142857142857
0.580952380952381
0.575
0.46153846153846156
0.5142857142857142
0.34065934065934067
0.41025641025641024
0.4175824175824176
--------------------------------
top-5
0.26666666666666666
0.3333333333333333
0.6944444444444444
0.3333333333333333
0.6071428571428571
0.6388888888888888
0.42857142857142855
0.6071428571428571
0.26666666666666666
0.5357142857142857
0.5714285714285714
0.4642857142857143
0.6944444444444444
0.6428571428571429
0.6666666666666666
0.6111111111111112
0.6666666666666666
0.42857142857142855
0.7777777777777778
0.7777777777777778
0.38095238095238093
0.6428571428571429
0.5357142857142857
0.13333333333333333
0.6666666666666666
0.6190476190476191
0.6428571428571429
0.5714285714285714
0.5714285714285714
0.7777777777777778
0.42857142857142855
0.42857142857142855
0.6428571428571429
0.5714285714285714
0.6666666666666666
0.5
0.75
0.5714285714285714
0.47619047619047616
0.4
0.6666666666666666
0.6428571428571429
0.47619047619047616
0.6666666666666666
0.6666666666666666
0.6111111111111112
0.7777777777777778
0.75
0.6071428571428571
0.2
0.5238095238095238
0.42857142857142855
0.6071428571428571
0.5714285714285714
0.3333333333333333
0.6190476190476191
0.6071428571428571
0.7777777777777778
0.3333333333333333
0.6666666666666666
0.6071428571428571
0.6785714285714286
0.7222222222222222
0.7777777777777778
0.7777777777777778
0.47619047619047616
0.5714285714285714
0.75
0.5357142857142857
0.6111111111111112
0.7222222222222222
0.13333333333333333
0.8214285714285714
0.4
0.8333333333333334
0.42857142857142855
0.1
0.7142857142857143
0.6071428571428571
0.75
0.6428571428571429
0.5714285714285714
0.6071428571428571
0.6944444444444444
0.5714285714285714
0.5714285714285714
0.5333333333333333
0.7777777777777778
0.38095238095238093
0.8571428571428571
0.7777777777777778
0.1
0.5238095238095238
0.6388888888888888
0.6428571428571429
0.7619047619047619
0.5
0.2857142857142857
0.6190476190476191
0.42857142857142855
--------------------------------
top-3
0.3333333333333333
0.5
0.8
0.5
0.7
0.6
0.5
0.8
0.3333333333333333
0.6666666666666666
0.6
0.3333333333333333
0.8
0.8
0.7
0.5
0.7
0.3333333333333333
0.8
0.8
0.3333333333333333
0.7
0.6
0.0
0.7
0.8
0.8
0.6
0.7
0.8
0.3333333333333333
0.6666666666666666
0.8
0.6
0.7
0.5
0.8
0.7
0.6
0.3333333333333333
0.7
0.7
0.6666666666666666
0.7
0.8
0.5
0.8
0.8
0.6
0.16666666666666666
0.6
0.3333333333333333
0.6
0.8333333333333334
0.3333333333333333
0.8
0.6
0.8
0.5
0.7
0.7
0.7
0.8
0.8
0.8
0.8333333333333334
0.8333333333333334
0.8
0.5
0.5
0.8
0.0
0.8
0.6666666666666666
0.8
0.3333333333333333
0.16666666666666666
0.7
0.8
0.8
0.8
0.6
0.7
0.8
0.7
0.5
0.8333333333333334
0.8
0.16666666666666666
0.8
0.8
0.16666666666666666
0.7
0.6
0.8
0.7
0.5
0.3333333333333333
0.8
0.6666666666666666

Average20: 0.4338504896056456	Count: 100
Average10: 0.5026917819882217	Count: 100
Average5: 0.5702936507936507	Count: 100
Average3: 0.6259999999999999	Count: 100
