--------------------------------
top-20
0.16883116883116883
0.25333333333333335
0.3630769230769231
0.07142857142857142
0.43103448275862066
0.5075268817204301
0.4700854700854701
0.2904761904761905
0.2633333333333333
0.5726495726495726
0.36
0.09486166007905138
0.36666666666666664
0.42328042328042326
0.5701149425287356
0.36231884057971014
0.5076923076923077
0.08571428571428572
0.5397849462365591
0.6150537634408603
0.22529644268774704
0.40923076923076923
0.3941798941798942
0.39901477832512317
0.2717391304347826
0.24242424242424243
0.532258064516129
0.29365079365079366
0.5264367816091954
0.5024630541871922
0.26
0.39408866995073893
0.08658008658008658
0.3115942028985507
0.36666666666666664
0.4928774928774929
0.45320197044334976
0.4672364672364672
0.36333333333333334
0.12121212121212122
0.5132275132275133
0.35185185185185186
0.21212121212121213
0.5555555555555556
0.1
0.4729064039408867
0.5075268817204301
0.5100806451612904
0.2924901185770751
0.46881720430107526
0.5230769230769231
0.2628458498023715
0.1067193675889328
0.16600790513833993
0.2904761904761905
0.45073891625615764
0.5242165242165242
0.5612903225806452
0.15151515151515152
0.40615384615384614
0.38746438746438744
0.41
0.4470899470899471
0.5147783251231527
0.4827586206896552
0.2523076923076923
0.19480519480519481
0.42153846153846153
0.49002849002849
0.3675889328063241
0.4
0.30687830687830686
0.36333333333333334
0.23376623376623376
0.4433497536945813
0.47333333333333333
0.24615384615384617
0.5678160919540229
0.37549407114624506
0.43915343915343913
0.28923076923076924
0.22857142857142856
0.6477272727272727
0.5384615384615384
0.3862433862433862
0.4482758620689655
0.1619047619047619
0.5024630541871922
0.25333333333333335
0.26877470355731226
0.4630541871921182
0.25
0.2789473684210526
0.06926406926406926
0.3630769230769231
0.10952380952380952
0.14736842105263157
0.31
0.2210144927536232
0.18947368421052632
--------------------------------
top-10
0.3333333333333333
0.4222222222222222
0.5274725274725275
0.13333333333333333
0.38095238095238093
0.44761904761904764
0.65
0.5769230769230769
0.21794871794871795
0.6691176470588235
0.4666666666666667
0.10606060606060606
0.43956043956043955
0.4175824175824176
0.6797385620915033
0.46153846153846156
0.55
0.18181818181818182
0.41904761904761906
0.6842105263157895
0.37362637362637363
0.5384615384615384
0.3076923076923077
0.2857142857142857
0.5256410256410257
0.45454545454545453
0.5333333333333333
0.15151515151515152
0.5955882352941176
0.5416666666666666
0.38461538461538464
0.3956043956043956
0.07272727272727272
0.28205128205128205
0.4857142857142857
0.575
0.34065934065934067
0.5619047619047619
0.44871794871794873
0.09090909090909091
0.6102941176470589
0.2948717948717949
0.3939393939393939
0.6176470588235294
0.35555555555555557
0.5583333333333333
0.425
0.37362637362637363
0.4358974358974359
0.34615384615384615
0.6691176470588235
0.34615384615384615
0.0
0.2545454545454545
0.36363636363636365
0.5428571428571428
0.65
0.6470588235294118
0.23636363636363636
0.47619047619047616
0.48717948717948717
0.358974358974359
0.48333333333333334
0.5882352941176471
0.4666666666666667
0.12121212121212122
0.2878787878787879
0.5583333333333333
0.6323529411764706
0.3516483516483517
0.5384615384615384
0.05454545454545454
0.45054945054945056
0.4358974358974359
0.4095238095238095
0.6583333333333333
0.01818181818181818
0.6397058823529411
0.4065934065934066
0.5142857142857142
0.32727272727272727
0.32727272727272727
0.6842105263157895
0.6842105263157895
0.3076923076923077
0.4095238095238095
0.2727272727272727
0.6571428571428571
0.3939393939393939
0.32051282051282054
0.6083333333333333
0.12121212121212122
0.5303030303030303
0.06666666666666667
0.48484848484848486
0.1111111111111111
0.15555555555555556
0.3904761904761905
0.2727272727272727
0.25757575757575757
--------------------------------
top-5
0.42857142857142855
0.42857142857142855
0.5357142857142857
0.2
0.26666666666666666
0.5357142857142857
0.6944444444444444
0.7857142857142857
0.1
0.7777777777777778
0.3333333333333333
0.06666666666666667
0.5
0.4666666666666667
0.7777777777777778
0.4642857142857143
0.5
0.2
0.3333333333333333
0.6111111111111112
0.38095238095238093
0.75
0.2
0.06666666666666667
0.7222222222222222
0.42857142857142855
0.5
0.13333333333333333
0.6785714285714286
0.6071428571428571
0.4642857142857143
0.5714285714285714
0.3
0.26666666666666666
0.5
0.6666666666666666
0.2
0.5357142857142857
0.6111111111111112
0.26666666666666666
0.6071428571428571
0.13333333333333333
0.42857142857142855
0.6388888888888888
0.47619047619047616
0.6071428571428571
0.06666666666666667
0.38095238095238093
0.5714285714285714
0.5238095238095238
0.7777777777777778
0.3333333333333333
0.0
0.3333333333333333
0.47619047619047616
0.7222222222222222
0.7777777777777778
0.6388888888888888
0.23809523809523808
0.4642857142857143
0.6071428571428571
0.5714285714285714
0.23809523809523808
0.5714285714285714
0.42857142857142855
0.0
0.4666666666666667
0.5714285714285714
0.7222222222222222
0.3333333333333333
0.6785714285714286
0.1
0.6428571428571429
0.7142857142857143
0.2857142857142857
0.6944444444444444
0.0
0.7222222222222222
0.26666666666666666
0.6785714285714286
0.4666666666666667
0.4666666666666667
0.6111111111111112
0.6111111111111112
0.06666666666666667
0.3333333333333333
0.23809523809523808
0.7777777777777778
0.47619047619047616
0.4666666666666667
0.7222222222222222
0.2
0.6785714285714286
0.13333333333333333
0.6111111111111112
0.4
0.4
0.13333333333333333
0.3333333333333333
0.26666666666666666
--------------------------------
top-3
0.5
0.6666666666666666
0.6
0.3333333333333333
0.16666666666666666
0.6666666666666666
0.8
0.8
0.0
0.8
0.16666666666666666
0.0
0.5
0.8333333333333334
0.8
0.3333333333333333
0.5
0.16666666666666666
0.3333333333333333
0.5
0.3333333333333333
0.8
0.3333333333333333
0.0
0.8
0.5
0.5
0.16666666666666666
0.8
0.7
0.3333333333333333
0.7
0.16666666666666666
0.16666666666666666
0.5
0.7
0.3333333333333333
0.6
0.5
0.16666666666666666
0.5
0.3333333333333333
0.5
0.6
0.5
0.5
0.0
0.5
0.6
0.5
0.8
0.6666666666666666
0.0
0.6666666666666666
0.5
0.8
0.8
0.6
0.0
0.3333333333333333
0.5
0.7
0.0
0.6
0.16666666666666666
0.0
0.5
0.7
0.8
1.0
0.8
0.16666666666666666
0.5
0.8
0.16666666666666666
0.8
0.0
0.8
0.3333333333333333
0.7
0.6
0.7
0.5
0.5
0.0
0.3333333333333333
0.0
0.8
0.5
0.6666666666666666
0.8
0.16666666666666666
0.8
0.3333333333333333
0.5
0.6666666666666666
0.5
0.3333333333333333
0.6666666666666666
0.5

Average20: 0.3580271463666624	Count: 100
Average10: 0.41153283214893127	Count: 100
Average5: 0.44738888888888906	Count: 100
Average3: 0.4816666666666666	Count: 100
