--------------------------------
top-20
0.5823863636363636
0.5900178253119429
0.5840336134453782
0.5912698412698413
0.5645161290322581
0.5949579831932773
0.5975378787878788
0.584280303030303
0.6031746031746031
0.6150793650793651
0.5956989247311828
0.5650623885918004
0.5976190476190476
0.606951871657754
0.6021021021021021
0.5899159663865546
0.5935828877005348
0.6420168067226891
0.5935828877005348
0.5340909090909091
0.5748106060606061
0.5380952380952381
0.5917338709677419
0.5655913978494623
0.6064516129032258
0.5655913978494623
0.6151260504201681
0.53125
0.6060606060606061
0.6087344028520499
0.5846702317290553
0.5383064516129032
0.46190476190476193
0.5448275862068965
0.5977822580645161
0.6031746031746031
0.5748663101604278
0.6051693404634582
0.5795454545454546
0.5516129032258065
0.5241935483870968
0.5238095238095238
0.5838709677419355
0.5650623885918004
0.5846702317290553
0.589126559714795
0.5645161290322581
0.5861742424242424
0.5705645161290323
0.5476190476190477
0.6006006006006006
0.5871212121212122
0.6098790322580645
0.6
0.5574596774193549
0.6100840336134454
0.5952380952380952
0.5865546218487395
0.5849462365591398
0.5907258064516129
0.5971479500891266
0.6022988505747127
0.5709677419354838
0.5962566844919787
0.6007936507936508
0.5142045454545454
0.5903225806451613
0.5380952380952381
0.6039682539682539
0.5909090909090909
0.6060606060606061
0.5909090909090909
0.5899159663865546
0.5574712643678161
0.4666666666666667
0.5833333333333334
0.5650623885918004
0.5773109243697478
0.5974789915966386
0.6297348484848485
0.46190476190476193
0.5729166666666666
0.6150793650793651
0.5677361853832442
0.5672268907563025
0.5932773109243697
0.5907258064516129
0.6024955436720143
0.5710227272727273
0.46190476190476193
0.6050420168067226
0.5971479500891266
0.6007130124777184
0.584280303030303
0.5828877005347594
0.5823529411764706
0.6042016806722689
0.5865079365079365
0.5932773109243697
0.5293560606060606
--------------------------------
top-10
0.5915032679738562
0.5994152046783626
0.6345029239766082
0.6274509803921569
0.6491228070175439
0.5994152046783626
0.6503267973856209
0.6209150326797386
0.618421052631579
0.6263157894736842
0.5916666666666667
0.6045751633986928
0.6342105263157894
0.618421052631579
0.6198830409356725
0.5947712418300654
0.6023391812865497
0.6289473684210526
0.5955882352941176
0.5833333333333334
0.5992647058823529
0.6098901098901099
0.631578947368421
0.6323529411764706
0.6111111111111112
0.6323529411764706
0.6421052631578947
0.5915032679738562
0.6432748538011696
0.652046783625731
0.6078431372549019
0.5751633986928104
0.5791666666666667
0.5735294117647058
0.631578947368421
0.6111111111111112
0.631578947368421
0.6176470588235294
0.5947712418300654
0.5808823529411765
0.6360294117647058
0.44505494505494503
0.5845588235294118
0.6045751633986928
0.6078431372549019
0.6286764705882353
0.5808823529411765
0.6374269005847953
0.6125
0.6257309941520468
0.6111111111111112
0.6372549019607843
0.6045751633986928
0.5980392156862745
0.6083333333333333
0.6601307189542484
0.6052631578947368
0.6286549707602339
0.6291666666666667
0.6323529411764706
0.6323529411764706
0.6368421052631579
0.6078431372549019
0.6013071895424836
0.6236842105263158
0.5808823529411765
0.5808823529411765
0.47802197802197804
0.6236842105263158
0.5730994152046783
0.6433823529411765
0.5730994152046783
0.6421052631578947
0.5541666666666667
0.6458333333333334
0.6045751633986928
0.6045751633986928
0.6339869281045751
0.6023391812865497
0.6372549019607843
0.6066176470588235
0.5919117647058824
0.6140350877192983
0.6368421052631579
0.6111111111111112
0.5973684210526315
0.6375
0.6345029239766082
0.6286549707602339
0.6066176470588235
0.652046783625731
0.6111111111111112
0.6403508771929824
0.6045751633986928
0.6169590643274854
0.6169590643274854
0.5789473684210527
0.6081871345029239
0.6342105263157894
0.6045751633986928
--------------------------------
top-5
0.6666666666666666
0.6444444444444445
0.6666666666666666
0.6555555555555556
0.6555555555555556
0.6
0.6444444444444445
0.6666666666666666
0.6
0.6
0.5833333333333334
0.5555555555555556
0.6666666666666666
0.6222222222222222
0.6333333333333333
0.6333333333333333
0.6444444444444445
0.6666666666666666
0.6333333333333333
0.6333333333333333
0.6111111111111112
0.6944444444444444
0.6555555555555556
0.6555555555555556
0.6666666666666666
0.6555555555555556
0.6555555555555556
0.5833333333333334
0.6555555555555556
0.6555555555555556
0.6
0.5892857142857143
0.6388888888888888
0.6388888888888888
0.6555555555555556
0.6222222222222222
0.6444444444444445
0.6666666666666666
0.5833333333333334
0.5833333333333334
0.6666666666666666
0.42857142857142855
0.5357142857142857
0.5555555555555556
0.6
0.6444444444444445
0.5972222222222222
0.6666666666666666
0.5972222222222222
0.6333333333333333
0.5694444444444444
0.6666666666666666
0.5972222222222222
0.5833333333333334
0.5972222222222222
0.6444444444444445
0.6444444444444445
0.6444444444444445
0.6555555555555556
0.6555555555555556
0.6555555555555556
0.6555555555555556
0.5694444444444444
0.6555555555555556
0.6444444444444445
0.6527777777777778
0.6428571428571429
0.6785714285714286
0.6555555555555556
0.6444444444444445
0.6666666666666666
0.6444444444444445
0.6555555555555556
0.5714285714285714
0.6555555555555556
0.5694444444444444
0.5555555555555556
0.6444444444444445
0.6555555555555556
0.6333333333333333
0.6666666666666666
0.6944444444444444
0.6333333333333333
0.6666666666666666
0.6444444444444445
0.6
0.6666666666666666
0.6555555555555556
0.6333333333333333
0.5833333333333334
0.6555555555555556
0.6527777777777778
0.6666666666666666
0.6444444444444445
0.5555555555555556
0.6555555555555556
0.6333333333333333
0.6555555555555556
0.6555555555555556
0.6805555555555556
--------------------------------
top-3
0.7
0.6666666666666666
0.7
0.6666666666666666
0.7
0.6666666666666666
0.6666666666666666
0.7
0.6
0.6
0.7
0.6
0.7
0.6
0.7
0.6666666666666666
0.6666666666666666
0.7
0.6666666666666666
0.7
0.65
0.7
0.6666666666666666
0.6666666666666666
0.7
0.6666666666666666
0.6666666666666666
0.6
0.6666666666666666
0.6666666666666666
0.6666666666666666
0.5
0.75
0.6666666666666666
0.7
0.6666666666666666
0.6666666666666666
0.7
0.6666666666666666
0.6
0.7
0.75
0.55
0.6
0.6666666666666666
0.6666666666666666
0.7
0.7
0.7
0.7
0.55
0.7
0.6
0.55
0.7
0.6666666666666666
0.6666666666666666
0.6666666666666666
0.7
0.6666666666666666
0.7
0.6666666666666666
0.6666666666666666
0.6666666666666666
0.6666666666666666
0.7
0.65
0.7
0.6666666666666666
0.6666666666666666
0.7
0.6666666666666666
0.6666666666666666
0.7
0.7
0.5
0.6
0.6666666666666666
0.6666666666666666
0.6
0.7
0.7
0.6666666666666666
0.7
0.6666666666666666
0.6666666666666666
0.7
0.6666666666666666
0.6666666666666666
0.55
0.7
0.7
0.7
0.6666666666666666
0.6
0.7
0.7
0.6666666666666666
0.6666666666666666
0.6666666666666666

Average20: 0.5787436485426575	Count: 100
Average10: 0.6113104064837814	Count: 100
Average5: 0.631742063492064	Count: 100
Average3: 0.6646666666666668	Count: 100
