--------------------------------
top-20
0.1956521739130435
0.3261538461538461
0.39492753623188404
0.38769230769230767
0.7016129032258065
0.6367816091954023
0.5394088669950738
0.33695652173913043
0.4358974358974359
0.6494623655913978
0.5584045584045584
0.33695652173913043
0.5
0.47863247863247865
0.7096774193548387
0.452991452991453
0.5935960591133005
0.41333333333333333
0.7096774193548387
0.8146167557932263
0.40307692307692305
0.5317460317460317
0.4985754985754986
0.4358974358974359
0.47293447293447294
0.48148148148148145
0.6108374384236454
0.5443349753694581
0.6903225806451613
0.7182795698924731
0.40923076923076923
0.40307692307692305
0.6164021164021164
0.5015384615384615
0.47333333333333333
0.4843304843304843
0.6059113300492611
0.44333333333333336
0.5
0.4729064039408867
0.5862068965517241
0.6494623655913978
0.30434782608695654
0.6860215053763441
0.42165242165242167
0.6955645161290323
0.6322751322751323
0.7402298850574712
0.39492753623188404
0.16996047430830039
0.5320197044334976
0.36333333333333334
0.5816091954022988
0.29
0.21666666666666667
0.5793103448275863
0.5529100529100529
0.821969696969697
0.2633333333333333
0.56
0.5423280423280423
0.5811965811965812
0.5886699507389163
0.7080459770114943
0.7298387096774194
0.6236559139784946
0.29
0.5270935960591133
0.49572649572649574
0.4066666666666667
0.35507246376811596
0.41005291005291006
0.48615384615384616
0.39692307692307693
0.6133004926108374
0.38405797101449274
0.4017094017094017
0.48307692307692307
0.4523076923076923
0.5960591133004927
0.4472934472934473
0.47863247863247865
0.6091954022988506
0.7827956989247312
0.5839080459770115
0.4369230769230769
0.2966666666666667
0.6239316239316239
0.3007246376811594
0.49002849002849
0.632183908045977
0.37606837606837606
0.3442028985507246
0.5042735042735043
0.603448275862069
0.43874643874643876
0.46825396825396826
0.3466666666666667
0.48412698412698413
0.38
--------------------------------
top-10
0.21818181818181817
0.2948717948717949
0.5714285714285714
0.3956043956043956
0.8169934640522876
0.6285714285714286
0.5494505494505495
0.5604395604395604
0.3333333333333333
0.6916666666666667
0.6666666666666666
0.5238095238095238
0.7720588235294118
0.5604395604395604
0.8088235294117647
0.6761904761904762
0.6666666666666666
0.5523809523809524
0.8954248366013072
1.0
0.4945054945054945
0.6476190476190476
0.5714285714285714
0.37362637362637363
0.725
0.6
0.7794117647058824
0.6583333333333333
0.7426470588235294
0.8583333333333333
0.5619047619047619
0.5128205128205128
0.7720588235294118
0.675
0.7047619047619048
0.4393939393939394
0.6761904761904762
0.6190476190476191
0.4945054945054945
0.4230769230769231
0.725
0.6833333333333333
0.46153846153846156
0.7142857142857143
0.3484848484848485
0.7573529411764706
0.85
0.9239766081871345
0.6190476190476191
0.14545454545454545
0.5428571428571428
0.46153846153846156
0.5904761904761905
0.5
0.2
0.41025641025641024
0.6761904761904762
0.8823529411764706
0.2727272727272727
0.7352941176470589
0.6095238095238096
0.6833333333333333
0.7416666666666667
0.934640522875817
0.8308823529411765
0.5523809523809524
0.44871794871794873
0.5934065934065934
0.6
0.5897435897435898
0.48717948717948717
0.24242424242424243
0.6761904761904762
0.5428571428571428
0.7833333333333333
0.4358974358974359
0.24358974358974358
0.6190476190476191
0.5256410256410257
0.7941176470588235
0.5384615384615384
0.6285714285714286
0.725
0.8562091503267973
0.5619047619047619
0.5274725274725275
0.3333333333333333
0.8529411764705882
0.4090909090909091
0.6703296703296703
0.7833333333333333
0.12121212121212122
0.580952380952381
0.6761904761904762
0.7
0.5274725274725275
0.6095238095238096
0.4065934065934066
0.44871794871794873
0.4835164835164835
--------------------------------
top-5
0.26666666666666666
0.3333333333333333
0.8611111111111112
0.3333333333333333
0.7142857142857143
0.8055555555555556
0.47619047619047616
0.7142857142857143
0.26666666666666666
0.6428571428571429
0.6785714285714286
0.5714285714285714
0.8611111111111112
0.75
0.8333333333333334
0.7777777777777778
0.8333333333333334
0.47619047619047616
1.0
1.0
0.42857142857142855
0.75
0.6428571428571429
0.13333333333333333
0.8333333333333334
0.6666666666666666
0.75
0.6785714285714286
0.6785714285714286
1.0
0.47619047619047616
0.47619047619047616
0.75
0.6785714285714286
0.8333333333333334
0.6071428571428571
0.8571428571428571
0.6190476190476191
0.5238095238095238
0.4
0.8333333333333334
0.75
0.5238095238095238
0.8333333333333334
0.7142857142857143
0.7777777777777778
1.0
0.9166666666666666
0.7142857142857143
0.2
0.5714285714285714
0.47619047619047616
0.7142857142857143
0.6785714285714286
0.3333333333333333
0.6666666666666666
0.7142857142857143
1.0
0.3333333333333333
0.7142857142857143
0.7142857142857143
0.7857142857142857
0.8888888888888888
1.0
1.0
0.5238095238095238
0.6190476190476191
0.8571428571428571
0.6428571428571429
0.7777777777777778
0.8888888888888888
0.13333333333333333
0.9285714285714286
0.4
1.0
0.47619047619047616
0.1
0.8214285714285714
0.7142857142857143
0.9166666666666666
0.75
0.6785714285714286
0.7142857142857143
0.8611111111111112
0.6190476190476191
0.6785714285714286
0.5333333333333333
1.0
0.42857142857142855
0.9642857142857143
1.0
0.1
0.5714285714285714
0.8055555555555556
0.75
0.8095238095238095
0.6071428571428571
0.3333333333333333
0.6666666666666666
0.47619047619047616
--------------------------------
top-3
0.3333333333333333
0.5
1.0
0.5
0.8
0.7
0.6
1.0
0.3333333333333333
0.6666666666666666
0.7
0.3333333333333333
1.0
0.9
0.8
0.6
0.8
0.3333333333333333
1.0
1.0
0.3333333333333333
0.8
0.7
0.0
0.8
0.9
0.9
0.7
0.8
1.0
0.3333333333333333
0.6666666666666666
1.0
0.7
0.8
0.5
1.0
0.8
0.7
0.3333333333333333
0.8
0.8
0.6666666666666666
0.8
0.9
0.6
1.0
1.0
0.7
0.16666666666666666
0.7
0.3333333333333333
0.7
0.8333333333333334
0.3333333333333333
0.9
0.7
1.0
0.5
0.8
0.8
0.8
1.0
1.0
1.0
0.8333333333333334
0.8333333333333334
1.0
0.6
0.6
1.0
0.0
1.0
0.6666666666666666
1.0
0.3333333333333333
0.16666666666666666
0.8
1.0
1.0
1.0
0.7
0.8
1.0
0.8
0.6
0.8333333333333334
1.0
0.16666666666666666
1.0
1.0
0.16666666666666666
0.8
0.7
0.9
0.8
0.5
0.3333333333333333
0.9
0.6666666666666666

Average20: 0.5021178842902101	Count: 100
Average10: 0.5938823604156425	Count: 100
Average5: 0.6698174603174606	Count: 100
Average3: 0.7200000000000003	Count: 100
