--------------------------------
top-20
0.6222222222222222
0.5634615384615385
0.6120107962213225
NaN
0.6261808367071525
0.5655172413793104
0.6139112903225806
0.5873015873015873
0.5917678812415654
0.6102564102564103
0.6088193456614509
0.5512091038406828
0.6241565452091767
0.6120107962213225
0.5931721194879089
0.6302294197031039
0.5931721194879089
0.5
0.4601139601139601
0.6059379217273954
0.624731182795699
0.584873949579832
0.5757575757575758
0.5918003565062389
0.6352941176470588
0.5918003565062389
0.5079365079365079
0.6052631578947368
0.5387096774193548
0.610897435897436
0.5568990042674253
0.6071428571428571
0.4583333333333333
0.5674763832658569
0.5983193277310924
0.6089015151515151
0.5743589743589743
0.5870967741935483
0.6256410256410256
0.5568990042674253
0.6262820512820513
0.53125
0.5888888888888889
0.5512091038406828
0.4777777777777778
0.5578817733990148
0.6186186186186187
0.5582010582010583
0.6404761904761904
0.5957661290322581
0.6180654338549075
0.6225806451612903
0.5877192982456141
0.6222222222222222
0.5831932773109244
0.6108870967741935
0.5917678812415654
0.5931721194879089
0.623015873015873
0.4621212121212121
0.6285714285714286
0.6052631578947368
0.5860215053763441
0.6102564102564103
0.5988620199146515
0.5953058321479374
0.60099573257468
0.5293560606060606
0.606612685560054
0.5512091038406828
0.5427807486631016
0.5512091038406828
0.6269230769230769
0.5419354838709678
0.5955128205128205
0.6142857142857143
0.5512091038406828
0.6089015151515151
0.6133603238866396
0.6019230769230769
0.5743589743589743
0.5988505747126437
0.5988620199146515
0.617948717948718
0.6261808367071525
0.5588235294117647
0.6222222222222222
0.6298798798798799
0.6288798920377868
0.5568990042674253
0.6306306306306306
0.5763546798029556
0.6096096096096096
0.4444444444444444
0.5803698435277382
0.4444444444444444
0.4444444444444444
0.6261808367071525
0.4621212121212121
0.6275641025641026
--------------------------------
top-10
0.6549707602339181
0.5894736842105263
0.6131578947368421
NaN
0.6342105263157894
0.6360294117647058
0.6026315789473684
0.5555555555555556
0.5921052631578947
0.5921052631578947
0.6257309941520468
0.5263157894736842
0.631578947368421
0.6131578947368421
0.5815789473684211
0.6394736842105263
0.5815789473684211
0.5
0.5384615384615384
0.5815789473684211
0.6491228070175439
0.6213235294117647
0.6078431372549019
0.6013071895424836
0.6421052631578947
0.6013071895424836
0.5904761904761905
0.5684210526315789
0.5784313725490197
0.5973684210526315
0.5263157894736842
0.631578947368421
0.4583333333333333
0.5263157894736842
0.6078431372549019
0.6157894736842106
0.5263157894736842
0.6228070175438597
0.631578947368421
0.5263157894736842
0.631578947368421
0.5439560439560439
0.5955882352941176
0.5263157894736842
0.4777777777777778
0.5877192982456141
0.6257309941520468
0.5845588235294118
0.6374269005847953
0.5326797385620915
0.6157894736842106
0.6491228070175439
0.5894736842105263
0.6549707602339181
0.6333333333333333
0.6026315789473684
0.5921052631578947
0.5815789473684211
0.6578947368421053
0.5909090909090909
0.6403508771929824
0.5684210526315789
0.5964912280701754
0.6026315789473684
0.5894736842105263
0.5894736842105263
0.6111111111111112
0.4835164835164835
0.618421052631579
0.5263157894736842
0.5698529411764706
0.5263157894736842
0.6368421052631579
0.5857142857142857
0.55
0.6143790849673203
0.5263157894736842
0.6157894736842106
0.618421052631579
0.5894736842105263
0.5263157894736842
0.6491228070175439
0.5921052631578947
0.6263157894736842
0.6342105263157894
0.6169590643274854
0.6549707602339181
0.6289473684210526
0.6447368421052632
0.5263157894736842
0.6368421052631579
0.6139705882352942
0.6286549707602339
0.4444444444444444
0.5730994152046783
0.4444444444444444
0.4444444444444444
0.6342105263157894
0.6212121212121212
0.631578947368421
--------------------------------
top-5
0.6555555555555556
0.6
0.6
NaN
0.6555555555555556
0.6555555555555556
0.6222222222222222
0.625
0.5555555555555556
0.5555555555555556
0.6555555555555556
0.5555555555555556
0.6555555555555556
0.6
0.5555555555555556
0.6555555555555556
0.5555555555555556
0.5
0.5535714285714286
0.5555555555555556
0.6666666666666666
0.6666666666666666
0.6444444444444445
0.6805555555555556
0.6666666666666666
0.6805555555555556
0.5892857142857143
0.5555555555555556
0.6555555555555556
0.6222222222222222
0.5555555555555556
0.6444444444444445
0.5892857142857143
0.5555555555555556
0.6444444444444445
0.5555555555555556
0.5555555555555556
0.6666666666666666
0.6555555555555556
0.5555555555555556
0.6333333333333333
0.6805555555555556
0.5555555555555556
0.5555555555555556
0.5
0.6444444444444445
0.6555555555555556
0.6444444444444445
0.6333333333333333
0.5
0.6555555555555556
0.6555555555555556
0.5555555555555556
0.6555555555555556
0.6111111111111112
0.6333333333333333
0.5555555555555556
0.5555555555555556
0.6666666666666666
0.6805555555555556
0.6333333333333333
0.5555555555555556
0.6333333333333333
0.5555555555555556
0.5555555555555556
0.6
0.6666666666666666
0.5357142857142857
0.6222222222222222
0.5555555555555556
0.6666666666666666
0.5555555555555556
0.6444444444444445
0.6944444444444444
0.5555555555555556
0.6444444444444445
0.5555555555555556
0.5555555555555556
0.6222222222222222
0.5555555555555556
0.5555555555555556
0.6555555555555556
0.5555555555555556
0.6222222222222222
0.6555555555555556
0.6666666666666666
0.6666666666666666
0.6333333333333333
0.6666666666666666
0.5555555555555556
0.6333333333333333
0.6222222222222222
0.6666666666666666
0.5666666666666667
0.5555555555555556
0.43333333333333335
0.5666666666666667
0.6555555555555556
0.6805555555555556
0.6333333333333333
--------------------------------
top-3
0.6666666666666666
0.6
0.6
NaN
0.7
0.6666666666666666
0.6666666666666666
0.7
0.6
0.6
0.7
0.6
0.6666666666666666
0.6
0.6
0.7
0.6
0.5
0.75
0.6
0.7
0.7
0.6666666666666666
0.6666666666666666
0.7
0.6666666666666666
0.6
0.6
0.6666666666666666
0.6
0.6
0.6666666666666666
0.7
0.6
0.6666666666666666
0.6
0.6
0.7
0.7
0.6
0.6666666666666666
0.6666666666666666
0.6
0.6
0.7
0.6666666666666666
0.6666666666666666
0.6666666666666666
0.6666666666666666
0.4166666666666667
0.6666666666666666
0.6666666666666666
0.6
0.7
0.6
0.7
0.6
0.6
0.7
0.7
0.6666666666666666
0.6
0.6666666666666666
0.6
0.6
0.6
0.7
0.55
0.6666666666666666
0.6
0.7
0.6
0.6666666666666666
0.7
0.6
0.6666666666666666
0.6
0.6
0.6666666666666666
0.6
0.6
0.7
0.6
0.6666666666666666
0.7
0.6666666666666666
0.7
0.7
0.7
0.6
0.6
0.6
0.7
0.6
0.6
0.5
0.5833333333333334
0.6666666666666666
0.7
0.7

Average20: 0.5824267182647656	Count: 99
Average10: 0.5895348563293492	Count: 99
Average5: 0.6082050665384001	Count: 99
Average3: 0.6414141414141421	Count: 99
