--------------------------------
top-20
0.10526315789473684
0.2318840579710145
0.4311594202898551
0.1225296442687747
0.5149425287356322
0.5264367816091954
0.5024630541871922
0.29523809523809524
0.27384615384615385
0.45517241379310347
0.4307692307692308
0.16205533596837945
0.39492753623188404
0.5185185185185185
0.5609195402298851
0.3952569169960474
0.4033333333333333
0.1976284584980237
0.5126436781609195
0.6621848739495798
0.2490118577075099
0.36666666666666664
0.4852216748768473
0.4729064039408867
0.2572463768115942
0.2
0.4781609195402299
0.3333333333333333
0.5908045977011495
0.5264367816091954
0.31339031339031337
0.4470899470899471
0.1341991341991342
0.2608695652173913
0.4743083003952569
0.42592592592592593
0.41595441595441596
0.38768115942028986
0.3076923076923077
0.15810276679841898
0.41025641025641024
0.43842364532019706
0.22380952380952382
0.5582010582010583
0.12105263157894737
0.5492610837438424
0.4131054131054131
0.5118279569892473
0.3007246376811594
0.35144927536231885
0.5507692307692308
0.22529644268774704
0.2923076923076923
0.11688311688311688
0.1645021645021645
0.47096774193548385
0.4656084656084656
0.6306818181818182
0.1380952380952381
0.36231884057971014
0.35
0.39384615384615385
0.5467980295566502
0.5724137931034483
0.5494252873563218
0.4206896551724138
0.13852813852813853
0.25
0.6159420289855072
0.31521739130434784
0.2987012987012987
0.3399014778325123
0.34
0.2015810276679842
0.4039408866995074
0.30434782608695654
0.32763532763532766
0.46798029556650245
0.33992094861660077
0.3507692307692308
0.26153846153846155
0.2134387351778656
0.5126436781609195
0.5866935483870968
0.4528735632183908
0.44
0.11052631578947368
0.4852216748768473
0.31076923076923074
0.26
0.46296296296296297
0.4314516129032258
0.21904761904761905
0.15019762845849802
0.4827586206896552
0.13438735177865613
0.11904761904761904
0.31225296442687744
0.19666666666666666
0.16017316017316016
--------------------------------
top-10
0.16363636363636364
0.38181818181818183
0.6583333333333333
0.14545454545454545
0.5666666666666667
0.6190476190476191
0.6
0.6263736263736264
0.23076923076923078
0.46153846153846156
0.5808823529411765
0.1794871794871795
0.5047619047619047
0.6583333333333333
0.5882352941176471
0.43956043956043955
0.4065934065934066
0.2878787878787879
0.4725274725274725
0.695906432748538
0.21818181818181817
0.46153846153846156
0.41904761904761906
0.44166666666666665
0.4696969696969697
0.42424242424242425
0.5583333333333333
0.19696969696969696
0.7058823529411765
0.6416666666666667
0.3626373626373626
0.5619047619047619
0.07272727272727272
0.2692307692307692
0.6095238095238096
0.5238095238095238
0.49523809523809526
0.4725274725274725
0.36363636363636365
0.12727272727272726
0.3717948717948718
0.28205128205128205
0.48484848484848486
0.6029411764705882
0.25757575757575757
0.6274509803921569
0.4945054945054945
0.4380952380952381
0.3717948717948718
0.34065934065934067
0.7124183006535948
0.21818181818181817
0.10606060606060606
0.2545454545454545
0.3333333333333333
0.47619047619047616
0.5274725274725275
0.6993464052287581
0.21818181818181817
0.41904761904761906
0.4065934065934066
0.44761904761904764
0.6397058823529411
0.6764705882352942
0.5916666666666667
0.3076923076923077
0.32727272727272727
0.24242424242424243
0.6617647058823529
0.32051282051282054
0.4393939393939394
0.07272727272727272
0.5384615384615384
0.24358974358974358
0.32051282051282054
0.3076923076923077
0.07575757575757576
0.5428571428571428
0.2967032967032967
0.5303030303030303
0.36363636363636365
0.13636363636363635
0.42857142857142855
0.6666666666666666
0.3904761904761905
0.4666666666666667
0.26666666666666666
0.6285714285714286
0.4090909090909091
0.30303030303030304
0.6
0.13636363636363635
0.5303030303030303
0.15151515151515152
0.5583333333333333
0.07272727272727272
0.1111111111111111
0.43956043956043955
0.2727272727272727
0.21212121212121213
--------------------------------
top-5
0.26666666666666666
0.5238095238095238
0.7222222222222222
0.2
0.6111111111111112
0.6071428571428571
0.6785714285714286
0.7222222222222222
0.2
0.6190476190476191
0.5
0.06666666666666667
0.5357142857142857
0.7777777777777778
0.5357142857142857
0.42857142857142855
0.42857142857142855
0.26666666666666666
0.42857142857142855
0.6666666666666666
0.13333333333333333
0.6428571428571429
0.38095238095238093
0.23809523809523808
0.6388888888888888
0.42857142857142855
0.6666666666666666
0.2
0.7777777777777778
0.6666666666666666
0.3333333333333333
0.47619047619047616
0.2
0.2
0.6111111111111112
0.4642857142857143
0.42857142857142855
0.6190476190476191
0.5
0.26666666666666666
0.42857142857142855
0.4
0.6111111111111112
0.5
0.47619047619047616
0.6111111111111112
0.5357142857142857
0.42857142857142855
0.5
0.2
0.7777777777777778
0.13333333333333333
0.13333333333333333
0.5333333333333333
0.5714285714285714
0.5238095238095238
0.5714285714285714
0.7777777777777778
0.4666666666666667
0.42857142857142855
0.5714285714285714
0.5714285714285714
0.7777777777777778
0.7222222222222222
0.7222222222222222
0.2
0.4666666666666667
0.2857142857142857
0.7777777777777778
0.4
0.5714285714285714
0.1
0.6111111111111112
0.06666666666666667
0.3333333333333333
0.13333333333333333
0.0
0.6944444444444444
0.13333333333333333
0.75
0.42857142857142855
0.06666666666666667
0.42857142857142855
0.6944444444444444
0.2
0.5
0.2857142857142857
0.7777777777777778
0.5238095238095238
0.4
0.7222222222222222
0.2
0.75
0.13333333333333333
0.5714285714285714
0.13333333333333333
0.4
0.23809523809523808
0.6666666666666666
0.2
--------------------------------
top-3
0.5
0.5
0.8
0.3333333333333333
0.5
0.6
0.8
0.9
0.16666666666666666
0.6
0.5
0.0
0.5
0.8
0.6
0.16666666666666666
0.16666666666666666
0.16666666666666666
0.5
0.7
0.0
0.8
0.3333333333333333
0.0
0.6
0.16666666666666666
0.7
0.16666666666666666
0.8
0.7
0.3333333333333333
0.6666666666666666
0.16666666666666666
0.16666666666666666
0.5
0.3333333333333333
0.3333333333333333
0.8
0.5
0.16666666666666666
0.6666666666666666
0.3333333333333333
0.5
0.5
0.3333333333333333
0.5
0.6
0.5
0.5
0.16666666666666666
0.8
0.0
0.16666666666666666
0.7
0.7
1.0
0.5
0.8
0.5
0.5
0.6
0.7
0.8
0.8
0.8
0.6666666666666666
0.6666666666666666
0.16666666666666666
0.8
0.5
0.8
0.16666666666666666
0.5
0.0
0.3333333333333333
0.16666666666666666
0.0
0.8
0.16666666666666666
0.8
0.5
0.0
0.6666666666666666
0.8
0.3333333333333333
0.5
0.16666666666666666
0.8
0.5
0.8333333333333334
0.8
0.16666666666666666
0.8
0.3333333333333333
0.7
0.3333333333333333
0.5
0.0
0.7
0.16666666666666666

Average20: 0.36108007777861284	Count: 100
Average10: 0.4103425844021819	Count: 100
Average5: 0.4547698412698413	Count: 100
Average3: 0.48133333333333306	Count: 100
