--------------------------------
top-20
0.35
0.33201581027667987
0.4973544973544973
0.33666666666666667
0.6688172043010753
0.6009852216748769
0.5264550264550265
0.47384615384615386
0.4415954415954416
0.7462365591397849
0.5079365079365079
0.3115942028985507
0.5185185185185185
0.4894179894179894
0.6896551724137931
0.49230769230769234
0.6153846153846154
0.47863247863247865
0.7139784946236559
0.7483870967741936
0.36923076923076925
0.6231527093596059
0.47293447293447294
0.5126436781609195
0.5466666666666666
0.6903225806451613
0.6349206349206349
0.49538461538461537
0.6817204301075269
0.5754985754985755
0.34782608695652173
0.41846153846153844
0.4369230769230769
0.46825396825396826
0.5185185185185185
0.47883597883597884
0.6216931216931217
0.5640394088669951
0.5714285714285714
0.41333333333333333
0.6773399014778325
0.6330049261083743
0.47384615384615386
0.6022988505747127
0.4676923076923077
0.6512096774193549
0.7118279569892473
0.7118279569892473
0.5230769230769231
0.28
0.5467980295566502
0.4301994301994302
0.5609195402298851
0.4166666666666667
0.3466666666666667
0.5492610837438424
0.6009852216748769
0.7560483870967742
0.4126984126984127
0.6625615763546798
0.6459770114942529
0.5213675213675214
0.5862068965517241
0.6045977011494252
0.6413793103448275
0.5123152709359606
0.38
0.5661375661375662
0.5669515669515669
0.38
0.5158730158730159
0.38746438746438744
0.5839080459770115
0.38769230769230767
0.41
0.5270935960591133
0.42857142857142855
0.5230769230769231
0.4523076923076923
0.7661290322580645
0.47883597883597884
0.4444444444444444
0.7315270935960592
0.5960591133004927
0.5052910052910053
0.3804347826086957
0.4415954415954416
0.6507936507936508
0.3261538461538461
0.5816091954022988
0.6623655913978495
0.358974358974359
0.4676923076923077
0.4
0.4700854700854701
0.31333333333333335
0.4928774928774929
0.4576719576719577
0.6600985221674877
0.39384615384615385
--------------------------------
top-10
0.30303030303030304
0.46153846153846156
0.5934065934065934
0.5384615384615384
0.7333333333333333
0.7166666666666667
0.638095238095238
0.6761904761904762
0.4230769230769231
0.9532163742690059
0.5904761904761905
0.41025641025641024
0.6095238095238096
0.5384615384615384
0.9473684210526315
0.6373626373626373
0.7083333333333334
0.6583333333333333
0.9191176470588235
0.9415204678362573
0.46153846153846156
0.8161764705882353
0.5904761904761905
0.37362637362637363
0.8333333333333334
0.8235294117647058
0.8333333333333334
0.6583333333333333
0.6833333333333333
0.7583333333333333
0.5512820512820513
0.4945054945054945
0.6666666666666666
0.5512820512820513
0.6666666666666666
0.5428571428571428
0.8161764705882353
0.6916666666666667
0.65
0.5384615384615384
0.9044117647058824
0.8888888888888888
0.5523809523809524
0.5904761904761905
0.4945054945054945
0.6666666666666666
0.775
0.85
0.7583333333333333
0.2
0.5904761904761905
0.46153846153846156
0.6583333333333333
0.6285714285714286
0.3956043956043956
0.65
0.7047619047619048
0.8888888888888888
0.34615384615384615
0.8529411764705882
0.8088235294117647
0.6761904761904762
0.6476190476190476
0.7428571428571429
0.775
0.5333333333333333
0.4696969696969697
0.8161764705882353
0.675
0.43956043956043955
0.6857142857142857
0.3717948717948718
0.6703296703296703
0.5333333333333333
0.6666666666666666
0.5384615384615384
0.3076923076923077
0.8095238095238095
0.6
0.7973856209150327
0.42857142857142855
0.5714285714285714
0.8562091503267973
0.8088235294117647
0.5904761904761905
0.48717948717948717
0.5142857142857142
0.8602941176470589
0.3717948717948718
0.6263736263736264
0.7794117647058824
0.23076923076923078
0.5047619047619047
0.6153846153846154
0.5934065934065934
0.4725274725274725
0.6043956043956044
0.41025641025641024
0.7941176470588235
0.44871794871794873
--------------------------------
top-5
0.38095238095238093
0.6071428571428571
0.75
0.7777777777777778
0.8888888888888888
0.8888888888888888
0.5714285714285714
0.8333333333333334
0.42857142857142855
1.0
0.75
0.5238095238095238
0.75
0.8214285714285714
1.0
0.75
0.8611111111111112
0.5238095238095238
1.0
1.0
0.6071428571428571
0.8055555555555556
0.75
0.13333333333333333
1.0
0.8888888888888888
1.0
0.7142857142857143
0.6785714285714286
0.8888888888888888
0.47619047619047616
0.5238095238095238
0.8928571428571429
0.8214285714285714
0.75
0.5238095238095238
1.0
0.8214285714285714
0.6428571428571429
0.6785714285714286
1.0
1.0
0.47619047619047616
0.6785714285714286
0.6428571428571429
0.7777777777777778
1.0
1.0
0.9166666666666666
0.6
0.7142857142857143
0.6785714285714286
0.6785714285714286
0.9285714285714286
0.3333333333333333
0.75
0.9166666666666666
1.0
0.42857142857142855
1.0
0.8333333333333334
0.75
0.75
1.0
1.0
0.5238095238095238
0.6666666666666666
0.8888888888888888
0.75
0.5357142857142857
0.8888888888888888
0.26666666666666666
0.8214285714285714
0.4666666666666667
0.8888888888888888
0.47619047619047616
0.2
1.0
0.7142857142857143
0.6071428571428571
0.5333333333333333
0.75
0.8611111111111112
1.0
0.75
0.6785714285714286
0.6
1.0
0.42857142857142855
0.8611111111111112
0.8888888888888888
0.13333333333333333
0.47619047619047616
0.8055555555555556
0.75
0.5714285714285714
0.7142857142857143
0.3333333333333333
0.8611111111111112
0.6785714285714286
--------------------------------
top-3
0.6666666666666666
0.5
1.0
0.6
1.0
1.0
0.3333333333333333
0.8
0.3333333333333333
1.0
1.0
0.6
1.0
1.0
1.0
0.9
0.9
0.7
1.0
1.0
0.5
0.7
0.8
0.0
1.0
1.0
1.0
0.8
0.8
1.0
0.5
0.6
1.0
0.8
0.8
0.7
1.0
1.0
0.7
0.7
1.0
1.0
0.5
0.6
0.6
0.6
1.0
1.0
1.0
0.6
0.9
0.7
0.7
1.0
0.5
1.0
1.0
1.0
0.5
1.0
0.8
0.9
1.0
1.0
1.0
0.7
0.9
1.0
1.0
0.16666666666666666
1.0
0.3333333333333333
1.0
0.8
1.0
0.5
0.16666666666666666
1.0
0.8
0.5
0.6666666666666666
1.0
1.0
1.0
0.8
0.7
0.7
1.0
0.16666666666666666
0.9
1.0
0.16666666666666666
0.6666666666666666
0.7
0.8
0.8
0.6
0.3333333333333333
1.0
0.8

Average20: 0.5219724276974191	Count: 100
Average10: 0.6299162633032601	Count: 100
Average5: 0.7292936507936509	Count: 100
Average3: 0.7830000000000001	Count: 100
