--------------------------------
top-20
0.765079365079365
0.6141025641025641
0.7300944669365722
NaN
0.747638326585695
0.7770114942528735
0.7963709677419355
0.7301587301587301
0.689608636977058
0.7076923076923077
0.7339971550497866
0.6415362731152204
0.7449392712550608
0.7300944669365722
0.6998577524893315
0.7530364372469636
0.6998577524893315
1.0
0.7207977207977208
0.699055330634278
0.8279569892473119
0.7411764705882353
0.7450980392156863
0.7593582887700535
0.7915966386554621
0.7593582887700535
0.753968253968254
0.7126600284495022
0.7483870967741936
0.708974358974359
0.6529160739687055
0.7571428571428571
0.9166666666666666
0.6477732793522267
0.7563025210084033
0.7840909090909091
0.6358974358974359
0.7913978494623656
0.7384615384615385
0.6529160739687055
0.7397435897435898
0.7083333333333334
0.7317460317460317
0.6415362731152204
0.9555555555555556
0.7931034482758621
0.7582582582582582
0.8015873015873016
0.7888888888888889
0.780241935483871
0.7439544807965861
0.8258064516129032
0.6882591093117408
0.765079365079365
0.7378151260504202
0.7943548387096774
0.689608636977058
0.6998577524893315
0.7666666666666667
0.9242424242424242
0.788235294117647
0.7126600284495022
0.7935483870967742
0.7076923076923077
0.7098150782361309
0.7098150782361309
0.7268847795163584
0.7083333333333334
0.7233468286099866
0.6415362731152204
0.7112299465240641
0.6415362731152204
0.7410256410256411
0.7483870967741936
0.6782051282051282
0.7714285714285715
0.6415362731152204
0.7840909090909091
0.7314439946018894
0.691025641025641
0.6358974358974359
0.8160919540229885
0.7140825035561877
0.7230769230769231
0.747638326585695
0.7290552584670231
0.765079365079365
0.7657657657657657
0.7516869095816464
0.6529160739687055
0.7687687687687688
0.8004926108374384
0.7447447447447447
0.8888888888888888
0.6770981507823614
0.8888888888888888
0.8888888888888888
0.747638326585695
0.9242424242424242
0.7423076923076923
--------------------------------
top-10
0.783625730994152
0.6526315789473685
0.7
NaN
0.7421052631578947
0.7867647058823529
0.6789473684210526
0.673202614379085
0.6578947368421053
0.6578947368421053
0.7543859649122807
0.5789473684210527
0.7368421052631579
0.7
0.6368421052631579
0.7526315789473684
0.6368421052631579
1.0
0.7912087912087912
0.6368421052631579
0.7777777777777778
0.7867647058823529
0.7450980392156863
0.7320261437908496
0.7578947368421053
0.7320261437908496
0.819047619047619
0.6105263157894737
0.7058823529411765
0.6684210526315789
0.5789473684210527
0.7368421052631579
0.9166666666666666
0.5789473684210527
0.7450980392156863
0.7052631578947368
0.5263157894736842
0.7543859649122807
0.7368421052631579
0.5789473684210527
0.7368421052631579
0.7912087912087912
0.7279411764705882
0.5789473684210527
0.9555555555555556
0.7017543859649122
0.7485380116959064
0.75
0.7602339181286549
0.6470588235294118
0.7052631578947368
0.7777777777777778
0.6526315789473685
0.783625730994152
0.8
0.6789473684210526
0.6578947368421053
0.6368421052631579
0.7894736842105263
0.9090909090909091
0.7660818713450293
0.6105263157894737
0.7134502923976608
0.6789473684210526
0.6526315789473685
0.6526315789473685
0.7426900584795322
0.7362637362637363
0.7105263157894737
0.5789473684210527
0.7352941176470589
0.5789473684210527
0.7473684210526316
0.8
0.5736842105263158
0.7581699346405228
0.5789473684210527
0.7052631578947368
0.7105263157894737
0.6526315789473685
0.5263157894736842
0.7777777777777778
0.6578947368421053
0.7263157894736842
0.7421052631578947
0.7426900584795322
0.783625730994152
0.7315789473684211
0.7631578947368421
0.5789473684210527
0.7473684210526316
0.7794117647058824
0.7309941520467836
0.8888888888888888
0.6257309941520468
0.8888888888888888
0.8888888888888888
0.7421052631578947
0.9393939393939394
0.7368421052631579
--------------------------------
top-5
0.7555555555555555
0.6444444444444445
0.6444444444444445
NaN
0.7555555555555555
0.7555555555555555
0.6888888888888889
0.8214285714285714
0.5555555555555556
0.5555555555555556
0.7555555555555555
0.5555555555555556
0.7555555555555555
0.6444444444444445
0.5555555555555556
0.7555555555555555
0.5555555555555556
1.0
0.75
0.5555555555555556
0.7777777777777778
0.7777777777777778
0.7333333333333333
0.8055555555555556
0.7777777777777778
0.8055555555555556
0.7857142857142857
0.5555555555555556
0.7555555555555555
0.6888888888888889
0.6666666666666666
0.7333333333333333
0.7857142857142857
0.6666666666666666
0.7333333333333333
0.5555555555555556
0.5555555555555556
0.7777777777777778
0.7555555555555555
0.6666666666666666
0.7111111111111111
0.8055555555555556
0.6666666666666666
0.5555555555555556
0.7619047619047619
0.7333333333333333
0.7555555555555555
0.7333333333333333
0.7111111111111111
0.6785714285714286
0.7555555555555555
0.7555555555555555
0.5555555555555556
0.7555555555555555
0.6666666666666666
0.7111111111111111
0.5555555555555556
0.5555555555555556
0.7777777777777778
0.8333333333333334
0.7111111111111111
0.5555555555555556
0.7111111111111111
0.5555555555555556
0.5555555555555556
0.6444444444444445
0.7777777777777778
0.7142857142857143
0.6888888888888889
0.5555555555555556
0.7777777777777778
0.5555555555555556
0.7333333333333333
0.8333333333333334
0.5555555555555556
0.7333333333333333
0.5555555555555556
0.5555555555555556
0.6888888888888889
0.5555555555555556
0.5555555555555556
0.7555555555555555
0.5555555555555556
0.6888888888888889
0.7555555555555555
0.8055555555555556
0.7777777777777778
0.7111111111111111
0.7777777777777778
0.6666666666666666
0.7111111111111111
0.6888888888888889
0.7777777777777778
0.9333333333333333
0.5555555555555556
0.8
0.8666666666666667
0.7555555555555555
0.8333333333333334
0.7111111111111111
--------------------------------
top-3
0.7333333333333333
0.6
0.6
NaN
0.8
0.7333333333333333
0.7333333333333333
0.9
0.6
0.6
0.8
0.6
0.7333333333333333
0.6
0.6
0.8
0.6
1.0
0.9
0.6
0.8
0.8
0.7333333333333333
0.7333333333333333
0.8
0.7333333333333333
0.8
0.6
0.7333333333333333
0.6
0.8
0.7333333333333333
0.8
0.8
0.7333333333333333
0.6
0.6
0.8
0.8
0.8
0.7333333333333333
0.7333333333333333
0.8
0.6
0.8
0.7333333333333333
0.7333333333333333
0.7333333333333333
0.7333333333333333
0.6666666666666666
0.7333333333333333
0.7333333333333333
0.6
0.8
0.6
0.8
0.6
0.6
0.8
0.8
0.7333333333333333
0.6
0.7333333333333333
0.6
0.6
0.6
0.8
0.7
0.7333333333333333
0.6
0.8
0.6
0.7333333333333333
0.8
0.6
0.7333333333333333
0.6
0.6
0.7333333333333333
0.6
0.6
0.8
0.6
0.7333333333333333
0.8
0.7333333333333333
0.8
0.8
0.8
0.8
0.6
0.6
0.8
0.8
0.6
1.0
0.8333333333333334
0.7333333333333333
0.8
0.8

Average20: 0.7467948980822808	Count: 99
Average10: 0.7194283685722846	Count: 99
Average5: 0.698516915183582	Count: 99
Average3: 0.719191919191919	Count: 99
