--------------------------------
top-20
0.31666666666666665
0.3201581027667984
0.42328042328042326
0.30333333333333334
0.5505376344086022
0.5123152709359606
0.45105820105820105
0.4276923076923077
0.3817663817663818
0.6279569892473118
0.43386243386243384
0.2898550724637681
0.4586894586894587
0.41534391534391535
0.5862068965517241
0.4461538461538462
0.5555555555555556
0.4188034188034188
0.5956989247311828
0.6301075268817204
0.3230769230769231
0.5344827586206896
0.4131054131054131
0.4091954022988506
0.5133333333333333
0.5720430107526882
0.5608465608465608
0.4492307692307692
0.5634408602150538
0.5156695156695157
0.32608695652173914
0.3723076923076923
0.39076923076923076
0.3941798941798942
0.4586894586894587
0.40476190476190477
0.5476190476190477
0.4753694581280788
0.4827586206896552
0.38
0.5886699507389163
0.5443349753694581
0.4276923076923077
0.49885057471264366
0.42153846153846153
0.5181451612903226
0.5935483870967742
0.5935483870967742
0.47692307692307695
0.23384615384615384
0.458128078817734
0.37037037037037035
0.4574712643678161
0.38333333333333336
0.31333333333333335
0.4605911330049261
0.5123152709359606
0.6229838709677419
0.3386243386243386
0.5738916256157636
0.542528735632184
0.46153846153846156
0.4827586206896552
0.5011494252873563
0.5379310344827586
0.4236453201970443
0.3466666666666667
0.49206349206349204
0.5071225071225072
0.3466666666666667
0.4417989417989418
0.32763532763532766
0.4804597701149425
0.3415384615384615
0.37666666666666665
0.43842364532019706
0.3544973544973545
0.47692307692307695
0.40615384615384614
0.6330645161290323
0.40476190476190477
0.38461538461538464
0.6428571428571429
0.5073891625615764
0.4312169312169312
0.358695652173913
0.3817663817663818
0.5767195767195767
0.28
0.4781609195402299
0.5440860215053763
0.29914529914529914
0.42153846153846153
0.36666666666666664
0.41025641025641024
0.28
0.43304843304843305
0.3835978835978836
0.5714285714285714
0.3476923076923077
--------------------------------
top-10
0.2878787878787879
0.4230769230769231
0.5274725274725275
0.4725274725274725
0.6083333333333333
0.5916666666666667
0.5428571428571428
0.580952380952381
0.38461538461538464
0.7426900584795322
0.49523809523809526
0.3717948717948718
0.5142857142857142
0.4725274725274725
0.7368421052631579
0.5714285714285714
0.5833333333333334
0.5333333333333333
0.7647058823529411
0.7309941520467836
0.4230769230769231
0.6617647058823529
0.49523809523809526
0.3076923076923077
0.7083333333333334
0.6691176470588235
0.7083333333333334
0.5333333333333333
0.5583333333333333
0.6333333333333333
0.5128205128205128
0.42857142857142855
0.5714285714285714
0.5128205128205128
0.5416666666666666
0.44761904761904764
0.6617647058823529
0.5666666666666667
0.525
0.4725274725274725
0.75
0.7058823529411765
0.45714285714285713
0.49523809523809526
0.42857142857142855
0.5714285714285714
0.65
0.725
0.6333333333333333
0.2
0.49523809523809526
0.4230769230769231
0.5333333333333333
0.5333333333333333
0.32967032967032966
0.525
0.6095238095238096
0.7058823529411765
0.3076923076923077
0.6985294117647058
0.6544117647058824
0.580952380952381
0.5523809523809524
0.6476190476190476
0.65
0.4380952380952381
0.45454545454545453
0.6617647058823529
0.55
0.37362637362637363
0.5904761904761905
0.3333333333333333
0.6043956043956044
0.4380952380952381
0.5714285714285714
0.4725274725274725
0.2692307692307692
0.7142857142857143
0.5047619047619047
0.6143790849673203
0.3626373626373626
0.5054945054945055
0.673202614379085
0.6544117647058824
0.49523809523809526
0.44871794871794873
0.41904761904761906
0.7058823529411765
0.3333333333333333
0.5604395604395604
0.625
0.19230769230769232
0.4095238095238095
0.5494505494505495
0.5274725274725275
0.4065934065934066
0.5384615384615384
0.3717948717948718
0.6397058823529411
0.41025641025641024
--------------------------------
top-5
0.3333333333333333
0.5
0.6428571428571429
0.6111111111111112
0.7222222222222222
0.7222222222222222
0.4642857142857143
0.6666666666666666
0.38095238095238093
0.7777777777777778
0.6428571428571429
0.47619047619047616
0.6428571428571429
0.7142857142857143
0.7777777777777778
0.6428571428571429
0.6944444444444444
0.47619047619047616
0.7777777777777778
0.7777777777777778
0.5
0.6388888888888888
0.6428571428571429
0.13333333333333333
0.7777777777777778
0.7222222222222222
0.7777777777777778
0.6071428571428571
0.5714285714285714
0.7222222222222222
0.42857142857142855
0.47619047619047616
0.7857142857142857
0.7142857142857143
0.6428571428571429
0.47619047619047616
0.7777777777777778
0.7142857142857143
0.5357142857142857
0.5714285714285714
0.7777777777777778
0.7777777777777778
0.42857142857142855
0.5714285714285714
0.5357142857142857
0.6111111111111112
0.7777777777777778
0.7777777777777778
0.75
0.6
0.6071428571428571
0.5714285714285714
0.5714285714285714
0.8214285714285714
0.3333333333333333
0.6428571428571429
0.75
0.7777777777777778
0.38095238095238093
0.7777777777777778
0.6666666666666666
0.6428571428571429
0.6428571428571429
0.7777777777777778
0.7777777777777778
0.47619047619047616
0.6190476190476191
0.7222222222222222
0.6428571428571429
0.42857142857142855
0.7222222222222222
0.26666666666666666
0.7142857142857143
0.4666666666666667
0.7222222222222222
0.42857142857142855
0.2
0.7777777777777778
0.6071428571428571
0.5
0.5333333333333333
0.6428571428571429
0.6944444444444444
0.7777777777777778
0.6428571428571429
0.5714285714285714
0.6
0.7777777777777778
0.38095238095238093
0.6944444444444444
0.7222222222222222
0.13333333333333333
0.42857142857142855
0.6388888888888888
0.6428571428571429
0.5238095238095238
0.6071428571428571
0.2857142857142857
0.6944444444444444
0.5714285714285714
--------------------------------
top-3
0.6666666666666666
0.5
0.8
0.5
0.8
0.8
0.3333333333333333
0.7
0.3333333333333333
0.8
0.8
0.5
0.8
0.8
0.8
0.8
0.8
0.6
0.8
0.8
0.5
0.6
0.7
0.0
0.8
0.8
0.8
0.7
0.7
0.8
0.5
0.5
0.8
0.7
0.7
0.6
0.8
0.8
0.6
0.6
0.8
0.8
0.5
0.5
0.5
0.5
0.8
0.8
0.8
0.5
0.8
0.6
0.6
0.8
0.5
0.8
0.8
0.8
0.5
0.8
0.7
0.8
0.8
0.8
0.8
0.6
0.8
0.8
0.8
0.16666666666666666
0.8
0.3333333333333333
0.8
0.7
0.8
0.5
0.16666666666666666
0.8
0.7
0.5
0.6666666666666666
0.8
0.8
0.8
0.7
0.6
0.6
0.8
0.16666666666666666
0.8
0.8
0.16666666666666666
0.6666666666666666
0.6
0.7
0.7
0.5
0.3333333333333333
0.8
0.7

Average20: 0.45043024874902815	Count: 100
Average10: 0.5315915432177041	Count: 100
Average5: 0.6086984126984128	Count: 100
Average3: 0.6609999999999995	Count: 100
