--------------------------------
top-20
0.17316017316017315
0.2866666666666667
0.40923076923076923
0.07142857142857142
0.5197044334975369
0.6258064516129033
0.5299145299145299
0.2904761904761905
0.2966666666666667
0.6324786324786325
0.3933333333333333
0.1067193675889328
0.4
0.4973544973544973
0.6735632183908046
0.38405797101449274
0.5538461538461539
0.08571428571428572
0.6580645161290323
0.7333333333333333
0.23715415019762845
0.4553846153846154
0.46825396825396826
0.4876847290640394
0.29347826086956524
0.24675324675324675
0.6653225806451613
0.36772486772486773
0.6298850574712643
0.5911330049261084
0.29333333333333333
0.4827586206896552
0.09090909090909091
0.3333333333333333
0.4
0.5527065527065527
0.541871921182266
0.5270655270655271
0.39666666666666667
0.12554112554112554
0.5873015873015873
0.42592592592592593
0.21645021645021645
0.6296296296296297
0.1
0.5615763546798029
0.6258064516129033
0.6431451612903226
0.30434782608695654
0.5870967741935483
0.5692307692307692
0.2766798418972332
0.11857707509881422
0.17786561264822134
0.2904761904761905
0.5394088669950738
0.584045584045584
0.6795698924731183
0.15584415584415584
0.4523076923076923
0.4472934472934473
0.44333333333333336
0.5211640211640212
0.603448275862069
0.5714285714285714
0.29846153846153844
0.19913419913419914
0.4676923076923077
0.5498575498575499
0.3794466403162055
0.43333333333333335
0.38095238095238093
0.39666666666666667
0.23809523809523808
0.5320197044334976
0.5066666666666667
0.2923076923076923
0.671264367816092
0.38735177865612647
0.5132275132275133
0.3353846153846154
0.22857142857142856
0.7954545454545454
0.5846153846153846
0.4603174603174603
0.5517241379310345
0.1619047619047619
0.5911330049261084
0.2866666666666667
0.28063241106719367
0.5517241379310345
0.2717391304347826
0.2789473684210526
0.0735930735930736
0.40923076923076923
0.10952380952380952
0.14736842105263157
0.3433333333333333
0.2427536231884058
0.18947368421052632
--------------------------------
top-10
0.3333333333333333
0.4222222222222222
0.5934065934065934
0.13333333333333333
0.47619047619047616
0.5428571428571428
0.775
0.6153846153846154
0.2564102564102564
0.8235294117647058
0.5916666666666667
0.12121212121212122
0.5054945054945055
0.4835164835164835
0.8627450980392157
0.5274725274725275
0.675
0.18181818181818182
0.5142857142857142
0.8947368421052632
0.43956043956043955
0.6043956043956044
0.37362637362637363
0.3516483516483517
0.5641025641025641
0.4696969696969697
0.6285714285714286
0.16666666666666666
0.75
0.6666666666666666
0.4230769230769231
0.46153846153846156
0.07272727272727272
0.32051282051282054
0.580952380952381
0.7
0.4065934065934066
0.6571428571428571
0.48717948717948717
0.09090909090909091
0.7647058823529411
0.3333333333333333
0.4090909090909091
0.7720588235294118
0.35555555555555557
0.6833333333333333
0.55
0.43956043956043955
0.47435897435897434
0.38461538461538464
0.8235294117647058
0.38461538461538464
0.0
0.2545454545454545
0.3787878787878788
0.638095238095238
0.775
0.8014705882352942
0.23636363636363636
0.5714285714285714
0.5256410256410257
0.3974358974358974
0.6083333333333333
0.7426470588235294
0.5619047619047619
0.13636363636363635
0.30303030303030304
0.6833333333333333
0.7867647058823529
0.4175824175824176
0.6043956043956044
0.05454545454545454
0.5164835164835165
0.47435897435897434
0.5047619047619047
0.7833333333333333
0.01818181818181818
0.7941176470588235
0.4725274725274725
0.6095238095238096
0.32727272727272727
0.32727272727272727
0.8947368421052632
0.8947368421052632
0.37362637362637363
0.5047619047619047
0.2727272727272727
0.7523809523809524
0.4090909090909091
0.358974358974359
0.7333333333333333
0.13636363636363635
0.5454545454545454
0.06666666666666667
0.5
0.1111111111111111
0.15555555555555556
0.4857142857142857
0.2878787878787879
0.2727272727272727
--------------------------------
top-5
0.47619047619047616
0.47619047619047616
0.6428571428571429
0.2
0.26666666666666666
0.6428571428571429
0.8611111111111112
0.8928571428571429
0.1
1.0
0.38095238095238093
0.06666666666666667
0.6071428571428571
0.4666666666666667
1.0
0.5714285714285714
0.6071428571428571
0.2
0.38095238095238093
0.7777777777777778
0.42857142857142855
0.8571428571428571
0.2
0.06666666666666667
0.8888888888888888
0.47619047619047616
0.6071428571428571
0.13333333333333333
0.7857142857142857
0.7142857142857143
0.5714285714285714
0.6785714285714286
0.3
0.26666666666666666
0.6071428571428571
0.8333333333333334
0.2
0.6428571428571429
0.7777777777777778
0.26666666666666666
0.7142857142857143
0.13333333333333333
0.47619047619047616
0.8055555555555556
0.5238095238095238
0.7142857142857143
0.06666666666666667
0.42857142857142855
0.6785714285714286
0.5714285714285714
1.0
0.38095238095238093
0.0
0.38095238095238093
0.5238095238095238
0.8888888888888888
1.0
0.8055555555555556
0.2857142857142857
0.5714285714285714
0.7142857142857143
0.6190476190476191
0.2857142857142857
0.6785714285714286
0.5357142857142857
0.0
0.4666666666666667
0.6785714285714286
0.8888888888888888
0.3333333333333333
0.7857142857142857
0.1
0.75
0.8214285714285714
0.3333333333333333
0.8611111111111112
0.0
0.8888888888888888
0.26666666666666666
0.7857142857142857
0.4666666666666667
0.4666666666666667
0.7777777777777778
0.7777777777777778
0.06666666666666667
0.3333333333333333
0.2857142857142857
1.0
0.5238095238095238
0.4666666666666667
0.8888888888888888
0.2
0.7857142857142857
0.13333333333333333
0.7777777777777778
0.4
0.4
0.13333333333333333
0.38095238095238093
0.26666666666666666
--------------------------------
top-3
0.6
0.6666666666666666
0.7
0.3333333333333333
0.16666666666666666
0.6666666666666666
1.0
1.0
0.0
1.0
0.16666666666666666
0.0
0.5
0.8333333333333334
1.0
0.3333333333333333
0.5
0.16666666666666666
0.3333333333333333
0.6
0.3333333333333333
1.0
0.3333333333333333
0.0
1.0
0.6
0.5
0.16666666666666666
1.0
0.8
0.3333333333333333
0.8
0.16666666666666666
0.16666666666666666
0.5
0.8
0.3333333333333333
0.7
0.6
0.16666666666666666
0.6
0.3333333333333333
0.6
0.7
0.5
0.6
0.0
0.5
0.7
0.5
1.0
0.6666666666666666
0.0
0.6666666666666666
0.6
1.0
1.0
0.7
0.0
0.3333333333333333
0.6
0.8
0.0
0.7
0.16666666666666666
0.0
0.5
0.8
1.0
1.0
1.0
0.16666666666666666
0.6
1.0
0.16666666666666666
1.0
0.0
1.0
0.3333333333333333
0.8
0.7
0.8
0.6
0.6
0.0
0.3333333333333333
0.0
1.0
0.6
0.6666666666666666
1.0
0.16666666666666666
1.0
0.3333333333333333
0.6
0.6666666666666666
0.5
0.3333333333333333
0.6666666666666666
0.5

Average20: 0.4076100301720034	Count: 100
Average10: 0.47981284204271824	Count: 100
Average5: 0.5219523809523811	Count: 100
Average3: 0.5456666666666667	Count: 100
