--------------------------------
top-20
0.10526315789473684
0.2536231884057971
0.4528985507246377
0.13438735177865613
0.6183908045977011
0.6298850574712643
0.5911330049261084
0.29523809523809524
0.32
0.5586206896551724
0.47692307692307695
0.17391304347826086
0.4166666666666667
0.5783475783475783
0.664367816091954
0.40711462450592883
0.43666666666666665
0.20948616600790515
0.6160919540229886
0.838655462184874
0.2608695652173913
0.4
0.5738916256157636
0.5615763546798029
0.27898550724637683
0.2
0.5816091954022988
0.4074074074074074
0.6942528735632184
0.6298850574712643
0.3732193732193732
0.5211640211640212
0.13852813852813853
0.2727272727272727
0.48616600790513836
0.5
0.4757834757834758
0.40942028985507245
0.35384615384615387
0.16996047430830039
0.4700854700854701
0.5270935960591133
0.22380952380952382
0.6322751322751323
0.12105263157894737
0.6379310344827587
0.47293447293447294
0.6301075268817204
0.322463768115942
0.37318840579710144
0.5969230769230769
0.23715415019762845
0.3384615384615385
0.12121212121212122
0.16883116883116883
0.589247311827957
0.5396825396825397
0.7784090909090909
0.1380952380952381
0.38405797101449274
0.38333333333333336
0.44
0.6354679802955665
0.6758620689655173
0.6528735632183909
0.5241379310344828
0.14285714285714285
0.2717391304347826
0.6376811594202898
0.33695652173913043
0.30303030303030304
0.42857142857142855
0.37333333333333335
0.2134387351778656
0.49261083743842365
0.32608695652173914
0.38746438746438744
0.5566502463054187
0.35177865612648224
0.39692307692307693
0.3076923076923077
0.22529644268774704
0.6160919540229886
0.719758064516129
0.5563218390804597
0.47333333333333333
0.11052631578947368
0.5738916256157636
0.3569230769230769
0.29333333333333333
0.5370370370370371
0.5645161290322581
0.21904761904761905
0.16205533596837945
0.5714285714285714
0.14624505928853754
0.11904761904761904
0.3241106719367589
0.23
0.1645021645021645
--------------------------------
top-10
0.16363636363636364
0.38181818181818183
0.7833333333333333
0.14545454545454545
0.6916666666666667
0.7142857142857143
0.725
0.6923076923076923
0.2692307692307692
0.5274725274725275
0.7352941176470589
0.21794871794871795
0.6
0.7833333333333333
0.7426470588235294
0.5054945054945055
0.4725274725274725
0.30303030303030304
0.5384615384615384
0.9064327485380117
0.21818181818181817
0.5
0.5142857142857142
0.5666666666666667
0.48484848484848486
0.4393939393939394
0.6833333333333333
0.21212121212121213
0.8888888888888888
0.7666666666666667
0.42857142857142855
0.6571428571428571
0.07272727272727272
0.3076923076923077
0.7047619047619048
0.6190476190476191
0.5904761904761905
0.5384615384615384
0.3787878787878788
0.12727272727272726
0.41025641025641024
0.32051282051282054
0.5
0.7573529411764706
0.2727272727272727
0.8104575163398693
0.5604395604395604
0.5333333333333333
0.41025641025641024
0.4065934065934066
0.8954248366013072
0.21818181818181817
0.12121212121212122
0.2545454545454545
0.3484848484848485
0.5714285714285714
0.5934065934065934
0.8823529411764706
0.21818181818181817
0.5142857142857142
0.4725274725274725
0.5428571428571428
0.7941176470588235
0.8308823529411765
0.7166666666666667
0.37362637362637363
0.32727272727272727
0.25757575757575757
0.8161764705882353
0.358974358974359
0.45454545454545453
0.07272727272727272
0.6043956043956044
0.28205128205128205
0.358974358974359
0.34615384615384615
0.09090909090909091
0.638095238095238
0.3626373626373626
0.5454545454545454
0.36363636363636365
0.15151515151515152
0.5238095238095238
0.8496732026143791
0.4857142857142857
0.5619047619047619
0.26666666666666666
0.7238095238095238
0.42424242424242425
0.3181818181818182
0.725
0.15151515151515152
0.5454545454545454
0.16666666666666666
0.6833333333333333
0.07272727272727272
0.1111111111111111
0.5054945054945055
0.2727272727272727
0.22727272727272727
--------------------------------
top-5
0.26666666666666666
0.5714285714285714
0.8888888888888888
0.2
0.7777777777777778
0.7142857142857143
0.7857142857142857
0.8888888888888888
0.2
0.6666666666666666
0.6071428571428571
0.06666666666666667
0.6428571428571429
1.0
0.6428571428571429
0.5357142857142857
0.47619047619047616
0.26666666666666666
0.47619047619047616
0.8333333333333334
0.13333333333333333
0.75
0.42857142857142855
0.2857142857142857
0.8055555555555556
0.5357142857142857
0.7142857142857143
0.2
1.0
0.8333333333333334
0.38095238095238093
0.5238095238095238
0.2
0.2
0.7777777777777778
0.5714285714285714
0.47619047619047616
0.6666666666666666
0.6071428571428571
0.26666666666666666
0.47619047619047616
0.4
0.7777777777777778
0.6071428571428571
0.5238095238095238
0.7777777777777778
0.6428571428571429
0.47619047619047616
0.6071428571428571
0.2
1.0
0.13333333333333333
0.13333333333333333
0.5333333333333333
0.6190476190476191
0.5714285714285714
0.6785714285714286
1.0
0.4666666666666667
0.47619047619047616
0.6785714285714286
0.6785714285714286
1.0
0.8888888888888888
0.8888888888888888
0.2
0.4666666666666667
0.3333333333333333
1.0
0.4
0.6190476190476191
0.1
0.7777777777777778
0.06666666666666667
0.38095238095238093
0.13333333333333333
0.0
0.8611111111111112
0.13333333333333333
0.8571428571428571
0.47619047619047616
0.06666666666666667
0.47619047619047616
0.8611111111111112
0.2
0.6071428571428571
0.3333333333333333
1.0
0.5714285714285714
0.4
0.8888888888888888
0.2
0.8571428571428571
0.13333333333333333
0.6785714285714286
0.13333333333333333
0.4
0.2857142857142857
0.6666666666666666
0.2
--------------------------------
top-3
0.5
0.6
1.0
0.3333333333333333
0.6
0.7
1.0
1.0
0.16666666666666666
0.7
0.6
0.0
0.6
1.0
0.7
0.16666666666666666
0.16666666666666666
0.16666666666666666
0.6
0.8
0.0
1.0
0.3333333333333333
0.0
0.7
0.16666666666666666
0.8
0.16666666666666666
1.0
0.8
0.3333333333333333
0.6666666666666666
0.16666666666666666
0.16666666666666666
0.6
0.3333333333333333
0.3333333333333333
1.0
0.6
0.16666666666666666
0.6666666666666666
0.3333333333333333
0.6
0.5
0.3333333333333333
0.6
0.7
0.6
0.6
0.16666666666666666
1.0
0.0
0.16666666666666666
0.8
0.8
1.0
0.6
1.0
0.6
0.6
0.7
0.8
1.0
1.0
1.0
0.6666666666666666
0.6666666666666666
0.16666666666666666
1.0
0.5
1.0
0.16666666666666666
0.6
0.0
0.3333333333333333
0.16666666666666666
0.0
0.9
0.16666666666666666
1.0
0.5
0.0
0.6666666666666666
1.0
0.3333333333333333
0.6
0.16666666666666666
1.0
0.6
0.8333333333333334
1.0
0.16666666666666666
1.0
0.3333333333333333
0.8
0.3333333333333333
0.5
0.0
0.8
0.16666666666666666

Average20: 0.41171936811178234	Count: 100
Average10: 0.4757521576290927	Count: 100
Average5: 0.5286587301587303	Count: 100
Average3: 0.5503333333333333	Count: 100
