0.579
0.542
0.289
0.739
0.869
0.552
1.000
0.149
0.229
0.211
0.000
0.177
0.219
0.229
0.280
0.579
0.089
0.089
0.140
0.140
0.570
0.089
0.140
0.000
0.000
0.281
0.430
0.369
0.271
0.201
0.562
0.177
0.140
0.720
0.000
0.281
0.509
0.562
0.562
0.552
0.140
0.140
0.298
0.000
0.281
0.542
0.121
0.000
0.448
0.140
0.159
0.060
0.121
0.201
0.351
0.542
0.491
0.140
0.191
0.350
0.159
0.177
0.281
0.140
0.201
0.219
0.201
0.720
0.491
0.281
0.000
0.159
0.089
0.070
0.060
0.720
0.289
0.159
0.369
0.121
0.378
0.940
0.869
0.940
1.000
1.000
1.000
1.000
1.000
1.000
0.869
1.000
1.000
1.000
0.869
1.000
1.000
0.940
0.940
0.869
1.000
0.940
0.869
0.650
0.781
0.911
0.940
0.940
1.000
1.000
1.000
1.000
1.000
1.000
1.000
1.000
1.000
1.000
0.851
0.940
1.000
0.580
1.000
0.879
1.000
1.000
1.000
1.000
1.000
1.000
1.000
1.000
1.000
1.000
1.000
1.000
1.000
1.000
0.940
0.930
1.000
0.879
0.791
1.000
1.000
1.000
1.000
1.000
1.000
1.000
1.000
1.000
1.000
1.000
0.739
0.702
1.000
0.702
0.000
0.562
0.562
0.562
1.000
1.000
1.000
1.000
1.000
1.000
1.000
1.000
1.000
1.000