0.484
0.434
0.230
0.501
0.623
0.502
1.000
0.101
0.155
0.271
0.062
0.154
0.253
0.192
0.281
0.484
0.090
0.092
0.125
0.125
0.419
0.157
0.195
0.000
0.000
0.190
0.328
0.380
0.358
0.227
0.438
0.120
0.163
0.488
0.000
0.248
0.410
0.438
0.438
0.424
0.225
0.223
0.259
0.074
0.248
0.396
0.116
0.000
0.431
0.294
0.207
0.098
0.111
0.190
0.373
0.396
0.389
0.125
0.188
0.345
0.235
0.189
0.190
0.125
0.200
0.219
0.170
0.488
0.555
0.227
0.127
0.136
0.060
0.048
0.231
0.488
0.289
0.198
0.378
0.119
0.256
1.000
1.000
1.000
1.000
1.000
1.000
1.000
1.000
1.000
1.000
1.000
0.941
0.941
0.941
0.941
0.941
0.941
0.941
0.941
0.941
0.876
0.876
0.876
0.876
0.876
0.876
0.876
0.943
0.940
0.940
0.940
0.940
0.911
0.943
0.940
0.940
0.878
0.881
0.881
0.910
0.881
0.878
0.883
0.878
1.000
1.000
1.000
1.000
1.000
1.000
1.000
1.000
1.000
1.000
1.000
1.000
0.971
0.971
0.971
0.971
1.000
0.971
0.971
0.971
0.971
1.000
1.000
1.000
1.000
1.000
1.000
1.000
1.000
1.000
1.000
1.000
1.000
0.788
0.564
0.501
0.501
1.000
1.000
1.000
1.000
1.000
1.000
1.000
1.000
1.000
1.000