0.484
0.465
0.230
0.501
0.623
0.563
0.904
0.101
0.155
0.271
0.062
0.154
0.253
0.192
0.281
0.484
0.090
0.092
0.125
0.125
0.548
0.157
0.195
0.000
0.000
0.190
0.328
0.380
0.368
0.227
0.438
0.120
0.163
0.488
0.000
0.248
0.410
0.438
0.438
0.515
0.233
0.223
0.259
0.074
0.248
0.396
0.116
0.000
0.431
0.294
0.207
0.098
0.111
0.136
0.373
0.396
0.495
0.125
0.188
0.345
0.235
0.189
0.190
0.125
0.200
0.219
0.170
0.488
0.555
0.227
0.127
0.136
0.060
0.048
0.231
0.488
0.289
0.198
0.378
0.119
0.256
0.674
0.853
0.674
0.876
0.876
0.876
0.876
0.876
0.910
0.589
0.904
0.876
0.873
0.841
0.871
0.876
0.769
0.798
0.816
0.876
0.798
0.750
0.566
0.720
0.618
0.827
0.798
0.943
0.970
0.971
0.941
0.970
0.941
0.943
0.913
0.943
0.839
0.733
0.832
0.839
0.427
0.839
0.661
0.839
1.000
1.000
1.000
1.000
1.000
1.000
0.817
0.971
0.971
1.000
1.000
0.971
0.906
0.892
0.735
0.846
0.656
0.701
0.907
0.906
0.876
0.883
0.883
0.883
0.883
0.883
0.883
0.883
0.883
0.501
0.476
0.943
0.476
0.060
0.381
0.381
0.381
0.971
0.913
0.971
0.941
1.000
0.968
0.971
0.869
0.941
0.971