0.579
0.542
0.289
0.739
0.869
0.552
1.000
0.149
0.229
0.211
0.000
0.177
0.219
0.229
0.280
0.579
0.089
0.089
0.140
0.140
0.420
0.089
0.140
0.000
0.000
0.281
0.430
0.369
0.201
0.201
0.562
0.177
0.140
0.720
0.000
0.281
0.509
0.562
0.562
0.378
0.140
0.140
0.298
0.000
0.281
0.542
0.121
0.000
0.448
0.140
0.159
0.060
0.121
0.281
0.351
0.542
0.430
0.140
0.191
0.350
0.159
0.177
0.281
0.140
0.201
0.219
0.201
0.720
0.491
0.281
0.000
0.159
0.089
0.070
0.060
0.720
0.289
0.159
0.369
0.121
0.378
1.000
1.000
1.000
1.000
1.000
1.000
1.000
1.000
1.000
1.000
1.000
1.000
1.000
1.000
1.000
1.000
1.000
1.000
1.000
1.000
1.000
1.000
1.000
1.000
1.000
1.000
1.000
1.000
1.000
1.000
1.000
1.000
1.000
1.000
1.000
1.000
1.000
1.000
1.000
1.000
1.000
1.000
1.000
1.000
1.000
1.000
1.000
1.000
1.000
1.000
1.000
1.000
1.000
1.000
1.000
1.000
1.000
1.000
1.000
1.000
1.000
1.000
1.000
1.000
1.000
1.000
1.000
1.000
1.000
1.000
1.000
1.000
1.000
1.000
1.000
1.000
1.000
0.860
0.739
0.739
0.739
1.000
1.000
1.000
1.000
1.000
1.000
1.000
1.000
1.000
1.000