directedby	director
1453	1350
815	780
2765	2382
4485	3587
914	873
2053	1839
3823	3134
681	660
1886	1703
541	530
3406	1163
1683	1543
1065	1009
4281	2495
338	334
4332	3481
3038	2568
2796	2408
350	346
1605	1482
1968	1770
4287	3451
125	123
4181	3385
3143	2040
1414	1314
1465	484
308	304
498	487
3147	2645
2219	1967
1361	1267
1662	1524
4214	3407
176	174
3275	2736
4190	3392
2877	2458
1401	1301
2410	1320
3049	2577
2286	1863
3765	3096
1420	1319
1353	1260
3126	2405
3627	2992
1598	364
3212	2266
2780	2396
3222	2696
3356	2793
2225	1972
76	75
2632	2282
2920	2489
812	777
4347	3494
2894	1632
4563	3639
1678	1538
358	354
639	622
2763	2380
1035	982
3092	2608
2155	1920
2114	1884
1552	449
2255	1993
2306	624
2649	2293
832	796
2344	2067
156	154
3526	2920
2331	2056
907	867
4465	3573
2275	2011
105	103
3871	3166
4363	3506
3086	2605
1047	994
3690	3038
2835	2435
2466	2155
2831	2433
1520	1409
1782	1617
1976	1777
3020	2555
3936	3218
3808	3125
46	46
2475	2159
981	931
137	135
2048	1835
4559	1470
1721	1573
3246	2528
3056	2581
3409	2833
2674	2310
2563	2230
2947	1313
3876	3171
64	64
4544	3624
142	140
3825	3136
1564	1448
2890	603
1863	732
3327	2772
4361	3505
3306	2760
977	927
237	234
710	687
2715	2344
2455	1156
4268	3443
2119	1889
3269	2730
2420	2122
3669	3022
4204	251
3514	2913
2313	2042
2242	1984
2293	952
129	127
3481	2890
4056	3298
432	333
278	275
1981	1316
2821	2424
1320	1230
1455	1352
2815	2419
4392	1457
3399	2828
419	414
1778	1615
1918	1728
1843	1665
4174	3379
3634	2998
1944	1749
2436	2133
2819	2422
2936	2501
649	631
2698	566
3498	2608
2585	1792
2387	1905
4253	3434
3214	2692
904	864
2258	1996
3687	2793
4376	3517
2251	760
3203	2686
68	68
1793	1624
1555	1439
4122	1654
3162	2651
3484	2893
1472	1366
205	202
3517	2915
554	543
4320	3472
3813	3129
2197	1948
2302	759
1528	1417
2472	852
708	685
2655	2295
3048	2205
1391	1292
2517	2196
771	740
4192	932
2383	587
2473	257
623	607
3926	3210
3770	1392
3253	2715
2380	2095
3673	3025
909	869
1340	1249
3303	2758
3015	2551
1966	1310
849	812
461	453
1898	1713
435	429
1747	1593
3058	2583
622	606
1254	1170
4288	3452
3363	1114
899	859
148	146
2133	600
2733	1937
1752	1596
2558	2225
2886	2466
3182	2669
3976	3242
3350	2789
3197	2682
547	536
577	566
1879	1698
2925	2493
4399	1398
3726	3068
3567	2951
1525	1414
188	186
761	730
298	295
597	584
2346	2069
4146	3356
3460	2872
1433	1332
3620	2990
806	772
1083	1024
1643	1511
1509	1399
1577	1460
3972	3241
1749	1595
4272	3445
2988	2536
1808	1637
2356	2076
2136	1903
4052	1199
2054	1840
3230	441
824	788
4124	3340
4324	3476
2880	2461
206	203
2727	2350
3333	651
1142	1076
3479	2888
210	207
1413	1313
1865	1685
3179	2666
3473	2882
921	880
4481	3584
1164	1094
2779	2395
4117	3337
3425	2847
3435	1212
3244	158
3476	2885
2417	2120
2269	166
1515	1081
2314	2043
3483	2892
4275	3447
1945	1750
1463	1359
2515	1194
4105	3326
3160	2650
1505	1396
361	357
2858	2447
2974	2525
1460	29
1438	1337
3688	2113
797	764
2036	1825
4410	3538
3601	1202
4035	3284
2615	2267
4432	468
3055	2580
1348	758
3910	1130
1397	1297
284	281
2386	2099
325	321
2559	2226
2235	1979
4584	3649
746	717
3842	3148
4050	3295
2985	2028
3446	2859
3191	2677
1304	1215
3727	3069
3397	2826
2320	2048
3077	1717
2818	2421
2994	2540
2128	1898
660	641
474	464
3997	3253
4054	3297
4069	3305
3783	2348
3784	487
327	323
4373	3515
3522	95
941	899
3120	2018
2213	1358
230	227
1190	1116
1008	956
362	358
3464	2876
1560	1444
495	485
2571	2237
2301	1337
4141	1220
208	205
1224	1146
926	885
4416	3543
4160	3368
2032	1821
2931	2497
4463	3571
3195	2681
4062	3301
1896	932
2285	2020
729	702
436	430
1469	1364
3513	37
3447	2860
1899	1714
3019	2554
3345	2786
3749	804
1423	1322
93	91
4488	3590
666	507
2192	1944
952	908
1131	1066
1954	1758
2129	1899
3307	2761
1201	486
3414	2838
732	704
3573	2183
1473	1367
453	445
1931	1736
3180	2667
2658	2298
4490	3591
2566	1301
2082	1466
3144	2642
2830	2432
3403	1837
267	264
1690	1550
2755	2373
3174	2662
4115	3335
1219	1141
2103	872
1130	1065
3605	2977
3841	3147
3585	2962
1777	215
4475	3581
2141	1908
3661	3017
3644	3006
1422	1321
891	853
2631	2281
3276	2737
2928	1651
3361	2797
2907	2479
1467	1362
646	629
2072	1852
2703	2334
4365	3508
1571	1455
4514	3609
497	316
2495	2176
1738	1587
3379	2809
3181	2668
302	299
562	551
4157	3365
3664	217
518	507
2828	2430
4180	3384
3168	2657
3139	170
1328	1237
1511	1401
1202	1126
3651	1817
293	290
1829	1655
2726	2349
1939	1744
1894	1710
4577	948
3149	21
2425	2127
825	789
2899	2473
2678	2313
1713	1568
2641	2287
3078	2599
629	613
1959	1763
3208	2689
1261	334
2638	1152
2514	2194
1653	1518
4306	2743
978	928
2753	1111
2071	1851
3155	707
839	760
1790	1621
582	571
1227	1111
2999	929
2717	2345
550	539
4325	3477
2326	336
2186	1139
1920	729
3525	2919
1503	1394
3053	1359
2190	1942
4427	3551
3746	3081
3660	3016
2413	2116
2296	2028
2493	2174
3918	3203
2803	2412
2963	2514
3655	3013
3608	2979
3873	3168
2256	1994
2448	2140
1163	1093
3023	2557
3615	2986
759	728
2007	574
1283	1195
4266	3442
3963	2417
260	257
404	399
3960	3234
123	121
152	150
1410	1310
1989	1786
4284	1398
2912	2483
3563	2947
229	226
1688	1548
2002	1796
4532	641
3250	1126
925	884
935	893
834	798
3528	2922
714	691
1938	1743
1651	1516
1720	1572
3977	3243
1074	1017
187	185
2309	2038
1687	1547
369	365
3422	2845
286	283
1006	954
3094	2609
3701	3046
2888	1089
4107	3328
1457	1354
2043	1831
3580	2959
3804	3124
1519	1408
4226	3413
2553	2222
3764	1366
3628	2993
4021	3275
462	454
1218	1140
667	647
269	266
4295	3457
2542	11
1458	1355
1098	1036
878	840
363	359
2182	1936
1910	1258
2011	1801
2735	2356
2060	1717
1299	1211
4151	3360
970	471
954	92
1980	1781
11	11
2243	608
2704	2335
116	114
4028	3279
1595	1477
3734	3073
538	527
791	197
4445	44
1477	1357
72	71
2063	1846
2775	2391
1751	766
3692	1156
1182	1109
3407	1190
2336	2061
2536	2209
4575	3644
4000	3256
3694	3040
1516	1405
203	200
2142	1909
2688	2321
3736	3075
2110	1880
4494	3594
225	222
1550	156
165	163
2865	2451
61	61
2973	2524
3450	2863
3650	3010
4183	3387
3127	2632
3559	2943
1602	258
1277	1191
2091	1865
4323	3475
2762	2379
1764	1605
3209	156
3066	2591
4359	3503
1038	985
4342	1627
984	934
3937	3219
1389	1290
157	155
2023	1812
3466	84
4176	3381
1928	1734
4048	3294
254	251
565	554
723	11
3427	673
1859	1680
991	940
2184	1938
86	85
3944	1186
858	820
971	921
3444	2857
113	111
838	802
1570	1454
674	654
3349	253
195	193
598	585
3231	2701
657	638
2161	1926
2561	2228
1857	1678
3258	2719
861	823
3202	1692
1767	1607
2416	2119
1967	1769
777	746
1360	1266
2996	2541
2648	2292
1866	1686
2923	2492
1890	1707
228	225
3098	932
3316	914
3824	3135
4422	3548
968	393
4497	3597
1269	1184
2758	2376
6	6
772	741
223	220
668	648
3848	2243
3684	3035
884	846
3227	2266
3075	2597
496	486
635	618
4278	3450
463	455
3297	9
1415	126
2937	358
3030	2562
3163	2652
3347	2787
2389	1566
2642	2288
4337	3486
3990	885
1495	1386
4119	3339
768	737
911	870
3226	2122
2897	2471
3732	3072
4590	3652
3924	3208
2582	2245
119	117
2059	98
947	905
2776	2392
3366	2801
814	779
382	378
1127	1062
1271	1186
2068	706
2610	160
2100	1178
2543	2214
1128	1063
4461	3569
3742	174
4279	1484
3956	3230
819	784
996	944
702	679
4071	885
979	929
4330	3480
2474	258
2906	2478
4362	249
3308	2762
3299	2756
1246	1163
268	265
78	77
2204	1955
3288	1412
2140	1907
2557	2224
3190	2676
280	277
2739	1406
3000	930
3703	3048
1541	1428
2705	2336
728	305
447	440
2785	2400
4173	3378
50	50
1827	1653
3904	3192
1900	1715
765	734
4355	3499
2537	2210
3010	2547
4308	3434
2832	1114
1710	1566
3518	2916
2303	2033
2968	2519
3454	2867
724	698
2904	2476
3374	539
3014	2550
2250	1989
654	636
2	2
4370	3513
4133	3348
4068	3028
4509	1506
1122	1057
2529	166
3716	3058
1858	1679
864	826
4316	3469
1632	307
1154	1085
151	149
1342	1251
1611	1487
3211	2691
63	63
3538	2928
3844	3150
529	518
2362	1863
2744	2364
2677	2312
1851	1672
3455	2868
2247	1815
3210	2690
4104	624
2457	2147
3662	165
3358	72
452	444
3919	3204
3279	2740
3228	2699
1440	1339
1058	1002
1930	488
4072	917
943	901
1883	1567
304	156
836	800
2523	170
4561	3637
4154	3363
1393	1294
4257	373
4206	3174
3284	2745
571	560
787	756
449	442
2520	1020
446	387
3787	3111
2669	2307
4051	3296
3866	3162
1015	963
2373	2088
1178	1105
1059	1003
3865	3161
200	198
633	554
1725	1577
207	204
2477	2161
828	792
3027	2560
4397	3531
3329	881
2075	364
2977	2528
876	838
3878	3173
3676	3028
1412	1312
146	144
2013	1803
4289	3453
4140	731
694	671
2962	1049
3206	1392
3216	2694
1109	1045
953	909
18	18
2956	2513
1211	1133
1887	1704
3776	1890
1067	1011
2201	1952
1262	1177
3516	2661
1707	988
1275	1189
44	44
4421	3547
3584	1020
1815	1643
4286	555
3452	2865
664	645
731	166
3485	2894
802	315
2135	1902
3312	211
2699	2331
2761	2352
1537	1424
3506	2129
402	397
751	721
4346	3493
1044	991
3326	2771
3991	1130
2321	2049
2942	2506
4210	3404
583	572
2662	2301
2279	2015
1172	1101
2113	1883
2778	2394
3623	2930
546	535
2521	2198
2770	670
3501	2906
2891	166
4360	3504
517	506
3394	2823
2599	1020
140	138
990	939
2209	1960
2503	2184
4280	1294
1719	1571
548	537
351	347
530	519
1507	387
346	342
4137	3351
3984	2141
2157	1922
345	341
2318	2047
3723	3065
4290	538
417	412
2368	2084
2883	2464
3758	3092
3740	3077
440	434
2422	2124
1115	314
5	5
4232	3419
800	767
2723	2347
2276	2012
4261	3438
265	262
1138	1072
3730	2077
1056	1001
241	238
2586	2246
3666	3020
1442	1341
2589	2248
1734	948
885	847
3906	3194
3424	2846
1368	389
999	947
1329	1238
1867	1687
927	886
4587	640
4446	2148
4318	3471
805	771
769	738
1147	1081
1045	992
665	646
2760	2378
2792	1089
1036	983
2378	2093
2946	2509
2730	2353
4551	3630
4467	3575
466	404
3371	2803
2679	2314
3183	2670
1736	1585
2660	2299
2399	2106
1640	1508
4158	3366
3630	2994
2295	2027
1137	1071
408	403
2859	2001
2690	2323
1996	1167
2970	2521
379	375
4311	507
458	450
2790	2403
4149	3359
2108	1878
1432	1331
3838	554
886	848
196	194
3100	2613
38	38
1210	1132
2111	1881
2283	1298
1371	1275
4023	1980
2311	2040
733	705
3654	3012
1263	1178
1350	1257
52	52
3223	2697
2498	2179
4267	815
1816	1644
4087	3316
715	692
3105	2617
2805	2414
1993	1790
827	791
373	369
592	579
320	316
1955	1759
4480	3583
3774	3101
579	568
1152	325
368	364
352	348
940	898
3340	2781
4263	3440
102	100
2567	2233
3968	3239
3632	2996
1048	995
1475	1369
4329	3479
1386	1287
3816	718
663	644
3568	1294
1311	410
770	739
160	158
1744	1590
1051	997
2163	1928
3118	2626
341	337
1927	1733
2340	143
1050	996
1982	1782
3511	2911
3761	3094
2086	1861
3877	3172
1746	1592
4437	1373
438	432
3050	2578
2652	782
1718	1570
1146	1080
4339	3488
3496	1991
696	673
1703	703
2096	1869
1366	1272
2315	2044
603	590
2987	2535
2539	2211
1962	1766
2734	2355
332	328
1123	1058
2860	2448
3826	1779
3157	641
4428	3552
2756	2374
4404	442
1840	1663
3767	2338
1230	1151
2418	2121
3205	1906
551	540
2479	2163
3856	3156
82	81
425	420
3955	3229
3065	2590
1514	1404
3792	3115
1975	976
4547	3627
3846	3152
1664	1526
3718	3060
792	187
2720	614
2056	915
3888	3180
2893	2469
4371	107
1370	507
4156	3364
1336	1245
1527	1416
773	742
4005	3260
2221	1969
2345	2068
409	404
1771	1610
1748	1594
2148	1915
671	651
1824	1651
2806	2415
3796	3119
4503	3602
3814	3130
3542	2164
2118	1888
1534	1422
2671	2160
1077	1020
4550	1310
1399	1299
2643	2289
2145	1912
4385	3523
3695	3041
2319	364
3989	3248
1029	976
1039	986
2248	1987
2823	2426
3912	3199
1294	1206
411	406
2851	2443
3437	2854
3889	3181
339	335
585	574
2797	929
4254	3435
658	639
2721	1326
1072	1016
171	169
3656	490
1377	1280
4498	3598
1991	1788
4244	3427
523	512
1853	1674
817	782
1936	1741
4291	3454
679	658
1647	943
508	497
3861	3159
2829	2431
2911	438
391	387
4101	2600
784	753
2228	1975
3698	2033
850	149
3920	618
3938	3220
29	29
4159	3367
4423	7
4417	3544
2749	2369
4505	3604
515	504
31	31
2848	2441
1228	1149
353	349
525	514
2556	502
398	393
1270	1185
2938	2502
4163	3371
389	385
138	136
3433	2852
3645	1212
892	854
1547	1434
4171	180
946	904
472	462
1482	1374
2600	2255
3717	3059
2324	2051
740	711
2330	2055
1165	1095
578	567
3705	3050
4580	3646
2500	2181
3323	1748
1724	1576
2263	2000
3801	3122
2709	2339
1392	1293
3853	2042
3007	823
3558	2942
661	642
1566	1450
2400	2107
1153	326
1606	1483
3401	410
2045	1833
2076	1855
1754	1598
2948	2510
3461	2873
1805	1635
3686	3037
871	833
3786	3110
1053	999
2160	1925
4177	682
1508	1398
56	56
901	861
3073	2596
3947	2773
3271	2732
1338	1247
4118	3338
537	526
2421	2123
3747	3082
2843	1781
2914	2484
4391	3527
1614	1490
2489	2170
3965	3236
4357	3501
536	525
4495	3595
4364	3507
3093	898
178	176
2504	2185
2810	2416
1244	436
2398	505
677	569
4517	3612
290	287
1932	1737
2009	1799
1506	1397
2972	2523
874	836
2605	2260
1998	1793
829	793
1437	1336
2222	1970
930	889
2084	1860
1112	1048
3707	1205
1086	1026
1701	453
1629	336
1881	1202
3146	2644
1635	1504
3443	2856
756	725
2668	2306
1492	1383
4200	3397
204	201
3811	3128
1307	1218
804	770
2358	2077
3070	2594
4425	3550
2862	2450
4479	1344
936	894
1847	1668
1280	1167
1194	1120
1192	1118
476	466
2918	1196
2438	149
59	59
1064	1008
2162	1927
3941	766
2663	2302
1670	1320
3896	2676
1470	1365
1943	1748
2450	2142
4165	3372
282	279
1002	950
2427	981
1971	1773
2771	2387
1425	1324
3249	2712
2817	2420
4573	2339
1010	958
4489	1970
181	179
545	534
3169	2658
3167	2656
1179	1106
4574	2263
4581	58
310	306
3046	2575
3894	1258
3762	456
3099	453
4233	2018
2115	1885
2272	2008
2719	613
2798	930
604	591
1114	1050
3831	3139
96	94
2033	1822
2824	2427
2673	2309
250	247
1079	412
3370	1115
3858	817
922	881
1447	153
1481	1373
1346	1254
3475	2884
4209	3403
3469	2879
2594	2251
2675	2311
1490	1382
1874	1693
3791	3114
2499	2180
4470	3577
1245	1162
3971	670
2040	1828
3013	2549
1168	1097
4557	3635
2117	1887
1884	1701
3621	1199
1105	1042
2179	1934
2976	2527
120	118
335	331
4433	3555
3390	2819
34	34
1634	1503
1942	1747
2156	1921
2646	909
3760	3093
87	48
4067	48
1584	1466
4108	3329
2787	2206
356	352
2644	2290
4477	1163
2004	627
2712	2341
2000	1794
4418	3545
4022	3276
10	10
632	616
2167	136
505	494
1661	1087
1990	1787
4516	3611
414	409
4319	801
2188	1940
4251	3433
2407	2112
2437	2134
655	637
1303	1167
1750	1167
1575	1458
355	351
4277	3449
2837	2437
4075	3309
1834	45
4044	3291
1214	1136
1785	1619
2872	2456
3619	143
1215	1137
3992	3249
2460	2150
73	72
793	760
4321	3473
2964	2515
4436	262
1129	1064
1823	1650
426	421
2470	1016
3663	3018
960	915
2672	1115
3852	3155
3260	2721
2044	1832
3988	2406
2773	2389
3391	2820
1060	1004
4243	3426
3722	3064
860	822
1893	1709
3311	2763
2231	1976
4162	3370
846	809
1241	1159
14	14
2003	1483
2081	1858
4534	820
1645	1512
2267	2004
469	459
3993	3250
1180	1107
1665	1527
27	27
1761	1602
1953	1757
3744	3079
392	388
2577	2242
3359	2795
340	336
1055	421
2088	1862
3855	1621
3733	2159
1870	1689
923	882
2791	2404
490	480
1770	1609
2419	166
3310	1506
3577	2957
1973	1775
599	586
2747	2367
2929	2495
3495	2902
776	745
713	690
1613	1489
75	74
1946	1751
3252	2714
91	89
2740	2360
2825	868
4301	3462
483	473
2534	759
79	78
3408	2832
1380	1282
3678	3030
2396	2105
4537	168
3934	3216
967	920
4245	3428
1559	1443
2603	2258
3281	2742
2403	885
2695	2328
3457	2870
662	643
2015	1174
1716	1358
716	693
2930	2496
4198	3396
820	785
3693	1105
1641	1509
1908	1720
3083	605
1419	1318
3314	2764
3256	2718
3884	640
1287	1199
1186	317
1787	1115
2211	1962
888	850
4431	3554
3810	3127
164	162
1609	1485
4313	3387
3763	3095
144	142
2552	2221
3790	987
99	97
1274	1188
467	457
3274	2735
2018	1807
180	178
3540	2930
3101	2230
22	22
2602	2257
3680	3031
730	703
2097	1870
3551	2936
479	469
3604	2976
2975	2526
3172	2661
1234	1153
4451	3564
895	856
224	221
1026	973
1913	1724
4223	2018
1491	507
1532	1420
1382	1283
2583	490
900	860
2034	1823
491	481
561	550
2238	1981
3893	3184
513	502
3545	2933
1597	1478
1772	1611
1063	1007
3729	3071
1483	1375
3159	253
1907	1719
3785	3109
3570	2953
1838	1661
528	517
3140	2639
1373	1277
615	601
2485	2166
2916	2486
3709	3053
3217	703
1102	1039
1030	977
243	240
3554	2939
1369	1274
3750	3084
4439	3559
295	292
1684	1544
2359	539
4585	3650
1855	1676
2384	2098
866	828
1814	1642
3242	2708
3488	2897
920	879
859	821
3040	2570
4468	3576
3691	3039
1768	1294
4576	1373
464	456
985	935
3106	1724
189	187
1253	1169
822	511
896	129
4482	3585
390	386
1760	1601
1162	1092
4027	2268
2849	2442
291	288
2094	1867
4294	3456
307	303
2366	2082
3564	2948
3725	3067
4440	3560
485	475
540	529
3682	3033
2635	1685
3575	29
2522	2199
3597	2972
4276	3448
1711	1360
3412	2836
255	252
3927	3211
983	933
4220	1310
1769	1608
1327	1236
1101	1038
2057	1842
4114	389
4343	3490
4066	3304
913	872
1563	1447
595	582
2794	2406
2811	551
4500	3600
4045	3292
1206	1130
2327	217
509	498
3610	2981
4255	3436
1826	1652
4207	3401
2151	1918
905	865
2138	1905
4142	3354
783	752
3439	1167
3384	2813
1567	1451
2261	1826
4250	1815
3218	1298
1125	1060
3368	2802
3839	3145
3789	3113
2226	1973
2864	610
3494	601
2433	160
755	6
1960	1764
1041	988
2307	2036
4443	107
2328	2053
2217	1965
1574	1457
28	28
4215	574
3344	2785
1345	1253
3952	2244
2488	2169
559	548
2310	2039
418	413
1496	1387
3907	3195
3173	1566
374	370
4132	3347
2516	2195
3289	2749
1387	1288
3951	3227
4528	3621
2230	1567
2866	2452
3302	1025
4020	3274
2795	2407
201	199
1941	1746
2607	2262
676	656
2482	2165
4168	3374
1312	1222
2525	2201
3840	3146
4179	3383
3063	2588
4549	3629
4026	3278
863	825
725	699
2932	766
2401	2108
2595	2252
3721	3063
4406	3534
757	726
167	165
89	87
4533	294
1586	1468
3512	2912
1286	1198
4388	3525
1407	1307
502	491
4333	3482
3880	3175
8	8
2685	2318
4336	3485
526	515
70	37
2725	457
673	653
3051	2579
1173	1102
2889	2468
357	353
3507	44
1741	842
2738	2359
3754	3088
4152	3361
1660	1523
1708	1564
2431	641
2337	2062
555	544
2961	1199
3521	1395
519	508
4524	3617
1235	47
707	684
1207	613
609	596
917	876
2116	1886
3247	2711
1461	1357
719	94
2633	2283
3862	759
1070	1014
3583	2961
1779	1616
4302	3463
1374	1278
3883	3177
1743	1589
648	630
4312	1498
1902	149
1731	1581
2175	256
192	190
279	276
3578	1764
2349	2071
3782	3108
908	868
3301	2757
3917	3202
3800	766
992	624
220	217
4568	3642
2087	260
3482	2891
1831	614
2802	1882
1608	1484
3618	2989
3536	2927
58	58
1306	1217
3076	2598
3939	3221
2813	2417
2483	151
264	261
2750	2370
354	350
2748	2368
4589	2285
4238	3422
962	389
1576	1459
1755	336
1916	1726
3189	2675
1316	1226
1999	1565
2176	1525
1281	184
644	627
4522	538
3772	3099
416	411
3028	48
4178	3382
1319	1229
3089	2405
1057	119
3576	2956
718	695
3706	3051
4010	3265
4128	3343
870	832
1732	1582
4458	2160
2408	2113
3921	3205
3879	3174
328	324
2909	2481
3859	2877
2578	2243
1037	984
24	24
581	570
2008	1798
2807	2399
1251	1168
2687	2320
2030	1819
2845	977
3134	2637
3638	3001
2001	1795
4394	3528
2041	1829
2126	1896
1669	1530
4172	3377
593	580
2423	2125
3266	2727
4170	3376
931	890
2501	2182
4564	3504
591	345
2629	2279
1066	1010
39	39
3430	2850
2541	2213
4472	653
122	120
481	471
575	564
693	670
3109	2619
833	797
3380	2810
3235	2705
1257	1173
2252	1990
3402	2830
143	141
3562	2946
2168	1199
881	843
2388	2100
4236	3271
2124	1894
3818	3131
489	479
3781	3107
1921	1606
1880	1699
3523	1816
1052	998
1726	1578
1599	1479
4205	3400
566	555
3720	3062
4300	3461
3432	2131
2902	2475
2022	1811
3835	3143
785	754
1027	974
1673	1533
4230	3417
4187	810
3441	2855
3375	2806
347	343
4457	3394
760	729
2430	640
1033	980
2606	2261
1301	1213
4169	3375
4007	3262
1585	1467
3602	334
2995	955
1714	1569
3142	2641
4408	3536
2058	1843
2697	2330
1452	1349
840	803
4249	3432
711	688
2125	1895
395	390
1427	1326
1526	1415
1296	1208
3148	2646
695	672
4235	3288
1502	1393
1957	1761
1699	1559
1517	1406
1195	953
1905	1097
2325	2052
1441	1340
1355	1262
4034	3283
737	621
2801	2411
1364	1270
4438	3558
3381	2811
842	805
4259	810
614	600
427	422
1485	1377
1225	1147
107	105
4540	250
568	557
2491	2172
4578	564
1674	1534
2065	1848
4326	3387
3022	2556
3579	2958
727	701
2560	2227
1919	1729
3453	2866
3282	2743
2627	2277
3392	2821
25	25
3009	2546
781	750
57	57
2200	1951
4095	2371
1691	1551
3016	2552
1663	1525
331	327
378	374
55	55
4340	1061
383	379
4167	3373
4037	3286
69	69
638	621
1987	166
3945	3223
1032	979
26	26
2573	2238
669	649
2042	1830
2839	2438
4029	3280
1889	1706
3547	1511
3423	253
1119	1054
511	500
3305	634
1581	1016
2215	1963
778	747
1260	1176
2074	1854
3131	2635
297	294
1654	1519
3405	2831
4546	3626
413	408
4402	3533
912	871
3224	2698
957	912
2395	2104
2576	2241
3659	2139
4032	904
2549	2218
2487	2168
3640	224
2836	2436
4049	952
1625	1497
3125	2631
2214	1815
4218	3410
1157	1088
854	816
2028	1817
1923	1466
2608	2263
1043	990
3404	2760
1717	670
2998	1907
873	835
4447	333
1087	1027
3751	3085
3472	2881
3731	539
174	172
3612	2983
1845	1073
1849	1670
2062	1845
2334	2059
2224	517
424	419
1762	1603
4008	3263
1620	1175
510	499
2732	700
2990	613
2170	1930
4082	334
1924	156
393	211
1099	566
216	213
104	102
1288	1200
4018	3272
3899	3188
231	228
1016	964
3372	2804
1405	1305
3677	3029
786	755
1636	533
271	268
2468	334
1604	1421
3509	2909
2713	2342
4059	885
3535	960
3448	2861
3364	2799
130	128
2178	1111
2788	2402
2957	1703
4053	54
3462	2874
372	368
600	587
365	361
2900	2474
625	609
1023	970
4193	1598
1756	885
3946	3224
624	608
300	297
3213	227
3186	2673
3459	149
4328	3478
3699	3044
2339	1199
2752	2372
2150	1917
3625	2991
3868	670
2239	1982
2506	2187
1739	1047
616	602
620	418
851	813
3738	451
2424	2126
2841	2440
1878	1697
703	680
1610	1486
2628	2278
1020	366
2385	309
3339	2780
366	362
3711	1229
1325	1234
3885	641
949	907
4212	3405
2921	2490
2827	2429
4469	703
4507	724
1022	969
647	158
359	355
3748	3083
1135	1069
1080	722
4239	3423
1812	1641
98	96
4519	453
1339	1248
2189	1941
1095	1033
4335	3484
2710	187
2372	2087
3261	2722
4322	3474
3815	2955
995	943
2257	1995
1592	1474
521	510
1797	1627
2580	37
1837	1660
3670	3023
3152	2648
2348	529
2816	653
2445	2138
4252	554
3987	3247
1439	1338
973	923
626	610
1189	1115
2587	1782
2949	1850
1535	1229
3170	2659
735	707
1617	1111
1875	1694
1289	1201
1150	1083
706	683
1589	1471
2486	2167
1367	1273
2958	2320
149	147
1314	1224
2634	2284
570	559
1134	1068
602	589
2654	2146
1500	1391
2025	1814
309	305
17	17
4203	3399
3130	2634
2089	1863
4017	3271
3980	3245
275	272
442	436
1406	1306
3478	2887
1097	1035
3334	2776
1616	1492
2852	2444
3845	3151
1276	1190
3959	3233
4389	3526
2253	1991
682	661
3037	2567
30	30
1237	1155
1558	1442
2439	1764
1704	1561
3431	2851
2569	2235
2180	1935
2623	2274
4116	3336
2535	2208
534	523
2670	2308
4434	3556
3822	3133
53	53
2847	2196
2193	1945
3798	3120
1594	1476
3908	3196
1404	1304
3111	2621
4043	3290
4077	3310
564	553
108	106
4224	1298
3979	3244
2959	1220
3021	1592
3313	904
259	256
4126	3341
1476	1370
3467	2877
1580	1463
1522	1411
170	168
3121	1298
4112	3333
2701	21
3609	2980
246	243
2518	2197
4393	1999
944	902
2244	1985
3700	3045
3025	2559
2716	2050
4545	3625
1209	1131
2969	2520
3002	211
4227	3414
349	345
795	762
1965	982
1331	1240
1017	965
619	605
1220	1142
3537	2183
1832	1656
4184	3388
951	614
329	325
2826	2428
3502	2907
608	595
3240	1715
3607	436
887	849
2724	2348
54	54
1155	1086
4538	849
1539	1426
3239	2707
906	866
580	569
3107	2618
2927	84
689	667
1092	1030
1686	1546
801	768
1300	1212
1556	1440
2274	2010
959	914
3821	410
1450	1347
1332	1241
330	326
270	267
319	315
3024	2558
2236	478
3982	242
4091	3319
4400	3532
1639	1507
4341	3489
3624	1191
3286	2747
3386	2815
1284	1196
2513	2193
3832	3140
2579	416
4426	151
2471	2158
2122	1892
890	852
1682	1542
1656	1521
4374	156
232	229
1786	417
651	633
4138	3352
3560	2944
4530	3622
2497	2178
3257	1651
445	439
2639	2286
3047	2576
2260	1998
2986	2534
4548	3628
3649	3009
3033	988
4552	3631
2304	2034
3863	3160
643	626
1428	1327
1159	1090
1347	1255
4513	3608
1783	1457
221	218
1915	1725
3712	3055
3480	2889
3219	11
3328	2773
2037	1826
3887	3179
2814	2418
32	32
1400	1300
84	83
2786	2401
856	818
572	561
1436	1335
2039	1827
406	401
4103	415
2406	2111
4566	3640
2885	550
1330	1239
1223	1145
2172	1680
4424	3549
2484	1967
2997	1906
3385	2814
2291	2024
2945	2100
4153	3362
3969	3240
285	282
1666	1528
2169	906
2526	2202
1680	1540
2619	2270
4351	997
1198	1123
3834	3142
607	594
1290	1202
3248	1076
1842	1664
3369	849
1196	1121
2143	1910
2185	1939
3428	2849
2443	2137
2335	2060
3315	170
3175	2663
844	807
2052	1838
3617	2988
1259	1175
1071	1015
3532	1024
3994	3251
2411	2115
4449	3562
4125	1457
2854	1670
296	293
4102	3325
1158	1089
2940	2504
627	611
3890	310
631	615
287	284
2746	2366
533	522
738	709
2598	2254
1266	1181
1088	1028
4303	1771
4040	3287
2090	1864
915	874
1633	1502
4038	511
789	758
1322	1232
4429	3553
1249	1166
1712	1567
1062	1006
958	913
3527	2921
1554	1438
3613	2984
2592	670
437	431
1672	1532
1054	1000
3635	1301
4292	36
289	286
3795	3118
3819	3132
3468	2878
1822	1649
852	814
3572	2581
976	926
484	474
2857	2446
3864	122
1365	1271
1160	180
4110	3331
2397	262
261	258
1882	1700
605	592
709	686
640	623
3897	3186
2562	2229
4419	514
4136	3350
450	29
1565	1449
1144	1078
109	107
1588	1470
2024	1813
2360	2078
883	845
857	819
3882	3176
1937	1742
1321	1231
3793	3116
1545	1432
465	254
407	402
235	232
2692	2325
680	659
3343	2784
1238	1156
3382	56
266	263
1818	1645
375	371
256	253
2435	2132
2292	2025
997	945
16	16
3293	2752
1833	1657
4560	3636
1593	1475
2992	2538
4225	2893
3847	3153
1069	1013
1794	1625
902	862
1601	766
2528	2204
1568	1452
4521	3615
2174	63
1282	1194
3964	3235
198	196
2681	160
3737	94
2955	700
4310	3467
2093	1866
1979	1780
2711	2340
3595	2971
2064	1847
2203	1954
3113	1118
126	124
460	452
574	563
965	918
1001	949
813	778
2434	2131
262	259
2181	1764
410	405
4216	3408
3510	2910
3636	2999
1167	1096
514	503
4006	3261
283	280
4090	3318
3647	3007
2194	170
154	152
2846	978
3188	2674
4450	3563
4375	3516
2066	975
3648	3008
2767	2384
2245	1191
1103	1040
1852	1673
1107	1043
97	95
1819	1646
3011	2548
1285	1197
4269	3444
1385	1286
3869	3164
3215	2693
1379	122
4307	3465
3571	2954
1073	948
2020	1809
2680	2315
1117	1052
3001	2542
3069	90
2101	1873
3064	2589
3045	1627
762	731
2718	1965
613	599
712	689
2147	1914
1757	1599
35	35
4455	3567
2757	2375
1668	1529
2390	2101
1166	254
299	296
4487	3589
1443	773
1478	1358
4327	3388
3837	3144
621	525
544	533
4383	1201
4073	3307
211	208
3520	2917
3243	2709
3954	3228
1011	959
1546	1433
454	446
641	624
3497	2903
1451	1348
441	435
932	891
233	230
2199	1950
739	710
222	219
532	521
1034	981
1378	1281
2530	2205
1835	1658
3999	3255
2935	2500
2939	2503
242	239
4055	759
3923	3207
1646	1513
2575	2240
145	143
2519	1378
966	919
244	241
2993	2539
1618	1493
3342	2783
3418	2842
3245	2710
1315	1225
2601	2256
1776	1614
2924	1817
337	333
3973	1301
788	757
698	675
1372	1276
101	99
2728	2351
1603	1481
1243	1161
4002	3258
1181	1108
961	670
928	887
3590	2966
1895	1711
3870	3165
3114	2623
2444	1325
3778	3104
3898	3187
103	101
2636	2285
758	727
3193	2679
4553	1910
939	897
2691	2324
3675	3027
1126	1061
3176	2664
4435	3557
47	47
4381	3521
399	394
36	36
3477	2886
1860	1681
1825	453
2777	2393
803	769
1208	614
1468	1363
2934	2499
596	583
2568	2234
3091	2607
1529	569
3278	2739
1143	1077
324	320
2637	428
3849	2339
2590	547
1049	113
153	151
989	938
423	418
3294	2753
3145	2643
2604	2259
3265	2726
2166	135
3587	2964
4570	929
3775	3102
2465	729
3325	773
1171	1100
1487	1379
1901	1283
2046	1064
4588	641
3594	2970
2944	2508
3419	1006
3080	2601
3958	3232
1108	1044
2206	1957
2905	2477
1763	1604
2574	2239
877	839
893	155
590	578
81	80
185	183
179	177
1856	1677
3719	3061
2611	2264
4348	1822
4189	3255
1557	1441
4535	688
2870	1617
4356	3500
3277	2738
1497	1388
831	795
4345	3492
3913	2344
587	576
1951	1381
862	824
4504	3603
2106	1876
1376	1279
1141	1075
1619	1494
3341	2782
3321	2768
1775	1613
314	310
2593	2250
3967	3238
843	806
3378	2808
2005	628
4092	1111
2442	2136
1888	1705
2645	1199
3943	1185
1872	1691
1005	953
3752	3086
2212	1357
2840	2439
3769	3098
1076	1019
2950	2511
2382	2097
209	206
444	438
4582	3647
4144	3355
4525	3618
173	171
1774	1177
3860	3158
1448	1345
1040	987
492	482
239	236
4511	3606
3598	2018
3891	3182
567	556
186	184
1435	1334
386	382
656	98
252	249
3561	2945
2538	707
2588	2247
2432	2130
2365	2081
3592	2968
1600	1480
1984	151
486	476
3057	2582
3555	2940
3881	173
2017	1806
982	932
2943	2507
3207	2688
2511	2191
2379	2094
4486	3588
1530	1418
317	313
334	330
734	706
672	652
4502	3601
3129	2120
2451	2143
1308	1219
306	302
4565	388
4459	1596
3543	428
141	139
2812	552
628	612
1804	1634
918	877
33	33
2210	1961
3194	2680
1231	451
4	4
1727	779
4282	640
2127	1897
4012	3267
3998	3254
4441	759
336	332
4304	1743
634	617
2490	2171
1242	1160
2308	2037
3449	2862
128	126
4058	2946
3151	428
1587	1469
277	274
4366	3509
969	394
459	451
4526	3619
2612	749
3557	2941
4094	3320
3828	3137
929	888
569	558
2305	2035
1657	1522
1411	1311
1354	1261
1449	1346
2232	953
323	319
2198	1949
1295	1207
558	547
4382	1220
2297	2029
494	484
816	781
3	3
177	175
2107	1877
1850	1671
166	164
2300	2032
2856	159
2476	2160
2887	2467
3204	2687
2079	1856
2259	1997
376	372
1759	1600
3766	3097
1250	1167
3975	3137
938	896
963	916
95	93
1628	1500
2229	891
4111	3332
3413	2837
2822	2425
3857	3157
3932	3214
2027	1816
1810	1639
168	166
1024	971
1796	872
420	415
2338	2063
1740	1588
4395	3529
1798	1628
2404	1540
21	21
3416	2840
2402	2109
3003	1247
4093	166
1709	1565
4390	175
1247	1164
3199	2534
1868	1688
2768	2385
3471	2880
865	827
4369	3512
394	389
2729	2352
3304	2759
477	467
127	125
692	669
3133	2636
3653	3011
4134	3349
882	844
4081	3312
4241	3425
4106	3327
2268	2005
3591	2967
1788	1620
2361	2079
4217	3409
397	392
2461	2151
3741	1972
3519	2436
670	650
721	697
1766	387
1817	1501
2502	2183
4098	3323
2016	1805
3110	2620
4398	289
3850	2339
1906	1718
3318	2766
747	718
4314	3388
90	88
2741	2361
3032	2564
1784	1618
3456	2869
2350	2072
3974	428
612	598
1538	1425
2512	2192
2781	2397
3108	247
1268	1183
867	829
506	495
2737	2358
2979	2530
3773	3100
433	427
4262	3439
3777	3103
3068	2593
3629	48
3178	1114
118	116
169	167
610	94
1820	1647
1992	1789
3546	2934
3272	2733
1118	1053
312	308
1524	1413
1390	1291
23	23
4448	1466
531	520
1562	1446
1430	1329
1124	1059
2393	1881
2462	2152
2910	2482
2414	2117
3892	3183
1911	1722
1621	1373
478	468
77	76
748	719
705	682
4454	3566
1781	976
1846	1667
3685	3036
2881	2462
2913	2144
1309	1220
371	367
4011	3266
1375	1201
234	231
2019	1808
767	736
1278	1192
4164	2861
2684	158
1789	437
741	712
3300	1163
4569	3255
4353	3498
1486	1378
253	250
1986	1785
2759	2377
2766	2383
1110	1046
3788	3112
3743	3078
945	903
1792	1623
678	657
3487	2896
1723	1575
807	549
2146	1913
1349	1256
1642	1510
4229	3416
4556	3634
4493	2030
4380	3520
343	339
4285	2018
66	66
3221	186
2867	2453
2784	724
3348	2788
2613	2265
3383	2812
4100	3324
3421	2844
1501	1392
1042	989
2047	1834
2370	1397
2218	1966
823	787
1730	1419
2441	2135
3541	2931
1139	1073
2647	2291
487	477
1383	1284
2926	2494
3060	2585
879	841
2273	2009
2666	2305
4234	3420
4024	1981
4352	3497
3434	2853
2409	2114
576	565
1111	1047
3539	2929
1200	1125
3499	2904
3493	2901
2454	2146
4571	930
1018	966
3794	3117
4271	56
1591	1473
4191	705
3268	2729
2329	2054
1864	1684
3867	3163
1933	1738
2165	1172
4131	3346
1637	1505
3515	2914
3489	2898
3233	2703
1542	1429
1698	1558
3981	3201
3533	2926
3331	2774
3400	2829
3611	2982
2240	1459
2363	1864
245	242
3679	2045
2676	842
512	501
1871	1690
4258	1972
7	7
4492	3593
586	575
3829	3138
3165	2654
853	815
3606	2978
2653	2294
3641	3003
775	744
3704	3049
2991	614
4222	1161
3739	3076
3117	2625
1421	1320
1652	1517
4554	3632
994	942
3061	2586
3332	2775
1416	1315
1800	1630
2038	478
1313	1223
826	790
2177	1933
1596	1161
193	191
405	400
1222	1144
3362	2798
1813	27
4003	948
4231	3418
473	463
1573	976
743	714
573	562
4057	3299
3490	2225
3458	2871
1359	1265
3137	2638
1697	1557
2879	2460
4464	3572
4315	3468
4030	122
1292	1204
1667	685
2510	2190
3895	3185
117	115
2782	2398
42	42
2070	1049
3986	2594
3298	2755
3017	1384
3978	63
1232	1152
4060	3167
3336	955
133	131
2651	781
4208	3402
4031	3281
3812	2340
1121	1056
4412	3540
1267	1182
4483	3586
4079	1483
2289	2022
3534	2762
1291	1203
4182	3386
684	662
750	272
4413	987
2254	1992
4211	934
4562	3638
4016	3270
1961	1765
3657	3014
1590	1472
4558	2838
4013	3268
3928	2640
1265	1180
4430	3242
2764	2381
4349	3495
493	483
1861	1682
2898	2472
3006	2545
1445	1343
2078	825
2284	2019
1272	1187
1622	1495
1462	1358
3036	1733
1696	1556
2171	1931
652	634
2132	9
2505	2186
4123	523
3530	2924
2220	1968
2449	2141
3668	2294
3565	2949
1323	9
3809	3126
4001	3257
779	748
2246	1986
83	82
697	674
557	546
3833	3141
3599	2973
1536	1423
2364	2080
115	113
4317	3470
549	538
1000	948
688	666
2661	2300
258	255
2137	1904
3220	2695
3426	2848
2884	2465
226	223
1068	1012
2131	158
4097	3322
3940	3222
2164	1929
1236	1154
1839	1662
273	270
2809	953
294	291
48	48
2657	2297
3035	2566
2270	2006
3296	2754
2480	2164
3273	2734
1970	1772
3438	471
4186	3390
4219	3411
2440	1357
584	573
2550	2219
3128	2633
4473	3579
3759	2609
251	248
1873	1692
9	9
2546	2216
1583	1465
1997	689
1809	1638
162	160
2298	2030
2659	1167
318	314
272	269
1014	962
642	625
4460	1597
3728	3070
2702	2333
3544	2932
3043	2573
3901	3190
3961	2609
1582	1464
3287	2748
810	775
1084	211
4096	3321
443	437
1806	707
65	65
1983	1783
456	448
1677	1537
2960	193
4145	3147
219	216
3671	2528
2509	2189
3387	2816
3264	2725
3360	2796
1012	960
2080	1857
2745	2365
3420	2843
3593	2969
1344	1143
380	376
3389	2818
3187	758
3042	2572
1929	1735
1935	1740
2265	2002
3259	2720
3643	3005
3753	3087
1093	1031
1459	1356
1689	1549
1722	1574
1402	1302
3225	1199
2205	1956
155	153
3708	3052
3154	2649
1409	1309
835	799
1773	1612
736	708
3263	2724
1082	1023
3582	2960
4555	3633
1381	399
1136	1070
1493	1384
1693	1553
560	549
2271	2007
1533	1421
4019	3273
3103	2615
4305	3464
1543	1430
4015	2701
3104	2616
2922	2491
4506	3605
3096	2611
2896	2470
4297	3459
3681	3032
4518	3613
4442	1143
428	423
1025	972
1398	1298
112	110
1161	1091
1298	1210
1444	1342
2123	1893
1324	1233
1116	1051
1140	1074
1952	1756
2029	1818
704	681
3872	3167
1903	1716
1702	1373
3353	2791
3799	3121
4065	782
1446	1344
4129	3344
3229	2700
3768	2339
1183	1110
869	831
2650	1076
645	628
2376	2091
4083	3313
980	930
1972	1774
1217	1139
2351	2073
4246	3429
111	109
3164	2653
326	322
4529	2578
1914	1509
1917	1727
2195	1946
3962	2820
4264	166
4539	702
4185	3389
2234	1978
3085	2604
3745	3080
4476	2984
4350	3496
3026	309
1396	1296
701	678
2876	1301
429	424
4283	641
3586	2963
1240	1158
3875	3170
3355	2792
522	511
1170	1099
3317	2765
3411	2835
611	597
2736	2357
3429	354
1384	1285
942	900
1226	1148
754	724
790	759
92	90
3957	3231
3373	2805
799	766
1518	1407
45	45
501	490
3646	766
455	447
3280	2741
2095	1868
1213	1135
3596	863
3171	2660
1184	1111
1	1
1758	1202
3138	1167
2069	1850
1735	1584
3574	2955
3081	2602
3820	670
1644	973
4014	3269
3445	2858
2341	2064
3949	3225
1252	766
403	398
134	132
617	603
4025	3277
3200	2684
1706	1563
1205	1129
2073	1853
3097	2612
2743	2363
1363	1269
3463	2875
2696	2329
2317	2046
2954	1829
41	41
3933	3215
683	336
1985	1784
2555	501
1974	1776
2347	2070
2050	1836
1498	1389
898	858
471	461
4586	3651
4368	3511
3251	2713
385	381
543	532
4299	3460
601	588
2426	2128
3504	952
3854	703
2149	1916
1156	1087
2191	1943
1145	1079
4501	159
2352	2074
4135	1020
4155	529
3614	2985
1638	1506
3548	948
2551	2220
43	43
1742	36
1553	1437
3290	2750
1013	961
780	749
384	380
238	235
4298	1431
360	356
1848	1669
2367	2083
4420	3546
1531	1419
2965	2516
1578	1461
1745	1591
2838	354
3652	1794
4384	3522
1912	1723
4074	3308
4265	3441
4195	3393
430	425
4309	3466
848	811
20	20
1821	1648
2783	2399
1004	952
2183	1937
3054	90
3802	1345
1089	1029
2591	2249
184	182
303	300
3052	387
3549	2160
2547	2217
659	640
3442	1504
1489	1381
3966	3237
3905	3193
1293	1205
3491	2899
3135	1167
4531	640
722	624
2262	1999
19	19
4274	3446
3633	2997
4061	3300
1830	613
316	312
313	309
3237	43
2216	1964
3351	508
872	834
1302	1214
520	509
4199	2454
124	122
1561	1445
321	317
2540	2212
4121	2597
2153	1919
1494	1385
215	212
3470	817
377	373
2581	2244
3550	2935
1922	1730
2104	1875
1176	698
4240	3424
685	663
163	161
3696	3042
3041	2571
2278	2014
4202	2960
1326	1235
1934	1739
2233	1977
691	529
744	715
2850	1038
4484	171
227	224
2694	2327
1233	426
2055	1841
13	13
1862	1683
2804	2413
3581	2324
2249	1988
2664	2303
434	428
1904	1717
3141	2640
527	516
274	271
80	79
4474	3580
2656	2296
3322	2769
916	875
2892	898
4213	3406
2952	572
2564	2231
4086	3315
3395	2824
1671	1531
342	338
606	593
2966	2517
3074	2265
1836	1659
2833	1697
3948	170
3886	3178
1685	1545
4296	3458
1795	1626
2754	909
3119	2627
1362	1268
3436	610
2820	2423
794	761
2014	1804
1417	1316
2774	2390
974	924
1484	1376
3393	2822
782	751
3238	2706
3388	2817
1926	1732
2842	1026
2901	837
2609	624
3254	2716
4228	3415
964	917
1885	1702
2187	1786
2706	2337
4344	3491
1681	1541
3044	2574
3556	1486
4085	3314
3569	2952
3241	986
381	377
305	301
2102	1874
2299	2031
3922	3206
182	180
415	410
2869	2455
934	892
60	60
2281	2017
1753	1597
3166	2655
516	505
4070	3306
3309	1751
1828	1654
3911	3198
2722	2346
4036	3285
1096	1034
311	307
933	313
1221	1143
745	716
4194	149
1113	1049
1658	685
4080	2534
1454	1351
1310	1221
948	906
4334	3483
3158	1823
1175	9
110	108
3285	2746
3930	3212
3082	2603
3600	2974
749	720
3658	3015
3184	2671
504	493
4456	3568
4354	885
3588	2965
3465	259
1418	1317
2196	1947
4536	1032
2469	2157
3771	2869
2618	2269
3059	2584
1488	1380
717	694
3005	2544
3903	90
4009	3264
1963	1767
3566	2950
288	285
986	936
2010	1800
4201	3398
2682	2316
4414	3541
4148	3358
2861	2449
3234	2704
3983	2507
1512	1402
194	192
1334	1243
4150	3010
1187	1113
956	911
3150	2647
3702	3047
2626	1715
121	119
1925	1731
4415	3542
136	134
2584	718
808	773
2708	2338
894	855
2375	2090
1949	1754
3508	527
3031	2563
480	470
191	189
3236	786
889	851
3531	2925
699	676
2391	2102
3674	3026
2139	1906
4273	3301
3714	2963
2099	1872
1199	1124
809	774
1956	1760
4378	3519
2742	2362
4520	3614
3970	2205
3553	2938
4139	3353
3153	2224
161	159
1765	1606
524	513
1676	1536
3330	1107
4064	3303
4084	2449
2290	2023
2953	2484
4237	3421
1337	1246
3929	1053
1021	968
830	794
214	211
213	210
3996	410
4499	3599
2982	2067
1659	428
3639	3002
3087	2400
451	443
3724	3066
3018	2553
3500	2905
1148	673
348	344
1964	1768
4543	3623
4197	3395
903	863
2933	2498
650	632
2878	2459
4372	3514
2624	2275
2494	2175
2875	2457
3667	3021
3953	898
1431	1330
1297	1209
301	298
4387	3524
630	614
955	910
4462	3570
2908	2480
4099	833
3806	731
1132	436
2277	2013
4042	3289
503	492
2808	1995
1648	1483
3255	2717
3084	2462
1737	1586
3805	1478
3503	2908
1624	493
2769	2386
3156	640
2524	2200
3995	3252
3338	2779
2154	673
4046	3293
987	364
3161	2534
159	157
3192	2678
468	458
3780	3106
85	84
1426	1325
818	783
1343	1252
3410	2834
1892	1504
388	384
292	289
3124	2630
2026	1815
150	148
3123	2629
2597	2253
3851	3154
1802	1632
3039	2569
4161	3369
139	137
2371	2086
2614	2266
1357	1264
1151	1084
135	133
1352	1259
4260	441
3354	975
1009	957
1909	1721
1715	1357
4471	3578
1203	1127
1631	883
774	743
2287	1864
3122	2628
1403	1303
3642	3004
412	407
993	941
4466	3574
1046	993
4452	3565
1650	1515
88	86
2357	149
2868	2454
3440	2100
2035	1824
1803	1633
3008	1612
3797	122
937	895
3116	2624
1100	1037
2237	1980
2751	2371
998	946
1356	1263
556	545
2903	1118
3715	3057
1003	951
542	531
1169	1098
2707	670
1811	1640
2144	1911
3398	2827
1480	1372
15	15
2355	996
1780	441
2871	1457
2978	2529
2496	2177
370	366
1695	1555
74	73
2322	166
2789	93
4221	3412
3505	822
1085	1025
4256	3437
1523	1412
2800	2410
67	67
2456	1613
2130	1900
439	433
2159	1924
3713	3056
2452	2144
675	655
1540	1427
3071	2595
2223	1971
507	496
4143	2467
1185	1112
2227	1974
3830	3024
1471	190
2323	2050
1388	1289
2021	1810
4147	3357
2353	559
618	604
3909	3197
2447	1108
4247	3430
183	181
4583	3648
3631	2995
1544	1431
1876	1695
2098	1871
2492	2173
910	174
2507	1965
1675	1535
3637	3000
3320	2767
62	62
2531	493
3757	3091
3324	2770
1273	470
1174	1103
2405	2110
919	878
4331	2079
422	417
3337	2778
401	396
2714	2343
4270	472
2834	2434
1627	1499
364	360
3451	2864
1133	1067
4127	3342
1188	1114
2031	1820
855	817
821	786
3377	2807
4512	3607
2980	2531
387	383
2565	2232
240	237
2874	1457
2478	2162
2288	2021
2354	2075
4401	107
3357	2794
2467	2156
2092	759
367	363
2282	2018
837	801
4515	3610
3689	1641
3935	3217
2109	1879
1081	1022
687	665
4411	3539
972	922
2429	817
2051	1837
344	340
2951	2512
1351	1258
2981	2532
3136	516
3112	2622
720	696
3185	2672
2617	2104
2392	90
3396	2825
2596	373
3915	3200
2570	2236
4542	1772
796	763
686	664
3417	2841
653	635
975	925
2463	2153
4572	3643
1551	438
4403	333
1692	1552
1978	1779
924	883
2625	2276
132	130
4407	3535
1607	707
742	713
3902	3191
3735	3074
197	195
1474	1368
4478	3582
1733	1583
1630	1501
1897	1712
847	810
3177	2665
2134	1901
2917	2487
2622	2273
2793	2405
3697	3043
1191	1117
3067	2592
553	542
3683	3034
897	857
636	619
1028	975
690	668
4367	3510
37	37
1358	176
868	830
4386	2287
3942	1809
3985	3246
4039	93
12	12
4188	3391
1572	1456
1877	1696
3132	268
499	488
2077	461
4088	2737
2967	2518
236	233
2689	2322
3603	2975
1239	1157
2799	2409
3270	2731
3201	2685
2381	2096
218	215
2545	2215
1466	1361
2112	1882
4089	3317
396	391
2342	2065
3319	1029
766	735
594	581
798	765
3079	2600
2012	1802
1626	1498
2459	2149
4242	1803
2061	1844
4293	3455
3262	2723
2855	2445
199	197
1958	1762
988	937
1940	1745
1977	1778
700	677
4033	3282
2863	1771
3292	2751
2700	2332
3267	2728
2686	2319
1120	1055
563	552
3755	3089
3807	2786
1869	19
950	613
3196	1320
4175	3380
49	49
2620	2271
4496	3596
2731	2354
248	245
482	472
470	460
2548	193
457	449
488	478
1104	1041
1995	1792
2266	2003
3115	327
172	170
1579	1462
2640	1668
4166	1741
753	723
845	808
1019	967
3029	2561
4567	3641
1434	1333
3232	2702
3012	2356
2984	1630
2693	2326
1694	1554
3352	2790
3626	1438
752	722
1854	1675
1891	1708
3004	2543
4113	3334
2105	1077
2630	2280
3198	2683
2333	2058
1548	1435
2173	1932
2533	2207
3589	1991
552	541
2377	2092
3376	1329
106	104
3914	670
247	244
1090	508
2844	211
100	98
3900	3189
2369	2085
202	59
40	40
1255	1171
2120	1890
1513	1403
1844	1666
2621	2272
2415	2118
217	214
2458	2148
147	145
3817	2922
3672	3024
1204	1128
4338	3487
4523	3616
539	528
2915	2485
811	776
3710	3054
1258	1174
2941	2505
158	156
2989	2537
2683	2317
4078	3311
4453	2749
2665	2304
421	416
3090	438
4579	3645
1994	1791
1456	1353
4508	1462
764	733
4248	3431
2983	2533
726	700
2554	2223
3836	811
3529	2923
1094	1032
875	837
3295	1451
448	441
131	129
3283	2744
1615	1491
4379	309
3524	2918
1341	1250
3034	2565
1424	1323
2208	1959
1799	1629
175	173
4130	3345
2312	2041
1948	1753
3950	3226
2481	1089
1317	1227
1394	974
1801	1631
1649	1514
3843	3149
1075	1018
2544	209
2882	2463
1256	1172
3062	2587
4541	574
1193	1119
588	158
3486	2895
3874	3169
1521	1410
1705	1562
2446	2139
1216	1138
322	318
3474	2883
1333	1242
3492	2900
2572	1179
4527	3620
1623	1496
1728	1579
1408	1308
263	260
2532	2206
1947	1752
3346	1689
2873	529
3415	2839
281	278
1569	1453
71	70
3088	2606
2280	2016
2121	1891
1264	1179
880	842
1969	1771
3072	416
3102	2614
2453	2145
1395	1295
535	524
2394	2103
1335	1244
1177	1104
3827	804
3622	2737
4109	3330
3616	2987
2049	404
1510	1400
249	246
4120	1163
2241	1983
1212	1134
1950	1755
4047	2191
3916	3201
2772	2388
1504	1395
1464	1360
400	395
1549	1436
2067	1849
1031	978
1700	1560
4444	3561
1841	415
1305	1216
2006	1797
589	577
4004	3259
3095	2610
333	329
2294	2026
4196	3394
841	804
3291	2450
1007	955
637	620
1429	1328
1248	1165
4510	253
3779	3105
1729	1580
4063	3302
1655	1520
2343	2066
1279	1193
2152	688
1106	549
431	426
3925	3209
3803	3123
1988	1396
94	92
2412	505
2158	1923
2428	2129
2083	1859
4396	3530
4409	3537
1091	872
2853	729
763	732
2202	1953
3335	2777
276	273
4377	3518
1318	1228
51	51
2919	2488
4405	1325
2667	1761
3665	3019
1612	1488
1197	1122
4076	2625
1078	1021
2085	1254
1479	1371
3756	3090
212	209
2527	2203
2971	2522
315	311
3365	2800
4491	3592
3931	3213
190	188
3367	1247
3552	2937
1061	1005
1679	1539
2374	2089
2332	2057
257	254
4358	3502
2264	2001
475	465
2616	2268
1229	1150
1791	1622
1807	1636
2316	2045
4041	3288
1499	1390
114	112
2207	1958
2508	2188
2464	2154
500	489
1149	1082
2895	439
