directedby	movie
1299	1191
3037	2753
1744	1588
2692	2453
3920	3561
113	107
4070	3690
3903	3545
2185	1985
261	245
2752	2505
3038	2754
1974	1793
1298	1191
4196	3800
1946	1767
2791	2542
3917	3558
3258	2952
129	123
2967	2701
3730	3384
3458	3134
3472	3144
4448	4029
656	602
2943	2680
1510	1382
1833	1665
4249	3846
1598	1454
2208	2005
4250	3847
1514	1386
3795	3443
2746	2500
896	820
1358	1243
830	762
4110	3725
2966	2701
1025	936
1047	957
1688	1540
3801	3449
1687	1539
4005	3639
3716	3373
1892	1720
2099	1908
2700	2459
1778	1620
631	578
3191	2889
2243	2037
2543	2316
2748	2501
1054	964
2520	2293
850	780
3559	3228
1062	969
2271	2064
2495	2271
1851	1683
112	107
2606	2375
1689	1540
3715	3373
2098	1908
2788	2539
459	421
978	896
2747	2501
4155	3768
2865	2610
4081	3697
3406	3093
3084	2790
2130	1936
3554	3224
4177	3789
3264	2958
2369	2153
1066	973
502	461
3213	2910
2362	2147
4375	3965
3483	3155
1795	1630
482	442
4073	3690
2572	2343
1372	1255
2864	2610
1009	922
1887	1715
2611	2380
2877	2621
3494	3165
3555	3224
1982	1800
3261	2955
667	612
2448	2229
1410	1291
2676	2439
4274	3871
148	141
3644	3311
2317	2105
1794	1630
3731	3384
4072	3690
3932	3572
3390	3077
2755	2508
2058	1874
4232	3831
2191	1991
3328	3019
3706	3365
2671	2435
2697	2456
1902	1729
1350	1236
2725	2482
3666	3330
1764	1606
2736	2492
2896	2639
4071	3690
706	648
2449	2230
1220	1117
3023	2749
1888	1716
4231	3831
3108	2813
1213	1112
2363	2147
3938	3577
3665	3330
2897	2640
3568	3237
4433	4016
1423	1303
404	370
1439	1318
2505	2279
508	466
846	776
672	617
1956	1776
4589	4159
2384	2167
3317	3008
184	176
3974	3610
3430	3107
2483	2260
1812	1645
341	316
405	370
4229	3829
1422	1303
998	913
4434	4016
2886	2629
4520	4097
3936	3575
4313	3907
1180	1080
845	776
2885	2629
3873	3517
1218	1116
3536	3206
1838	1670
3684	3345
1342	1228
235	223
3315	3006
101	96
4435	4016
3995	3631
997	913
1793	1630
3419	3099
1032	942
1482	1357
848	778
2467	2245
275	258
1828	1660
47	46
1473	1349
857	786
3899	3541
3325	3016
2209	2006
4228	3829
1008	922
565	519
2028	1845
1016	928
3050	2765
2776	2528
2860	2606
864	792
3288	2980
1776	1618
2029	1846
4182	3793
3163	2863
2240	2034
3883	3527
3100	2805
181	173
3546	3216
3418	3099
566	519
4347	3938
1185	1085
729	669
40	39
3895	3537
3314	3005
2775	2528
4487	4064
400	370
3125	2827
2421	2204
3772	3421
387	358
4415	4003
3627	3294
72	69
4269	3866
1407	1288
2224	2020
692	636
401	370
2328	2115
2760	2513
3588	3257
702	645
659	605
1675	1528
1040	950
666	611
4305	3899
3859	3503
1791	1628
577	529
844	775
1366	1250
3755	3407
703	645
2821	2568
3110	2814
402	370
1572	1433
3837	3485
4213	3816
225	214
942	865
3683	3345
1462	1339
843	775
1761	1604
3433	3110
1367	1250
304	285
1579	1438
2603	2372
403	370
728	669
4113	3728
4207	3810
3771	3421
3137	2838
3387	3075
520	476
719	661
1777	1619
1461	1339
1881	1709
3212	2909
1351	1237
752	690
2419	2202
4151	3765
3963	3600
3904	3546
4246	3844
2869	2614
4449	4030
1548	1418
3921	3562
2100	1909
3267	2961
1455	1333
1485	1360
2778	2530
2230	2026
3377	3065
4374	3964
538	494
2465	2243
2723	2480
116	110
2817	2564
1922	1746
4557	4130
3612	3280
2537	2310
2615	2383
2664	2429
3216	2912
3166	2866
660	605
867	795
1010	922
2524	2297
4376	3966
2266	2059
390	361
2109	1916
3682	3344
1635	1488
4498	4075
4351	3942
3106	2811
3982	3618
153	146
273	256
3294	2985
60	57
2276	2069
783	717
377	348
372	343
1985	1803
2444	2225
3104	2809
3856	3500
1495	1370
768	706
3894	3536
2958	2694
3676	3338
3732	3385
3680	3342
163	156
250	236
739	679
3015	2741
3446	3123
2858	2604
1621	1474
782	717
109	104
871	799
1765	1607
751	690
2284	2074
2539	2312
789	723
2722	2479
3009	2735
3405	3092
1437	1316
2955	2692
2180	1981
3744	3396
3109	2814
1702	1550
3832	3480
2339	2125
146	139
526	482
1480	1355
3764	3415
4227	3828
4451	4032
1029	940
3003	2730
4440	4021
2068	1883
3046	2761
4297	3893
1489	1364
169	162
3008	2734
2424	2207
4502	4079
3519	3189
3763	3415
3535	3205
3215	2912
1214	1113
2473	2251
1552	1422
1582	1441
3600	3268
325	304
4582	4153
2301	2089
440	403
1955	1776
4298	3893
152	145
3875	3519
4413	4001
323	302
3576	3245
2226	2022
4164	3776
3201	2898
2593	2363
3355	3044
362	335
4245	3844
2288	2077
2968	2702
3888	3531
4517	4094
1417	1298
4230	3830
435	398
2023	1840
71	68
239	227
832	764
3577	3245
1222	1119
4574	4146
3129	2831
710	652
1596	1452
4142	3756
79	75
85	80
1992	1810
1086	992
103	98
934	857
3791	3440
917	840
3107	2812
763	701
1268	1164
3214	2911
1031	941
424	389
4349	3940
475	435
3940	3579
3580	3248
4278	3875
2095	1905
4198	3802
1320	1210
2031	1848
519	475
140	133
4588	4158
3789	3438
3128	2830
872	800
4394	3983
3792	3440
131	125
441	403
2491	2268
3278	2971
1036	946
1267	1164
1647	1500
939	862
1632	1485
1112	1016
2474	2251
474	435
1755	1598
3667	3331
769	707
2121	1927
406	371
4361	3952
747	686
623	571
1339	1225
2173	1974
1038	948
597	547
4391	3980
817	749
473	435
2034	1851
2277	2070
7	6
3013	2739
1408	1289
2544	2317
3981	3617
3803	3451
1539	1410
3821	3469
1509	1381
3608	3276
409	374
744	683
2942	2679
4390	3980
210	199
2188	1988
556	511
1380	1262
816	749
3220	2916
3200	2897
1030	941
164	157
2033	1850
3557	3226
2970	2704
1813	1646
3625	3292
3542	3212
2833	2580
3442	3119
4311	3905
2454	2235
4442	4023
1182	1082
2407	2190
4343	3934
4412	4000
4398	3987
3274	2967
685	629
4017	3650
2054	1870
1136	1040
2689	2451
418	383
3915	3556
4367	3957
1163	1064
392	363
669	614
619	567
3768	3418
639	586
1719	1566
3839	3486
1962	1782
3945	3583
2835	2582
4417	4005
4587	4158
3506	3176
352	326
260	245
533	489
1822	1655
419	384
785	719
755	693
3961	3598
2880	2624
2704	2463
4504	4081
3838	3486
2264	2057
4324	3917
227	216
1873	1703
2063	1879
2201	1999
724	666
69	66
353	326
1683	1535
3251	2946
2118	1924
3056	2770
4400	3989
3447	3124
2075	1888
1840	1672
4085	3701
2019	1836
3629	3296
2261	2054
4118	3733
1819	1652
813	746
3206	2903
4344	3935
367	339
2272	2065
2624	2392
3012	2738
4336	3928
988	905
495	454
3673	3336
3949	3587
1785	1623
2882	2626
1307	1199
76	72
715	657
2439	2220
3955	3592
1133	1037
1861	1691
3132	2834
863	791
2962	2698
1723	1569
1894	1722
4541	4115
3422	3099
4236	3835
3674	3336
3767	3418
3648	3315
3933	3573
3775	3424
4174	3786
801	734
663	608
1335	1222
2192	1992
1860	1691
3022	2748
1662	1515
4512	4089
1587	1446
3958	3595
2275	2068
2394	2177
3232	2928
1383	1265
3146	2847
396	367
701	644
448	410
3564	3233
3937	3576
3761	3413
576	528
537	493
1097	1003
408	373
1483	1358
1122	1026
4568	4141
1404	1285
881	809
2290	2079
1810	1643
3855	3499
3374	3062
4377	3967
17	16
738	678
2759	2512
238	226
3900	3542
1896	1723
745	684
2305	2093
34	33
3323	3014
3760	3412
357	330
2590	2360
356	329
4511	4088
3313	3004
2888	2631
130	124
270	253
167	160
2352	2138
461	423
3075	2781
615	563
384	355
3113	2817
678	623
1191	1091
453	415
4407	3995
3750	3402
2840	2587
3226	2922
3000	2727
3322	3013
173	165
514	470
1051	961
4149	3763
55	52
1378	1260
2477	2254
2248	2042
4125	3740
4083	3699
558	513
2092	1902
1035	945
3850	3495
3635	3302
4551	4124
2017	1834
3421	3099
1725	1571
3316	3007
4285	3881
970	890
1571	1432
3102	2807
1109	1014
835	767
4356	3947
4202	3806
78	74
2149	1952
3420	3099
904	828
1726	1571
2631	2398
2701	2460
2316	2104
3758	3410
4212	3815
75	72
2144	1948
3551	3221
74	71
4406	3995
4539	4113
4562	4135
2724	2481
2844	2591
4342	3933
4538	4113
2346	2132
2516	2289
4293	3889
2161	1964
4248	3845
3560	3229
1661	1514
976	894
4064	3690
3087	2793
1103	1008
1037	947
873	801
1309	1201
995	911
1917	1742
4537	4113
3613	3281
4234	3833
4171	3783
1900	1727
4105	3721
1104	1009
586	538
2159	1961
1652	1505
4247	3845
3663	3328
1026	937
1802	1636
4063	3690
3607	3275
1918	1742
3514	3184
3361	3050
180	172
1943	1765
2630	2397
4031	3662
578	530
929	852
2930	2669
4066	3690
677	622
175	167
1090	996
2000	1818
2420	2203
358	331
870	798
2060	1876
1978	1796
4296	3892
1503	1375
2906	2649
4065	3690
2931	2669
2125	1931
1847	1679
2045	1861
4380	3970
4368	3958
2751	2504
4068	3690
1186	1086
4219	3821
1328	1216
2485	2262
3336	3026
3142	2843
521	477
4500	4077
4395	3984
245	232
3373	3062
1192	1092
2670	2434
159	152
468	430
693	637
2414	2197
3468	3139
1119	1023
4067	3690
449	411
2525	2298
1348	1234
4475	4054
2954	2691
1779	1621
1987	1805
2801	2551
3783	3432
4220	3822
1636	1489
1337	1223
3291	2983
1808	1642
1983	1801
2353	2139
1074	981
2297	2085
324	303
3877	3521
1219	1117
3282	2974
925	848
1465	1342
1356	1241
1680	1533
2238	2032
1809	1642
2796	2546
2922	2662
156	149
4069	3690
1766	1608
2296	2085
1703	1551
2141	1945
2702	2461
4218	3821
4265	3862
1081	987
1474	1350
92	87
464	426
2634	2401
3677	3339
32	31
2795	2546
3597	3265
2237	2032
2750	2503
4346	3937
3565	3234
1897	1724
937	860
814	747
2923	2662
1300	1192
931	854
1844	1676
3135	2836
1753	1596
1377	1259
410	375
3948	3586
1521	1393
3652	3319
2761	2514
1420	1301
3381	3069
3964	3601
650	596
4014	3647
1606	1461
4416	4004
4396	3985
3532	3202
1426	1305
3305	2996
4484	4061
1004	919
2256	2049
4050	3677
975	893
1522	1393
4034	3665
4255	3852
337	312
111	106
2446	2227
1644	1497
3398	3085
1469	1345
2409	2192
2197	1996
1627	1480
1754	1597
535	491
2408	2191
214	203
335	310
1620	1473
1752	1596
2059	1875
1034	944
2268	2061
1578	1437
1478	1353
4059	3686
3451	3128
2122	1928
2198	1996
2065	1880
683	627
3194	2892
1072	979
2871	2615
1984	1802
1201	1101
1477	1353
2812	2560
3053	2768
3227	2923
284	266
334	310
2607	2376
3831	3479
4200	3804
585	537
2866	2611
2870	2615
544	500
4555	4128
3440	3117
480	440
3179	2878
2811	2560
3798	3446
883	811
1028	939
4042	3670
3561	3230
63	60
4078	3694
1015	927
1138	1042
1959	1779
2591	2361
993	909
1659	1512
3399	3086
3095	2801
1486	1361
436	399
2196	1996
4382	3972
2924	2663
1195	1095
472	434
1095	1001
2437	2218
1807	1641
417	382
4461	4041
3400	3087
3596	3264
588	540
2371	2155
2680	2442
2286	2076
2345	2131
2478	2255
3718	3375
4584	4155
1231	1128
3365	3054
1677	1530
2728	2485
1159	1061
1695	1546
2108	1915
345	320
4262	3859
3343	3032
1525	1396
2220	2016
2920	2660
915	838
2389	2172
3141	2842
3727	3382
3116	2820
2521	2294
2488	2265
2287	2076
913	836
2097	1907
3167	2867
1852	1684
142	135
532	488
298	279
2086	1897
1696	1546
2515	2288
2107	1915
3330	3021
3584	3252
4273	3870
1544	1415
1412	1293
2732	2489
3043	2758
840	772
2654	2420
2945	2682
1409	1290
3825	3473
1228	1125
4327	3919
2395	2178
2355	2141
4497	4074
3985	3621
1255	1151
1938	1761
2517	2290
1701	1549
119	113
285	267
860	788
4508	4085
570	522
2959	2695
3787	3436
3455	3131
4144	3758
2331	2118
431	394
4373	3963
1343	1229
1951	1772
2565	2337
1387	1269
2647	2414
1614	1468
4093	3709
3208	2905
690	634
2554	2327
1923	1747
1937	1760
1433	1312
1871	1701
2803	2553
2222	2018
19	18
1242	1138
1388	1270
658	604
3572	3241
1868	1698
1073	980
1445	1324
721	663
1846	1678
2044	1860
1252	1148
1615	1468
3749	3401
4326	3919
385	356
757	695
2064	1880
3874	3518
1939	1762
2487	2264
4098	3714
1014	926
4094	3710
2588	2359
1820	1653
1676	1529
3225	2921
1883	1711
2189	1989
1065	972
2730	2487
4106	3722
221	210
467	429
274	257
2842	2589
2925	2664
2887	2630
1519	1391
4107	3722
2589	2359
3696	3357
1895	1723
3562	3231
343	318
2200	1998
2737	2493
3934	3574
807	740
286	268
1986	1804
842	774
295	276
3010	2736
4404	3993
1492	1367
596	546
3391	3078
560	515
3019	2745
3383	3071
379	350
3935	3574
2094	1904
4560	4133
4226	3827
1128	1032
3659	3324
4233	3832
3896	3538
4411	3999
3283	2975
1196	1096
125	119
536	492
3836	3484
1649	1502
504	463
108	103
383	354
2022	1839
3806	3454
3432	3109
3553	3223
1529	1400
4282	3879
3103	2808
3425	3102
48	47
641	588
457	419
2211	2008
4157	3770
1227	1124
1174	1074
1155	1057
2912	2655
2928	2667
1645	1498
3714	3372
784	718
741	680
3257	2951
3813	3461
540	496
1078	985
2997	2726
319	298
4348	3939
2903	2646
3178	2877
787	721
3862	3506
3754	3406
2538	2311
1597	1453
629	577
4353	3944
51	49
740	680
1079	985
4446	4027
3809	3457
3587	3256
1363	1247
607	556
3138	2839
698	641
450	412
1318	1208
861	789
67	64
4114	3729
3445	3122
955	877
543	499
1206	1106
3152	2853
2617	2385
4486	4063
4554	4127
294	275
3242	2937
4194	3798
2714	2472
176	168
2078	1890
4491	4068
3318	3009
2675	2438
2273	2066
2332	2119
4286	3882
4470	4050
1453	1331
1811	1644
4225	3826
2235	2030
12	11
2399	2182
2401	2184
2884	2628
3476	3148
4444	4025
1059	968
2299	2087
4150	3764
4044	3671
1981	1799
837	769
127	121
2324	2111
1157	1059
104	99
737	677
3384	3072
1132	1036
1108	1013
4119	3734
1247	1143
1534	1405
99	94
3790	3439
1277	1172
3969	3605
2170	1972
1638	1491
1167	1068
2114	1920
1283	1177
4468	4048
4300	3895
1295	1188
1634	1487
2998	2726
646	592
3870	3514
1975	1794
4523	4100
1476	1352
1464	1341
1926	1750
2056	1872
3643	3310
2794	2545
2810	2559
3269	2963
26	25
637	584
2944	2681
1452	1331
166	159
3660	3325
3628	3295
1628	1481
2659	2425
3275	2968
1125	1029
4004	3638
1508	1380
4283	3879
1605	1460
2247	2041
1850	1682
3014	2740
3081	2787
4479	4058
3297	2988
2547	2320
1398	1280
2313	2101
3183	2882
803	736
4445	4026
110	105
1397	1279
62	59
3185	2883
4186	3796
3592	3261
3228	2924
2252	2045
2769	2522
1087	993
3482	3154
1581	1440
564	518
1968	1787
3745	3397
950	873
4383	3973
2650	2417
4464	4044
2834	2581
413	378
322	301
380	351
610	559
3303	2994
2171	1972
213	202
742	681
330	307
4152	3766
587	539
1665	1518
4388	3978
1146	1050
1839	1671
420	385
2949	2686
513	469
2622	2390
1969	1788
3174	2873
4456	4037
3307	2998
2832	2579
824	756
3865	3509
2079	1891
2270	2063
1454	1332
4418	4006
1854	1686
1154	1056
4323	3916
4138	3752
27	26
2132	1938
4309	3903
1302	1194
232	220
4028	3660
3595	3263
1018	930
2989	2719
3020	2746
4051	3678
2988	2718
3622	3289
307	286
3681	3343
3101	2806
3642	3309
992	908
4029	3660
512	469
501	460
4108	3723
223	212
3496	3167
1140	1044
4043	3670
1436	1315
3698	3359
483	443
80	76
306	286
2182	1983
2816	2563
4496	4073
444	406
1027	938
865	793
2829	2576
3250	2945
351	325
4087	3703
2532	2305
3505	3175
2749	2502
354	327
1646	1499
2146	1950
986	903
2758	2511
1458	1336
2726	2483
2855	2601
305	286
2175	1976
894	818
241	228
452	414
1346	1232
265	249
207	197
2105	1913
1058	967
437	400
82	78
3190	2888
3368	3057
4235	3834
3219	2915
18	17
600	549
4095	3711
23	22
445	407
3184	2882
1317	1207
3757	3409
3620	3287
240	228
382	353
2526	2299
3133	2835
4466	4046
4180	3792
3812	3460
3324	3015
208	197
2828	2575
643	590
636	583
3927	3567
4422	4008
2711	2469
877	805
3388	3076
3134	2835
287	269
2218	2014
2260	2053
4399	3988
1396	1278
4181	3792
3452	3129
2993	2722
2893	2636
4534	4110
1616	1469
4421	4008
1821	1654
1656	1509
3304	2995
455	417
52	50
2385	2168
1491	1366
3631	3298
3453	3129
3094	2800
1224	1121
4420	4008
2398	2181
1226	1123
876	804
2046	1862
3280	2972
1904	1731
1916	1741
2337	2123
53	50
54	51
1375	1257
3925	3565
3502	3172
1250	1146
4328	3920
4322	3915
2874	2618
1625	1478
416	381
2567	2339
4167	3779
4499	4076
2466	2244
4120	3735
2638	2405
668	613
1260	1157
1056	965
1139	1043
2179	1980
1362	1246
2716	2474
552	507
2124	1930
297	278
2499	2274
1775	1617
4425	4008
4084	3700
1325	1214
1088	994
2251	2044
243	230
2294	2083
1148	1052
4495	4072
4032	3663
21	20
1055	965
2798	2548
800	733
2604	2373
1958	1778
2983	2715
4427	4010
2961	2697
3298	2989
1361	1246
4307	3901
212	201
2621	2389
4077	3693
4424	4008
4357	3948
2084	1895
812	745
124	118
2291	2080
4026	3658
933	856
528	484
490	449
771	709
2797	2548
3263	2957
4403	3992
3693	3354
1005	920
3817	3465
3914	3555
1882	1710
3994	3630
3846	3491
1787	1625
3808	3456
2577	2348
3641	3308
3606	3274
3471	3143
1405	1286
1973	1792
2221	2017
1050	960
1006	920
3235	2930
4423	4008
4053	3680
1077	984
559	514
1555	1425
4586	4157
2214	2010
794	728
571	523
2596	2365
1516	1388
4524	4101
2553	2326
579	531
2947	2684
1013	925
3434	3111
3710	3368
3417	3098
3591	3260
3474	3146
1694	1545
2057	1873
1144	1048
3140	2841
2378	2161
3231	2927
866	794
4277	3874
147	140
2992	2721
3686	3347
3878	3522
1049	959
2641	2408
539	495
3664	3329
1713	1561
2326	2113
700	643
497	456
3079	2785
3006	2732
679	624
2304	2092
1450	1329
3488	3159
1336	1222
2672	2436
3639	3306
529	485
1697	1547
1446	1325
355	328
2799	2549
134	128
4261	3858
165	158
2618	2386
2875	2619
2504	2278
3770	3420
4088	3704
966	887
1326	1214
2712	2470
143	136
1698	1547
1274	1169
4260	3857
3692	3353
4528	4105
4035	3666
3176	2875
1083	989
3371	3060
2460	2240
4002	3636
1771	1613
642	589
219	208
1048	958
3779	3428
3610	3278
1699	1547
1595	1451
3847	3492
3781	3430
3872	3516
3700	3360
1653	1506
1123	1027
1633	1486
699	642
2194	1994
3193	2891
3380	3068
70	67
2818	2565
1742	1586
1243	1139
2481	2258
1371	1254
3897	3539
2677	2440
4243	3842
342	317
3976	3612
1475	1351
1160	1062
3669	3332
4131	3745
3523	3193
3889	3532
222	211
3145	2846
4195	3799
2396	2179
3389	3076
1541	1412
4251	3848
879	807
4569	4142
2815	2562
2780	2532
1161	1062
3668	3332
86	81
720	662
924	847
2041	1857
2542	2315
750	689
2883	2627
828	760
291	272
3061	2774
3549	3219
1200	1100
2012	1829
1690	1541
2322	2109
3437	3114
1044	954
4132	3746
3581	3249
471	433
1651	1504
920	843
2037	1854
868	796
1494	1369
31	30
2632	2399
1504	1376
2468	2246
3531	3201
2018	1835
581	533
1542	1413
2318	2106
2349	2135
1705	1553
2489	2266
3984	3620
1024	935
432	395
624	572
1988	1806
3719	3376
971	891
1722	1568
133	127
2372	2156
3495	3166
3055	2769
1732	1576
2551	2324
2919	2659
2578	2349
3063	2774
1188	1088
4330	3922
1543	1414
1626	1479
733	673
3810	3458
2628	2396
3796	3444
3690	3351
3211	2908
1639	1492
3054	2769
1950	1771
2278	2070
2241	2035
296	277
2918	2659
3454	3130
447	409
3051	2766
940	863
3062	2774
1116	1020
746	685
640	587
730	670
2381	2164
4549	4122
347	322
1729	1574
2586	2357
2862	2608
4521	4098
446	408
217	206
2412	2195
4010	3643
359	332
2800	2550
3534	3204
421	386
2279	2070
2789	2540
1549	1419
1832	1664
1176	1076
549	504
3065	2774
1947	1768
2411	2194
2917	2659
3074	2780
4563	4136
2113	1919
3868	3512
1394	1276
280	262
1156	1058
3221	2917
2956	2693
1679	1532
4431	4014
139	132
815	748
1741	1585
4428	4011
2368	2152
2916	2659
3064	2774
4478	4057
3198	2896
635	582
3265	2959
2456	2237
3326	3017
2620	2388
454	416
293	274
4172	3784
3902	3544
4080	3696
2957	2693
3199	2896
398	369
2077	1889
3912	3553
1801	1635
1721	1568
3067	2774
3579	3247
3499	3170
982	899
3819	3467
2451	2232
4462	4042
209	198
2076	1889
2528	2301
3147	2848
399	369
3066	2774
1749	1593
822	754
3222	2918
281	263
2921	2661
3155	2856
2581	2352
3759	3411
2441	2222
4302	3896
2119	1925
3035	2751
4049	3676
2402	2185
627	575
2055	1871
2573	2344
4290	3886
160	153
2005	1822
2536	2309
977	895
3886	3529
2205	2002
2392	2175
735	675
226	215
1930	1754
1442	1321
1248	1144
174	166
2110	1916
3068	2774
4564	4137
2004	1822
2996	2725
4372	3962
4514	4091
2168	1970
517	473
2117	1923
2204	2002
1869	1699
220	209
4476	4055
2863	2609
3738	3390
4163	3775
855	784
135	129
3508	3178
4550	4123
4494	4071
3144	2845
2792	2543
1429	1308
2418	2201
3928	3568
2052	1868
2876	2620
3947	3585
4170	3782
4185	3795
4542	4116
3033	2751
3034	2751
2552	2325
4354	3945
3431	3108
2120	1926
1520	1392
4516	4093
3959	3596
3624	3291
1402	1283
3354	3043
938	861
3151	2852
1085	991
1369	1252
4156	3769
3334	3024
33	32
1210	1109
1901	1728
4184	3794
952	874
91	86
603	552
1899	1726
4381	3971
1608	1463
3031	2751
1061	968
3457	3133
999	914
2312	2100
2636	2403
2329	2116
1039	949
3277	2970
88	83
2156	1958
4547	4120
1352	1238
388	359
494	453
4183	3794
1060	968
168	161
3032	2751
1763	1605
825	757
2219	2015
1691	1542
2509	2283
3002	2729
1760	1603
4216	3819
3117	2821
895	819
1762	1605
3394	3081
94	89
1007	921
3849	3494
1945	1766
3840	3486
1913	1738
2843	2590
1355	1240
1124	1028
374	345
231	219
237	225
4510	4087
3962	3599
3030	2751
2190	1990
984	901
1944	1766
1898	1725
3236	2931
647	593
2431	2212
1751	1595
3154	2855
1499	1373
2387	2170
4477	4056
1344	1230
967	888
2186	1986
3123	2825
2594	2364
2938	2675
1759	1602
2181	1982
2254	2047
1724	1570
1717	1564
2236	2031
2933	2671
3573	3242
2310	2098
1253	1149
1498	1373
2021	1838
1911	1737
2493	2269
1836	1668
3598	3266
1481	1356
567	520
1304	1196
318	297
3911	3552
961	882
2032	1849
3923	3564
2827	2574
2850	2596
3753	3405
438	401
2009	1825
2492	2269
58	55
279	262
509	467
2430	2212
4166	3778
4021	3654
1130	1034
1538	1409
2890	2633
3924	3564
4535	4111
4284	3880
4266	3863
3393	3080
1774	1616
3726	3381
2926	2665
25	24
2008	1825
466	428
3481	3153
2015	1832
3007	2733
3029	2751
3341	3030
4457	4038
1603	1458
2027	1844
4121	3736
3863	3507
3295	2986
1142	1046
2715	2473
236	224
919	842
2913	2656
3950	3588
890	814
1107	1012
1120	1024
4337	3929
105	100
3630	3297
93	88
3436	3113
912	835
1602	1458
4162	3774
4016	3649
2203	2001
2244	2038
3028	2751
247	234
951	873
2476	2253
3427	3104
2783	2534
2972	2706
451	413
3093	2799
3602	3270
3670	3333
2357	2143
3675	3337
3728	3383
3202	2899
4463	4043
3493	3164
1575	1434
1708	1556
2006	1823
4133	3747
4408	3996
3558	3227
1468	1344
2653	2419
3027	2751
4580	4151
3794	3442
1484	1359
2262	2055
4007	3641
3516	3186
442	404
960	881
1967	1786
4075	3691
2404	2187
3841	3487
3218	2914
2626	2394
1374	1256
3705	3364
1931	1755
1305	1197
847	777
1574	1434
3769	3419
205	195
2977	2710
563	517
4301	3896
1467	1344
1278	1173
3026	2751
1912	1737
2605	2374
3073	2779
854	783
2427	2209
4008	3641
3951	3588
748	687
2511	2284
3649	3316
3367	3056
2540	2313
1373	1256
491	450
3980	3616
4515	4092
3633	3300
423	388
1932	1755
562	517
2995	2724
2081	1892
1573	1434
2239	2033
3284	2976
617	565
2595	2364
2663	2428
3025	2751
3852	3496
2263	2056
3375	3063
1315	1206
41	40
605	554
2908	2651
1288	1182
1091	997
3529	3199
132	126
2163	1966
1207	1107
3805	3453
4201	3805
4097	3713
1470	1346
138	131
653	599
2566	2338
3571	3240
3256	2950
4378	3968
2763	2516
3475	3147
4074	3691
3320	3011
2210	2007
11	10
2069	1884
1208	1107
1664	1517
3385	3073
1183	1083
1089	995
1	1
3765	3416
3511	3181
3378	3066
910	833
3864	3508
3729	3383
3711	3369
2541	2314
1991	1809
1999	1817
2510	2283
3279	2972
2765	2518
2545	2318
1427	1306
395	366
1472	1348
4137	3751
3632	3299
580	532
2	1
3851	3496
3362	3051
3329	3020
485	445
3858	3502
1316	1206
320	299
263	247
2356	2142
1585	1444
2293	2082
3196	2894
1249	1145
1069	976
2657	2423
4576	4147
991	907
3340	3030
309	288
1308	1200
3885	3528
3867	3511
1513	1385
908	831
415	380
515	471
990	907
932	855
3756	3408
3601	3269
1731	1576
4295	3891
1042	952
4384	3974
73	70
4575	4147
826	758
2164	1967
1886	1714
2909	2652
2559	2331
2707	2466
2612	2381
3893	3535
3884	3528
2340	2126
4455	4036
3518	3188
407	372
4350	3941
1096	1002
1906	1733
3589	3258
1386	1268
2649	2416
3319	3010
2285	2075
4117	3732
3919	3560
137	131
1825	1658
14	13
516	472
2779	2531
4577	4148
3848	3493
3510	3180
3799	3447
1577	1436
3997	3633
1788	1626
3575	3244
326	305
1818	1651
2691	2452
162	155
2892	2635
3788	3437
1909	1735
3039	2755
1209	1108
4544	4117
1053	963
1600	1456
20	19
3255	2949
329	307
1789	1626
1099	1005
1746	1590
1212	1111
1711	1559
149	142
2391	2174
792	726
3401	3088
2040	1856
4315	3908
3526	3196
4160	3773
1641	1494
1654	1507
2773	2526
1518	1390
277	260
3268	2962
1617	1470
4222	3824
2051	1867
3720	3377
155	148
2432	2213
3243	2938
484	444
3097	2802
2472	2250
4256	3853
3913	3554
3259	2953
3187	2885
4533	4109
555	510
59	56
2216	2012
2644	2411
1411	1292
1990	1808
2782	2533
4272	3869
4224	3825
97	92
4048	3675
4148	3762
1179	1079
4289	3885
4345	3936
215	204
2490	2267
3615	3283
3096	2802
376	347
1972	1791
2781	2533
3941	3580
4223	3825
3210	2907
1733	1577
4076	3692
907	830
107	102
2152	1954
4057	3684
878	806
3623	3290
1526	1397
3645	3312
1718	1565
2599	2368
1127	1031
360	333
1827	1659
1424	1304
756	694
3370	3059
2668	2432
2020	1837
36	35
4362	3953
3312	3003
1265	1162
1203	1103
77	73
530	486
3619	3286
1425	1304
1915	1740
3136	2837
3040	2756
3337	3027
1619	1472
154	147
959	880
2232	2028
1527	1398
234	222
2177	1978
3626	3293
676	621
1592	1448
3224	2920
3076	2782
1792	1629
332	309
1890	1718
1419	1300
430	393
622	570
2721	2478
1826	1659
3701	3361
268	251
652	598
1082	988
2176	1977
4090	3706
3244	2939
2101	1910
4161	3773
2066	1881
3172	2871
1528	1399
1466	1343
1623	1476
3130	2832
914	837
4206	3809
2207	2004
1590	1448
2813	2561
3237	2932
2531	2304
664	609
2380	2163
2131	1937
3748	3400
3042	2757
4506	4083
4485	4062
2859	2605
333	309
4112	3727
3041	2757
1020	932
2529	2302
4579	4150
57	54
930	853
1591	1448
3078	2784
2366	2150
4583	4154
1229	1126
4318	3911
141	134
2550	2323
1545	1416
1151	1054
762	700
3611	3279
3747	3399
3574	3243
2116	1922
2386	2169
1286	1180
767	705
2616	2384
2826	2573
2902	2645
3018	2744
1586	1445
230	218
1954	1775
4168	3780
900	824
3880	3524
3239	2934
1199	1099
170	163
4143	3757
1624	1477
2007	1824
2857	2603
4334	3926
3356	3045
3646	3313
397	368
2814	2561
1381	1263
1551	1421
3072	2778
4329	3921
1893	1721
4526	4103
171	163
4178	3790
3207	2904
56	53
2710	2468
1936	1759
2557	2329
2354	2140
3906	3547
346	321
4386	3976
1878	1706
3411	3096
2393	2176
1205	1105
3131	2833
3098	2803
2720	2477
2013	1830
979	897
2582	2353
4013	3646
606	555
4036	3667
3905	3547
3835	3483
654	600
1435	1314
3412	3096
3986	3622
686	630
3408	3095
2250	2043
1235	1132
1658	1511
2856	2602
4037	3668
83	79
3541	3211
2169	1971
1310	1202
3954	3591
3153	2854
790	724
1512	1384
3509	3179
1393	1275
1331	1219
2717	2475
50	48
2469	2247
3409	3095
1993	1811
4370	3960
2929	2668
189	180
2608	2377
2580	2351
366	338
1728	1573
84	79
1365	1249
4038	3668
3124	2826
1540	1411
2344	2130
488	447
4060	3687
3410	3096
1045	955
3522	3192
2416	2199
4312	3906
3800	3448
1115	1019
4039	3668
3539	3209
2635	2402
1910	1736
190	181
2946	2683
3327	3018
3533	3203
178	170
2470	2248
1714	1562
1965	1784
1853	1685
776	712
1241	1137
1523	1394
4270	3867
1682	1534
3223	2919
805	738
4210	3813
2741	2496
681	626
316	295
3044	2759
1964	1784
777	712
4173	3785
3415	3096
1681	1534
903	827
3971	3607
3678	3340
2166	1969
13	12
299	280
1831	1663
1021	933
2373	2157
3492	3163
3414	3096
2274	2067
2719	2477
2764	2517
1556	1426
2785	2536
1421	1302
3060	2773
604	553
2167	1969
3957	3594
696	639
3650	3317
1282	1176
1834	1666
2708	2467
3802	3450
4566	4139
3413	3096
3162	2862
1240	1137
1379	1261
775	712
3527	3197
2347	2133
3126	2828
3497	3168
1914	1739
246	233
2089	1900
944	867
2703	2462
1281	1176
2709	2467
3321	3012
2914	2657
66	63
4453	4034
1584	1443
3080	2786
2259	2052
4040	3668
98	93
4000	3634
941	864
1566	1428
3306	2997
157	150
655	601
1830	1663
3586	3255
2560	2332
2688	2450
4197	3801
3120	2823
893	817
608	557
2036	1853
2535	2308
3217	2913
2269	2062
3815	3463
3149	2850
1234	1131
682	626
3335	3025
414	379
1456	1334
862	790
68	65
389	360
3121	2823
1599	1455
2951	2688
1670	1523
150	143
1428	1307
1261	1158
3814	3462
3528	3198
2445	2226
4252	3849
3563	3232
761	699
4134	3748
8	7
3530	3200
136	130
764	702
2952	2689
2506	2280
2309	2097
253	239
1333	1221
2480	2257
575	527
292	273
191	182
595	545
616	564
4379	3969
3793	3441
2361	2146
2802	2552
45	44
1189	1089
224	213
2358	2144
1246	1142
2494	2270
582	534
2104	1912
4211	3814
2048	1864
2836	2583
2249	2043
2434	2215
3603	3271
695	638
1275	1170
671	616
2522	2295
4023	3656
394	365
791	725
4204	3807
2359	2144
648	594
3426	3103
820	752
49	48
4402	3991
3822	3470
61	58
3952	3589
3276	2969
694	638
3143	2844
3879	3523
1790	1627
3241	2936
3709	3368
2879	2623
4024	3656
161	154
4203	3807
4281	3878
3456	3132
2123	1929
2940	2677
3379	3067
621	569
3229	2925
3590	3259
2003	1821
4306	3900
313	292
1758	1601
1284	1178
4552	4125
216	205
2307	2095
2479	2256
3777	3426
3369	3058
4529	4106
3260	2954
3082	2788
1857	1689
4543	4116
2841	2588
4469	4049
3036	2752
2388	2171
2443	2224
2793	2544
2852	2598
2453	2234
3058	2772
4460	4040
1443	1322
2757	2510
584	536
1341	1227
187	178
4570	4143
3996	3632
1631	1484
4505	4082
5	4
3672	3335
1303	1195
1506	1378
117	111
1657	1510
1448	1327
524	480
754	692
2462	2242
2729	2486
4571	4143
365	337
1011	923
996	912
4320	3913
956	878
2422	2205
4340	3931
1221	1118
2280	2071
3702	3362
477	437
2575	2346
1655	1508
1704	1552
2463	2242
1934	1757
2438	2219
3694	3355
2155	1957
244	231
4033	3664
2530	2303
3513	3183
2043	1859
3059	2772
3983	3619
2464	2242
2980	2712
463	425
3599	3267
834	766
743	682
2072	1886
2847	2593
3177	2876
1075	982
4397	3986
1147	1051
290	271
2070	1885
2985	2716
4492	4069
4086	3702
1750	1594
3262	2956
2298	2086
123	117
714	656
1296	1189
2025	1842
4405	3994
2990	2720
1102	1007
4176	3788
2071	1886
974	892
2080	1891
2308	2096
2225	2021
2555	2328
1622	1475
2984	2716
2556	2328
3438	3115
965	886
2991	2720
918	841
3441	3118
4559	4132
2656	2422
2139	1944
2706	2465
4369	3959
2523	2296
2126	1932
4355	3946
3829	3477
344	319
716	658
2024	1841
574	526
2073	1886
4360	3951
2513	2286
3091	2797
3782	3431
2627	2395
770	708
4135	3749
2790	2541
4410	3998
3459	3135
1550	1420
2804	2554
3299	2990
1870	1700
797	730
4079	3695
2546	2319
1780	1622
3423	3100
2379	2162
2806	2555
288	270
4472	4052
618	566
2103	1912
289	270
3001	2728
3968	3604
188	179
4102	3718
1925	1749
611	560
4333	3925
2281	2072
3209	2906
102	97
673	618
258	243
1178	1078
1692	1543
3189	2887
3024	2750
1368	1251
1953	1774
3583	3251
2367	2151
1877	1705
1064	971
2742	2497
4503	4080
349	323
1805	1639
620	568
2905	2648
4540	4114
1322	1211
935	858
780	715
3901	3543
3139	2840
2228	2024
1957	1777
3525	3195
1643	1496
2314	2102
2447	2228
340	315
3662	3327
3111	2815
2986	2716
4585	4156
1321	1211
936	859
704	646
1858	1689
262	246
3618	3285
4308	3902
348	323
1849	1681
3967	3604
303	284
2963	2699
1135	1039
118	112
1685	1537
4012	3645
411	376
1769	1611
4439	4020
3820	3468
2964	2699
3640	3307
3922	3563
1431	1310
2820	2567
3679	3341
1784	1622
1630	1483
1613	1467
3733	3386
1172	1072
799	732
594	544
4111	3726
3017	2743
888	812
1193	1093
4221	3823
4100	3716
1783	1622
3271	2964
708	650
2824	2571
1332	1220
1171	1072
1131	1035
96	91
2853	2599
3272	2965
1364	1248
1648	1501
3270	2964
2666	2430
3830	3478
218	207
2548	2321
1297	1190
1782	1622
2115	1921
2898	2641
1165	1066
44	43
2694	2455
3160	2860
46	45
2390	2173
2854	2600
4015	3648
1471	1347
831	763
469	431
2665	2430
4493	4070
2558	2330
373	344
2498	2273
1781	1622
1998	1816
4061	3688
4409	3997
3396	3083
2527	2300
4465	4045
1612	1467
630	577
4101	3717
1559	1426
2030	1847
3351	3040
2734	2490
2848	2594
869	797
3491	3162
1145	1049
1806	1640
906	829
885	812
3637	3304
2518	2291
4483	4060
252	238
2633	2400
4025	3657
1786	1624
4546	4119
718	660
2733	2490
905	829
884	812
2242	2036
1735	1579
2569	2341
923	846
3762	3414
2315	2103
2319	2107
3953	3590
4027	3659
4319	3912
3552	3222
1117	1021
887	812
1565	1427
1611	1466
3485	3157
1686	1538
2458	2239
1084	990
2351	2137
3469	3141
1092	998
1730	1575
2426	2208
1557	1426
3300	2991
481	441
823	755
2786	2537
3939	3578
456	418
2976	2709
973	892
3544	3214
1558	1426
972	892
886	812
3807	3455
2425	2208
503	462
1660	1513
4447	4028
311	290
120	114
1232	1129
203	193
4489	4066
3332	3022
4339	3930
819	751
1929	1753
1177	1077
2134	1940
1280	1175
301	282
255	240
3077	2783
2459	2239
3735	3388
705	647
634	581
3658	3323
489	448
2213	2009
2383	2166
3047	2762
3386	3074
1996	1814
2111	1917
943	866
3331	3022
2376	2159
4338	3930
4082	3698
2253	2046
3993	3629
3289	2981
3449	3126
4359	3950
254	240
1449	1328
2777	2529
3736	3388
2533	2306
1720	1567
2231	2027
1382	1264
2948	2685
144	137
3655	3320
1948	1769
3569	3238
4419	4007
4109	3724
927	850
2091	1901
3403	3090
3490	3161
4099	3715
4271	3868
3882	3526
3689	3350
662	607
2062	1878
3991	3627
1100	1006
1314	1205
589	541
3703	3363
3946	3584
2106	1914
89	84
4091	3707
4341	3932
2861	2607
4459	4040
1798	1633
412	377
1739	1583
1867	1697
897	821
1101	1006
2587	2358
3507	3177
2823	2570
2682	2444
2413	2196
3704	3363
267	250
2212	2009
3614	3282
462	424
1952	1773
1384	1266
946	869
1736	1580
4089	3705
3653	3320
233	221
3119	2822
1063	970
3548	3218
964	885
948	871
4124	3739
3609	3277
1564	1426
561	516
2639	2406
4522	4099
3540	3210
3751	3403
3654	3320
1497	1372
9	8
121	115
3470	3142
3931	3571
2640	2407
2807	2556
1563	1426
3785	3434
1143	1047
4581	4152
1576	1435
1554	1424
2705	2464
593	544
838	770
3309	3000
3725	3380
271	254
4268	3865
4352	3943
4009	3642
2302	2090
3910	3551
1562	1426
4045	3672
541	497
1347	1233
882	810
2999	2727
1997	1815
1970	1789
1493	1368
2601	2370
2681	2443
3118	2822
3724	3380
1567	1429
201	191
781	716
2010	1826
350	324
2085	1896
675	620
1515	1387
2881	2625
2360	2145
1815	1648
2137	1942
1561	1426
2808	2557
2147	1951
2323	2110
1276	1171
3204	2901
2770	2523
1441	1320
1535	1406
3824	3472
2442	2223
2514	2287
3973	3609
3833	3481
2423	2206
4317	3910
4123	3738
1517	1389
500	459
195	185
1560	1426
989	906
3170	2870
1134	1038
1440	1319
492	451
1245	1141
947	870
3861	3505
3150	2851
30	29
3348	3037
1237	1134
2837	2584
3890	3533
3171	2870
2767	2520
2600	2369
1663	1516
3512	3182
1768	1610
2417	2200
4047	3674
1536	1407
3450	3127
1960	1780
4292	3888
4387	3977
1667	1520
3376	3064
3290	2982
2895	2638
3357	3046
278	261
2787	2538
2915	2658
3099	2804
2805	2554
4276	3873
4558	4131
2415	2198
2148	1951
87	82
1080	986
2133	1939
3604	3272
4393	3982
1593	1449
709	651
2693	2454
2753	2506
4450	4031
590	542
4294	3890
2405	2188
1589	1448
266	250
443	405
4179	3791
3671	3334
774	711
2583	2354
1640	1493
2971	2705
2217	2013
3416	3097
1399	1281
4371	3961
1111	1015
1800	1634
3657	3322
3501	3171
3891	3534
1743	1587
2436	2217
2660	2426
476	436
478	438
3122	2824
796	729
680	625
717	659
2234	2029
3359	3048
3746	3398
2500	2275
2102	1911
3489	3160
2090	1900
4011	3644
3479	3151
3778	3427
1823	1656
179	171
4321	3914
3392	3079
2661	2426
2233	2029
795	729
2745	2499
1181	1081
2128	1934
378	349
29	28
2435	2216
3429	3106
2140	1944
553	508
2597	2366
3853	3497
3016	2742
499	458
712	654
2035	1852
1114	1018
3866	3510
4501	4078
2067	1882
3500	3171
3811	3459
2519	2292
3345	3034
3045	2760
3892	3534
3407	3094
4020	3653
3281	2973
95	90
1927	1751
2894	2637
4001	3635
4331	3923
3697	3358
1266	1163
727	668
753	691
1933	1756
3090	2796
1919	1743
2979	2711
498	457
4209	3812
1835	1667
3517	3187
3460	3136
1804	1638
1194	1094
2987	2717
916	839
2687	2449
3461	3136
2978	2711
889	813
1531	1402
22	21
2685	2447
1863	1693
3188	2886
765	703
2112	1918
4556	4129
810	743
3582	3250
1757	1600
2333	2120
3712	3370
736	676
3685	3346
1211	1110
3823	3471
1392	1274
2461	2241
2199	1997
2403	2186
4389	3979
3404	3091
506	465
4055	3682
64	61
3266	2960
3085	2791
2255	2048
726	668
1842	1674
1903	1730
3114	2818
2457	2238
331	308
1799	1634
2609	2378
1170	1071
3382	3070
4287	3883
2348	2134
1223	1120
3907	3548
4441	4022
2374	2158
1330	1218
2774	2527
507	465
1907	1734
4452	4033
1487	1362
1071	978
264	248
609	558
4392	3981
4257	3854
3464	3136
1238	1135
1707	1555
1257	1154
749	688
2026	1843
1457	1335
3161	2861
2766	2519
422	387
2136	1941
1856	1688
2074	1887
251	237
3465	3136
381	352
901	825
4279	3876
983	900
1700	1548
3636	3303
386	357
204	194
1884	1712
1106	1011
922	845
361	334
1977	1795
2195	1995
4275	3872
3462	3136
3504	3174
2637	2404
1796	1631
2135	1941
1963	1783
3816	3464
4092	3708
4115	3730
1747	1591
1976	1795
1866	1696
2731	2488
3311	3002
3463	3136
3444	3121
1444	1323
2206	2003
2267	2060
1239	1136
3487	3158
1357	1242
3638	3305
4507	4084
3467	3138
1041	951
4509	4086
1837	1669
3567	3236
1400	1282
1546	1417
2162	1965
2501	2276
2868	2613
1716	1563
315	294
43	42
2016	1833
1230	1127
2867	2612
1607	1462
2257	2050
1816	1649
1678	1531
2172	1973
3486	3158
2306	2094
2142	1946
2397	2180
3092	2798
1401	1282
1862	1692
2382	2165
766	704
2321	2108
3691	3352
106	101
1594	1450
28	27
644	591
1150	1053
953	875
518	474
2629	2397
1306	1198
3310	3001
2187	1987
3339	3029
1488	1363
2598	2367
3165	2865
1672	1525
2320	2108
4288	3884
1989	1807
3707	3366
645	591
2602	2371
1168	1069
2311	2099
4140	3754
3238	2933
2375	2158
3979	3615
3083	2789
548	503
3158	2858
4244	3843
4545	4118
2300	2088
1264	1161
249	235
2327	2114
6	5
3695	3356
779	714
928	851
194	184
2756	2509
2579	2350
1693	1544
3353	3042
687	631
3252	2947
3245	2940
2727	2484
1609	1464
2935	2673
670	615
1920	1744
3786	3435
4267	3864
4253	3850
3234	2929
193	184
3972	3608
3621	3288
2941	2678
4436	4017
2561	2333
2891	2634
1979	1797
1745	1589
2960	2696
3004	2731
1070	977
3344	3033
2145	1949
310	289
3233	2929
3916	3557
4527	4104
3887	3530
24	23
1547	1417
1673	1526
1715	1563
2002	1820
4205	3808
3503	3173
3005	2731
248	235
628	576
158	151
3992	3628
921	844
3428	3105
328	306
3520	3190
4473	4053
3818	3466
321	300
185	177
554	509
3721	3378
1323	1212
2690	2451
458	420
2335	2122
3687	3348
4432	4015
2645	2412
229	217
2087	1898
3784	3433
302	283
1438	1317
841	773
2564	2336
2623	2391
327	306
196	186
4145	3759
3634	3301
4474	4053
1003	918
37	36
186	177
1022	934
1772	1614
391	362
4437	4018
3651	3318
90	85
2154	1956
3605	3273
4518	4095
802	735
1324	1213
228	217
1845	1677
2508	2282
4513	4090
723	665
3089	2795
1012	924
177	169
2292	2081
1023	934
1773	1615
725	667
2165	1968
1345	1231
2696	2455
2831	2578
626	574
1153	1055
1875	1704
880	808
126	120
3537	3207
4414	4002
1637	1490
151	144
2695	2455
1094	1000
2364	2148
1618	1471
3975	3611
4139	3753
3395	3082
4482	4059
1098	1004
2336	2122
1269	1165
949	872
3182	2881
1459	1337
3929	3569
2585	2356
1874	1704
1152	1055
2819	2566
2178	1979
3366	3055
707	649
1000	915
145	138
428	391
1880	1708
4215	3818
3740	3392
4481	4059
4062	3689
987	904
3908	3549
2784	2535
2873	2617
1416	1297
4280	3877
470	432
2614	2382
2215	2011
1271	1166
2740	2495
4310	3904
4019	3652
1604	1459
2619	2387
2679	2441
3105	2810
2584	2355
4480	4059
35	34
651	597
2648	2415
962	883
2342	2128
2613	2382
1002	917
3773	3422
1270	1166
1162	1063
2157	1959
1642	1495
3333	3023
1175	1075
1829	1661
1076	983
1258	1155
1876	1704
2053	1869
1225	1122
2900	2643
3088	2794
2574	2345
632	579
2229	2025
3011	2737
1505	1377
711	653
3156	2857
1864	1694
3766	3417
256	241
601	550
1674	1527
1532	1403
339	314
1057	966
1068	975
1928	1752
2282	2073
4241	3840
1169	1070
875	803
4128	3742
732	672
4237	3836
3346	3035
3157	2857
3480	3152
788	722
2610	2379
2678	2441
2283	2073
2822	2569
1017	929
2669	2433
2642	2409
182	174
2901	2644
1126	1030
4217	3820
172	164
4364	3955
3175	2874
525	481
4240	3839
874	802
3977	3613
772	710
522	478
2718	2476
3205	2902
4238	3837
1327	1215
4258	3855
4430	4013
1121	1025
1164	1065
1921	1745
3998	3634
465	427
1709	1557
4208	3811
2158	1960
2927	2666
3478	3150
836	768
199	189
300	281
1256	1153
1043	953
314	293
2038	1855
3965	3602
1817	1650
1502	1375
1908	1734
4159	3772
3999	3634
3439	3116
2592	2362
3930	3570
2246	2040
257	242
853	782
1389	1271
493	452
4264	3861
1033	943
1093	999
1173	1073
2982	2714
2534	2307
2475	2252
4365	3955
1872	1702
1797	1632
3477	3149
3181	2880
3774	3423
759	697
2047	1863
689	633
317	296
3148	2849
3159	2859
2303	2091
2825	2572
3797	3445
3293	2984
1290	1184
1865	1695
4022	3655
827	759
3195	2893
3956	3593
731	671
1511	1383
2571	2342
4141	3755
4291	3887
527	483
4335	3927
2674	2437
3966	3603
4054	3681
3338	3028
3292	2984
4429	4012
2093	1903
1187	1087
1669	1522
4471	4051
531	487
688	632
1353	1239
891	815
839	771
2482	2259
1712	1560
4358	3949
2673	2437
1524	1395
2625	2393
3990	3626
1149	1053
4553	4126
3987	3623
433	396
4199	3803
684	628
4052	3679
1354	1239
4490	4067
3484	3156
1684	1536
2570	2341
3308	2999
773	710
1553	1423
2889	2632
2160	1962
505	464
375	346
1980	1798
3048	2763
1067	974
1262	1159
2484	2261
1113	1017
945	868
4116	3731
3566	3235
613	561
4190	3797
3538	3208
1190	1090
691	635
3860	3504
429	392
3070	2776
3360	3049
2143	1947
3845	3490
3052	2767
612	561
1803	1637
4191	3797
3247	2942
2455	2236
1287	1181
4567	4140
1413	1294
3585	3254
3556	3225
1924	1748
3857	3501
2082	1893
3881	3525
2429	2211
4192	3797
1376	1258
1289	1183
1537	1408
2683	2445
3524	3194
1434	1313
1994	1812
1390	1272
439	402
2932	2670
3352	3041
2245	2039
3570	3239
2878	2622
3594	3262
2699	2458
1137	1041
4332	3924
4193	3797
1879	1707
550	505
4426	4009
370	342
3168	2868
1263	1160
980	897
1204	1104
1019	931
798	731
1340	1226
829	761
364	336
4578	4149
3871	3515
858	787
2088	1899
3578	3246
3515	3185
1313	1204
4263	3860
3828	3476
1734	1578
3240	2935
2502	2277
3364	3053
2838	2585
4385	3975
2497	2272
81	77
2503	2277
4242	3841
363	336
3739	3391
460	422
1949	1770
859	787
4103	3719
3180	2879
2830	2577
804	737
242	229
2042	1858
3086	2792
1891	1719
2507	2281
4401	3990
10	9
1568	1430
2202	2000
778	713
1738	1582
3545	3215
856	785
808	741
4130	3744
1415	1296
2227	2023
371	342
1251	1147
2713	2471
1737	1581
1666	1519
572	524
811	744
1961	1781
4536	4112
899	823
38	37
1905	1732
557	512
3115	2819
968	889
633	580
3734	3387
1814	1647
2662	2427
4104	3720
1843	1675
2965	2700
4525	4102
2365	2149
427	390
1588	1447
2974	2707
1496	1371
1740	1584
3349	3038
1855	1687
2839	2586
3827	3475
3197	2895
3203	2900
2452	2233
3688	3349
426	390
1971	1790
2667	2431
1501	1374
2973	2707
649	595
338	313
1706	1554
2400	2183
3021	2747
3372	3061
1391	1273
1291	1185
2039	1856
2406	2189
3363	3052
963	884
1610	1465
183	175
638	585
551	506
722	664
2845	2592
1301	1193
1650	1503
2754	2507
1236	1133
3057	2771
1500	1373
534	490
1671	1524
2334	2121
1727	1572
3253	2948
2096	1906
2338	2124
1370	1253
3435	3112
3661	3326
892	816
282	264
2899	2642
1292	1185
2975	2708
3989	3625
3402	3089
4303	3897
2568	2340
4561	4134
969	889
2846	2592
2643	2410
4058	3685
1668	1521
2011	1828
3647	3314
3834	3482
2377	2160
4438	4019
3988	3624
202	192
1570	1431
1319	1209
3776	3425
1259	1156
2994	2723
3593	3262
1507	1379
1329	1217
2153	1955
308	287
1105	1010
2738	2494
1824	1657
1889	1717
2950	2687
2562	2334
4126	3741
4316	3909
1395	1277
665	610
2939	2676
4325	3918
3498	3169
39	38
1463	1340
852	781
4041	3669
4003	3637
2872	2616
1530	1401
3112	2816
3301	2992
3876	3520
568	521
3842	3488
3942	3581
2911	2654
674	619
3302	2993
2576	2347
4046	3673
2934	2672
65	62
1601	1457
851	781
1533	1404
833	765
2658	2424
2223	2019
3248	2943
569	521
3342	3031
3049	2764
4146	3760
4519	4096
425	390
2969	2703
1935	1758
2433	2214
122	116
614	562
200	190
2265	2058
3296	2987
3358	3047
2739	2494
4214	3817
4127	3741
1244	1140
758	696
1334	1221
1479	1354
786	720
3926	3566
2330	2117
1110	1014
4443	4024
4458	4039
2193	1993
2768	2521
4531	4108
909	832
1451	1330
3473	3145
957	879
1940	1763
3617	3284
4239	3838
4	3
2849	2595
4304	3898
479	439
697	640
4122	3737
3970	3606
3127	2829
1569	1431
3466	3137
4590	4160
523	479
1166	1067
206	196
4165	3777
4006	3640
1158	1060
4532	4108
2549	2322
3448	3125
1184	1084
793	727
1312	1203
3804	3452
3909	3550
4530	4107
3350	3039
3741	3393
3616	3284
1580	1439
4572	4144
1202	1102
542	498
1129	1033
2496	2271
4299	3894
1311	1203
4096	3712
1406	1287
3960	3597
3287	2979
2295	2084
994	910
2486	2263
1285	1179
3708	3367
2061	1877
1254	1150
2129	1935
958	879
1756	1599
3443	3120
3186	2884
2174	1975
2809	2558
3230	2926
312	291
2646	2413
4363	3954
3826	3474
1848	1680
2014	1831
4147	3761
1490	1365
2049	1865
198	188
487	446
1418	1299
1360	1245
4565	4138
3	2
2684	2446
1447	1326
3254	2948
1430	1309
3699	3360
1770	1612
809	742
276	259
4136	3750
3844	3489
2772	2525
981	898
547	502
1941	1764
4488	4065
4259	3856
3246	2941
818	750
2410	2193
3424	3101
1197	1097
4153	3767
3918	3559
3742	3394
2953	2690
3286	2978
2652	2418
1349	1235
821	753
486	446
3713	3371
283	265
2440	2221
4158	3771
1629	1482
2151	1953
2370	2154
3743	3395
2651	2418
3752	3404
1942	1764
3843	3489
3737	3389
368	340
1583	1442
4154	3767
1432	1311
1217	1115
16	15
3192	2890
1046	956
4169	3781
1216	1114
1198	1098
2083	1894
128	122
114	108
496	455
1710	1558
1293	1186
4030	3661
2471	2249
1001	916
2655	2421
2001	1819
259	244
2289	2078
4187	3797
806	739
3656	3321
3869	3513
15	14
602	551
2762	2515
4314	3907
1273	1168
192	183
1272	1167
2258	2051
2907	2650
3944	3582
2350	2136
3249	2944
2341	2127
2936	2674
4454	4035
42	41
2910	2653
434	397
3071	2777
272	255
3397	3084
1215	1114
2851	2597
3543	3213
4573	4145
546	501
2937	2674
3943	3582
4189	3797
511	468
2183	1984
369	341
3273	2966
336	311
954	876
2150	1953
4467	4047
1338	1224
4548	4121
3164	2864
3722	3379
1841	1673
4188	3797
1995	1813
269	252
510	468
2184	1984
2735	2491
2428	2210
1279	1174
1859	1690
3285	2977
2343	2129
3717	3374
1052	962
1767	1609
1359	1244
985	902
2325	2112
3521	3191
1885	1713
2686	2448
911	834
2698	2457
1460	1338
2450	2231
3169	2869
393	364
583	535
3780	3429
849	779
599	548
4129	3743
1118	1022
573	525
2904	2647
2563	2335
2050	1866
3550	3220
2512	2285
1748	1592
3723	3379
591	543
657	603
1385	1267
4175	3787
211	200
598	548
4366	3956
197	187
1141	1045
3069	2775
902	826
3173	2872
2743	2498
1233	1130
734	674
1414	1295
100	95
2127	1933
4056	3683
545	501
592	543
3898	3540
115	109
926	849
4254	3851
3978	3614
713	655
2138	1943
3347	3036
760	698
1966	1785
1294	1187
4018	3651
3547	3217
2981	2713
625	573
2744	2498
2771	2524
3854	3498
661	606
1403	1284
898	822
