movie	director
3403	3085
4069	3593
822	858
389	419
2560	551
3044	2792
2871	2661
3062	2805
4115	574
2701	2518
424	454
3351	3038
2033	1982
3992	333
1145	1166
2490	1937
1691	1681
2918	2696
906	938
2775	90
251	265
1791	1774
3356	3041
2738	2356
3524	3175
1638	1634
638	671
743	775
315	336
3570	3212
1084	1111
3388	3074
1580	1585
1292	1311
968	1003
3679	1199
3426	3103
2861	2534
2814	2619
2077	2021
2191	2113
1653	1647
3801	3395
4158	640
1835	1807
3574	3216
361	386
1509	1521
2931	786
1789	1772
3147	2884
2884	2673
76	79
115	119
941	977
3863	3442
1184	1202
2144	539
2359	2248
3858	3438
834	870
1830	1803
1987	1786
175	181
1191	1211
701	732
2668	2495
181	188
554	592
1138	1160
1042	1072
286	303
2318	2215
1657	1651
1377	1396
2458	2331
1247	1269
2785	2600
2974	2743
907	939
2279	2186
3845	3431
412	29
1991	1943
2798	2608
711	743
57	60
2251	258
271	287
3798	149
817	155
2078	2022
246	259
2691	1829
784	817
3910	3470
3210	2930
659	694
2102	2043
1186	1205
2729	211
3489	3150
403	435
3827	3413
3380	3067
2707	2525
2049	1994
1303	1321
1525	1532
2629	2466
962	998
929	965
867	902
3911	3471
1076	698
3915	3474
3408	3090
353	378
3099	2843
3465	2922
2005	1959
1011	549
188	196
2604	2447
2435	2160
1602	1600
2527	2390
3639	3260
3318	1817
3813	3404
2536	2400
993	1027
2180	262
3852	3436
4129	3634
3042	2791
61	64
2221	1357
3081	2823
2711	2529
2460	21
3660	3279
1277	1295
6	7
2433	2307
1000	1032
3220	2935
2108	2048
2283	2189
2735	2546
1054	1084
444	474
1734	1719
2556	2399
3538	2676
134	139
1276	974
1061	1090
369	394
1110	1133
2042	1987
128	132
2187	1540
1353	1358
1385	1403
3120	2856
1139	1161
963	999
3349	2113
272	288
422	452
1939	600
294	311
3243	2955
1779	1763
2777	2595
3321	490
2384	2268
1872	915
2296	170
2166	587
3936	3492
3590	898
2864	2653
3174	952
3307	224
3712	3321
3323	3015
591	628
2013	1965
1310	1330
961	997
124	128
255	269
1398	1416
1438	1462
1047	1077
847	883
2039	1191
1431	1453
2755	2569
209	217
2203	2122
2572	868
296	313
1250	1273
3168	2903
1553	1562
1624	417
3847	1815
3324	2139
1736	1258
3706	3318
703	734
1537	1545
2375	2261
3190	2917
3196	2920
1951	1915
3421	2869
2328	502
1500	943
3996	3536
2271	2177
2008	1962
1941	1903
1677	1073
177	183
1072	1100
1149	1169
1925	1889
650	685
370	398
3330	3020
1530	1537
1350	1368
1847	1819
2053	1998
3089	2830
3885	3453
2454	2326
2326	2222
2459	2332
1443	1466
2478	1326
4063	3588
3854	373
3298	2995
245	258
2558	953
4034	2749
2659	2487
2213	2130
3312	1212
1267	1286
669	305
3734	3339
977	1014
111	115
3985	3530
2009	1358
3828	3414
1620	1615
2079	2023
86	89
2390	2273
500	533
3958	3511
1035	1066
2245	2156
3900	2743
1652	1646
217	226
3109	2131
1861	1833
3789	682
2498	2363
1704	1694
1868	1838
334	357
1485	307
497	530
2745	2554
332	355
172	178
55	58
3821	3411
1232	1254
3659	2268
85	88
24	25
3019	2773
879	913
218	227
1944	1906
3969	309
2548	930
744	776
1103	1127
3179	2909
3663	904
1940	1901
3040	508
2122	2060
4094	3612
1857	1829
3699	3313
928	964
53	56
2740	2550
2641	2472
4108	641
2145	2078
3493	2243
3867	472
1241	1263
3642	3264
2092	2034
1172	1191
4144	3643
456	316
3820	3409
1585	842
1704	1695
2730	1247
2158	2090
1020	1051
1027	1058
225	234
1436	1460
1233	1255
2674	2501
1081	1108
1887	1854
3654	3275
3748	3349
1584	1588
3955	3507
2865	2654
2397	2279
3288	1199
1745	1606
375	405
4032	3564
2933	2706
129	133
4052	653
1239	1261
2292	1378
4061	171
3604	3239
1505	1517
3332	2294
298	315
3959	3512
2402	1685
2751	48
2796	438
3938	3494
3133	2870
1024	1055
3078	2820
667	699
3624	2406
819	856
226	235
2398	2281
1563	1358
1296	126
3263	2971
4097	3614
1335	1354
1128	451
2268	2172
985	1021
922	956
1645	1641
2521	2385
3402	3084
3358	3043
2155	2086
2420	2146
3445	122
544	581
2450	2321
2716	2534
1214	1235
676	708
2942	2711
1402	1419
393	425
510	544
4106	2578
820	129
1688	1677
580	554
496	529
28	29
1588	1590
74	77
2453	2325
528	565
1375	1393
2091	2033
3701	3314
2912	2693
2304	493
1270	1289
907	940
1511	685
1165	1184
1854	1826
1915	1878
1460	1482
1487	1503
2633	603
378	408
2504	2371
3777	3372
3508	122
1650	1501
3690	3306
345	370
527	564
2116	2054
3943	3497
1750	1732
2579	1114
3096	2839
1586	36
1926	1890
2591	211
2628	2465
2093	2035
3787	3380
38	39
830	867
5	6
2309	2209
3582	1186
1037	1067
277	293
2577	2432
2638	439
2773	2585
470	503
1905	1868
2381	749
2135	2071
3301	2998
173	179
2084	2027
985	412
504	538
3780	3374
915	948
3136	2876
1897	1861
96	99
3360	3045
3995	3534
3930	3487
4067	3591
503	537
2700	2516
3099	2844
729	762
2944	2712
2779	2596
1148	766
833	174
2113	336
3198	2922
1644	1640
860	895
2624	2461
2352	2244
2303	2205
517	552
3117	2100
599	635
1961	1924
656	691
3419	3098
2994	2758
812	850
2321	193
3049	2796
3000	1751
2820	2624
3050	2797
2721	2538
3163	2900
894	926
4098	3615
3332	3022
3134	2871
357	382
2707	2524
3557	3201
1838	1810
3468	670
3406	3088
1263	399
3100	253
163	168
2360	547
1888	364
19	20
3326	3017
3024	2776
3257	2965
1410	1426
3387	3073
644	678
2194	2115
772	803
1274	1293
1250	1272
3229	2944
2927	2701
567	605
10	11
2025	891
792	826
2147	1864
776	808
3772	3367
1334	1353
1313	1333
3809	3174
3529	3178
3694	3311
755	787
2770	2581
707	738
3839	3424
1064	1093
3649	3270
2327	2223
2728	2542
323	344
92	95
1450	1476
3427	3104
4028	333
2853	2648
182	189
1604	1602
2925	2700
1434	1458
1265	1284
463	493
1924	1888
4038	3394
1104	1128
674	706
3199	2923
1470	1111
3822	1310
3069	2811
877	910
2212	641
2483	2349
3826	2893
1533	1540
1952	1916
3328	3018
3330	3019
2757	2572
969	1006
3657	3277
390	420
2824	2628
405	437
4071	3594
2414	2291
625	659
2206	2125
848	884
1876	1717
3759	3147
3902	3434
4024	107
1190	1209
4014	3554
31	32
2561	2418
3594	3231
3224	2939
443	473
797	831
2550	2410
2860	2650
1777	1761
4088	3606
679	710
2074	2019
1454	364
3368	3053
2643	2474
858	893
3849	554
2067	2010
3023	651
3129	2865
3435	3110
2513	2378
2854	2224
2212	640
2605	2001
2540	93
2697	1199
2615	1617
1764	1746
2400	2283
3714	3323
4152	58
1243	176
445	475
1409	1425
3622	2594
82	48
2975	2744
591	627
2737	2548
2137	2073
164	170
1913	1077
3151	2888
957	994
3483	3143
1815	689
2233	2144
492	525
1836	1808
549	587
716	750
1846	1818
3685	2946
2876	2665
911	943
4096	453
2653	2482
2725	2541
1269	1288
4008	3550
3118	2855
2731	2543
2232	2143
1603	1601
1895	1860
2823	1298
1166	1186
518	553
1678	1667
2793	2400
84	87
1473	1175
3717	2600
3158	2895
2904	2688
861	896
3390	451
1769	1753
3710	3320
1877	1844
1744	729
940	976
2890	2678
1622	1617
509	543
680	711
3513	3164
790	824
1565	1570
2849	2646
292	309
3956	3509
3278	2981
3808	3400
481	514
1948	1911
3634	3255
3597	3234
1499	1513
2901	2687
880	914
891	921
3831	3418
1721	1709
94	97
637	670
1378	1397
2629	550
3669	3288
3829	3416
3236	2951
327	350
297	314
3441	3116
1065	1094
3736	2597
319	340
3480	3140
2298	2201
2338	1301
3016	773
2646	1118
563	601
1787	1770
1874	1843
1140	436
1527	1534
3675	3294
1343	1361
764	796
3652	3273
1417	1433
1581	1586
1067	254
559	94
669	702
1630	1626
648	683
3357	3042
399	430
432	460
221	230
2632	2468
3967	3518
36	37
2089	1337
2176	1881
2246	334
3596	3233
3865	3443
1304	1323
658	693
3502	817
980	948
1480	1499
2430	2304
3963	3515
2946	2713
1562	1569
1322	773
3361	3046
3512	670
1866	1836
3308	3003
2592	978
1416	1432
1434	976
1522	1530
859	894
1244	1265
1459	1421
1523	1320
2315	11
3231	2946
3001	1506
776	809
3937	3493
2657	2484
3668	93
647	682
1825	1799
1598	336
3874	3449
120	124
2236	1156
3896	3463
2851	2647
3534	3182
3550	3197
273	289
3346	3036
753	786
2508	2373
3237	1294
2658	2485
1373	1390
1116	1140
3077	2819
593	158
3362	3047
2404	428
2733	823
2534	2399
489	522
1996	1948
223	232
461	491
1695	1685
846	882
3080	2822
3691	3308
1282	1301
3547	3194
3039	2789
996	508
3705	3317
1390	1407
3528	640
2134	529
1111	1134
1768	1752
936	972
619	654
2903	1392
98	101
448	479
4010	3551
3365	3051
1809	1788
3466	3131
1304	1324
3411	2609
1008	1040
1534	1542
3990	107
2544	2405
263	278
431	459
1967	1929
2954	2721
3951	3504
2505	2372
569	525
2952	2719
479	512
2993	1025
2376	2262
3593	3230
278	294
3676	952
2920	2698
2395	2277
1359	1376
3162	2899
1447	1470
1711	1567
1684	1673
2768	1359
2742	2552
2446	158
3348	2793
3209	2929
1912	1875
1670	1661
2283	2190
1308	1328
521	557
3136	259
645	680
2151	2083
3316	3009
1388	1405
3437	3112
3844	3428
2784	2599
1370	1386
2833	2635
2085	2029
2121	2059
1556	1564
2656	2144
2910	227
1448	1471
1096	1121
1595	766
3668	3287
3653	3274
1687	1676
2538	2206
782	815
2552	1882
140	145
1972	1931
51	54
1223	1246
3431	3108
613	648
2316	2214
2897	2684
738	771
217	225
2170	1905
579	616
3877	1294
1776	1760
152	157
2349	2243
501	535
1863	1834
694	725
2372	2258
2076	1863
126	130
1006	1038
1510	1522
786	819
3207	2183
2886	2674
189	197
2620	1301
1114	1138
2094	624
3224	2940
1362	1379
368	392
2687	2511
2070	2014
2902	1906
931	967
2114	217
1003	1035
1672	1663
3871	3446
2999	2762
2827	2631
1302	1320
1105	1129
149	154
4110	820
511	545
1550	1373
1758	1740
639	673
3007	914
3760	3356
1622	1618
3987	289
2397	2280
3213	428
4148	948
3404	3086
1753	1735
1315	1335
1990	1942
237	248
3375	3060
1799	1316
1517	1526
382	412
4047	3575
1956	673
927	963
360	385
1729	149
2625	2462
3650	3271
3484	811
2611	2452
3558	3202
1543	1552
727	760
1675	1665
3629	3250
2000	1953
2635	898
2695	1220
2007	1961
3821	3410
3136	2875
805	839
2781	2597
2219	149
2899	1692
3230	2945
3099	2845
3651	3272
2962	2729
2274	2180
1469	1492
2451	2323
201	209
3855	1972
1088	1114
1871	1841
65	68
1566	1571
2665	2494
3605	3240
1568	1573
1849	1821
2612	2453
2888	2676
1875	98
3638	3259
1629	1623
2685	2510
853	889
1327	1345
1055	326
3989	3532
3771	3366
542	578
1497	973
1793	1776
3486	3145
390	422
2847	2644
3479	3139
3303	2999
720	755
718	753
2436	1115
4053	3580
3721	3326
1295	1314
3212	2164
1307	1327
892	922
2857	641
2284	2191
104	107
612	647
2002	1956
3614	63
1531	1538
1610	1294
501	534
3905	507
2703	2520
618	653
3811	3402
3545	90
3829	3415
435	465
2029	1978
3414	456
2841	2639
2807	2614
2686	1850
1492	1507
723	758
1634	1629
1944	1907
2724	955
1636	1632
3320	3013
2554	2413
2593	2196
2098	2039
1852	1824
2613	2454
605	640
1298	1316
241	253
536	573
3562	3205
2150	2082
2693	2513
1264	1283
1784	1768
1299	1317
768	800
390	421
3283	2986
523	560
1	1
2011	1963
3708	1111
3377	3062
3124	2860
1	2
3487	3147
4007	514
3665	3283
3998	3538
3204	2762
2467	2339
3591	3228
1087	1113
1693	732
745	777
2148	2080
3746	3347
4122	3629
1082	1109
1430	1452
2100	2041
2388	2271
3660	3280
2587	2439
401	432
210	218
699	730
1798	1781
2949	2717
2210	2129
943	980
1411	1427
1080	1107
3585	2773
646	681
3026	955
1489	533
2642	2473
1070	1098
1033	1064
1445	1468
2239	2148
3126	2862
1246	1267
3185	2914
3309	3004
3781	3375
4154	3648
4073	3596
1907	1870
968	1004
1547	1559
48	49
4128	3633
2263	2167
3559	3203
3546	3192
1236	1257
4121	3628
3232	2947
3354	1105
992	1026
2678	2505
3792	3385
3407	3089
1504	1516
1203	410
343	368
1538	1546
2562	2419
3424	3102
1366	507
414	444
2368	1020
3517	3168
159	164
921	955
144	149
3096	2838
919	952
3539	3186
2020	517
1707	1698
1141	1162
4059	3585
4153	3647
986	722
2378	624
3584	3224
3716	3324
4159	2285
3647	3269
4113	702
3320	3011
3191	1395
2043	1989
771	760
3953	249
3683	3298
1738	1724
3896	3462
235	246
3923	2079
1162	1180
1413	1429
1542	1551
3933	1627
2066	2009
506	540
3873	3448
2958	2725
167	173
1216	1237
1596	1596
1772	1381
2109	166
3754	731
3470	3133
3531	3180
3373	3058
1900	1863
2662	2491
1784	982
2484	2350
2119	2057
1591	1593
2576	2431
4003	3542
4081	3603
3170	2904
2492	2357
1766	1749
3208	2928
1133	1154
1921	1885
2896	2683
653	688
2683	2509
1893	1466
3897	1771
1643	1639
1728	1283
3457	3126
3540	3187
2201	2121
3178	527
3948	3501
2561	2417
3709	166
2452	2324
2838	2638
3192	95
1878	1845
2501	2367
2674	358
2972	2740
1869	1839
2312	2211
2892	2680
56	59
2568	2424
1261	122
1734	1720
2300	2203
1206	1226
2012	1964
452	483
3964	156
344	369
387	417
3153	2890
2103	2044
1369	1385
2997	2760
3079	2821
622	569
2086	2030
1856	1827
627	336
1266	1285
2467	2338
3462	3130
3918	3477
46	47
1481	1500
3851	3435
1188	1207
1699	19
1356	1373
194	201
537	574
668	700
4016	3557
3373	3057
1290	1309
798	832
2696	193
1414	1430
640	674
1663	613
2199	2119
1980	1934
3612	3242
2743	1384
2377	2263
1547	1558
3913	3472
2108	2049
3486	554
1384	1402
695	726
872	907
2680	2507
697	728
945	982
398	429
766	798
3621	3246
515	549
2154	1397
1021	1052
112	116
3779	3373
3239	2953
2618	1457
4092	3610
3073	2814
2348	2242
3954	3506
3344	3033
2535	724
2811	1724
2627	2464
1490	1505
1426	1443
4064	3589
1171	1190
2226	2138
2320	2217
2040	1986
1205	1224
2712	2531
688	720
672	704
3359	2033
965	1001
1262	1282
3379	3064
3186	2661
2935	1715
1949	1912
3861	166
856	313
2278	2185
4130	3635
35	36
1339	1357
3870	3301
1201	1220
2128	2065
3793	3386
1038	1068
3096	2836
3720	624
3668	3286
944	981
1554	1563
1671	1662
95	98
2028	953
3725	3331
1631	872
2905	2689
3504	3158
1983	1936
1451	1477
3895	3461
2461	2333
1518	1527
230	240
3453	1478
2586	2438
3018	2772
1710	1700
3755	1220
2486	2352
3440	3115
2945	1126
3255	2963
2510	2375
2517	2381
1508	1520
1532	1539
3505	3159
89	92
532	569
3398	3081
39	40
3195	2919
689	272
1931	1895
3339	3029
3939	1822
3130	2867
2688	2512
1997	1950
494	527
2006	1960
3471	3134
2317	209
2358	1782
4093	3611
4123	1310
3412	3093
3370	3055
548	585
2855	2649
2801	2610
710	741
1999	1952
970	1007
2774	2588
617	652
2160	2092
105	108
3287	2990
1607	1606
3091	2760
1009	1041
3774	3370
3107	2850
3030	2781
2341	2236
2512	2377
2912	2694
2193	1320
4113	849
3571	3213
1427	1449
3006	170
3175	822
3791	3383
681	713
469	501
2373	2259
1807	1786
4142	3255
1621	1616
3588	3227
2870	2659
547	584
3830	3417
813	851
3730	3335
1108	1131
478	511
631	665
1520	685
775	807
1599	885
897	929
2366	2253
1222	1245
483	516
242	254
204	212
1180	1198
3532	3181
3702	3315
2634	166
3579	3222
3824	1161
1468	1490
1616	1177
3692	2625
839	875
565	603
2391	2274
1155	1174
3729	389
3533	310
2759	2574
3245	2957
4	5
2070	2013
2704	2521
310	330
751	784
121	125
1805	166
117	121
1311	1331
1452	1161
2767	387
63	66
615	650
161	166
469	502
3935	3491
3626	885
3176	2129
2545	2406
1271	1290
108	112
3320	3012
3600	2417
3766	3361
3015	2770
1092	1118
1748	156
2652	2481
3205	960
42	43
2324	2220
3225	1486
794	828
3013	2769
2972	2741
4104	3620
1582	1587
3735	1163
3152	2889
934	970
2273	2179
1357	1374
119	123
138	143
3898	1743
2790	2462
488	521
1903	1866
3154	2891
583	619
136	141
3825	1298
1194	1214
2681	2508
2961	2728
2882	2671
299	316
1305	1325
3417	3097
224	233
4041	3569
2485	2351
4043	3571
2560	552
3251	2961
1855	478
454	485
2525	2388
3034	2786
2428	2302
1883	706
802	836
2699	2515
1936	1900
200	208
2828	2405
584	620
2354	490
3461	3129
967	1002
328	351
561	598
166	172
3812	3403
2751	2559
573	609
1709	1202
1421	438
3986	3531
3633	3253
1611	1608
1208	1228
3302	1301
3222	2937
2353	2245
1501	1483
2365	373
4006	3545
3707	3319
1392	1409
3917	3476
1212	9
2418	782
2489	700
1426	1444
874	908
844	880
3254	2962
712	746
3271	2975
2553	2412
1090	1116
3160	2898
3165	601
3666	3284
2708	2526
309	329
286	301
3506	759
814	852
2546	2408
81	85
3475	804
1106	1130
354	379
1694	1684
2132	2069
1589	1591
1763	1745
1529	1536
2045	1990
3059	1115
1743	1729
2842	2640
1393	1411
2608	2450
428	404
3353	1156
1325	1344
1731	1717
2495	2360
3058	849
3728	3334
806	840
3364	3050
3582	1185
664	624
4095	3613
3843	3427
614	649
673	705
1826	1800
2437	2309
3066	2808
837	873
289	306
371	401
3740	1457
1625	1115
2778	416
1892	1858
2215	2131
1373	1391
1158	334
71	73
2430	2305
2088	2032
1547	1557
1762	1744
3547	3193
193	200
2667	1651
369	393
545	582
925	961
1808	1787
2626	2463
1766	1750
2204	2123
3422	3100
2107	364
4132	1470
3391	3076
3494	2339
1549	453
2698	1049
2408	2287
408	387
2511	2376
2573	2428
3549	3196
3928	3485
97	100
1628	1622
4046	3574
678	709
2819	327
1215	1236
1546	1556
2159	2091
3418	2339
3497	2042
1975	63
2493	2358
388	418
1198	1217
1475	1495
3277	2980
18	19
1053	1083
1114	1137
2835	2637
2183	2107
1719	1708
3623	3247
2689	572
1941	1902
356	381
1102	1126
4054	3581
247	260
4062	3587
3425	1890
4070	2030
1786	1769
1120	1145
816	854
311	332
512	546
3908	3468
4039	2160
990	211
765	797
2870	2660
690	721
2124	2063
3286	143
3041	2790
1754	488
1164	1183
1066	1095
2736	2547
1559	1360
1780	1764
203	211
370	397
2333	2228
2526	2389
2887	2675
3901	3465
2050	1995
2830	2633
2817	1118
2791	2604
1206	1225
179	186
1117	1142
1257	1201
976	1013
3973	1201
438	468
3313	766
3696	2534
2250	852
2776	2594
3421	3099
1823	1797
257	271
749	782
1608	387
2350	416
959	113
2601	2445
3573	3215
3542	3189
3054	2800
2260	151
1821	1483
1394	1412
826	862
2085	2028
2267	2171
2610	610
4151	3646
1229	1252
3670	3289
3057	2802
3420	1392
1429	1451
913	946
1187	1206
326	348
3383	3070
32	33
2051	1996
2416	2293
1634	1630
3063	2806
2802	2612
1010	1042
2440	2312
2285	2192
827	863
1642	1637
1169	1188
1996	1949
2068	2011
2555	2415
3719	415
216	224
2671	2498
779	812
1993	1945
3797	3392
3499	1621
1822	627
868	903
3319	1794
1985	1939
1659	1653
2421	2295
1901	1865
2979	2748
377	407
162	167
1696	1686
3555	670
3489	3149
2427	2301
2257	2164
184	191
4131	2838
1737	1722
3991	3533
3569	1053
4112	1032
629	663
1749	1731
1756	1738
4156	3650
897	930
890	471
3761	3357
2222	2135
1226	1249
176	182
137	142
3738	523
52	55
2255	2162
2590	1781
4118	3625
3226	2941
2220	1764
465	496
884	916
598	634
207	215
2983	2450
741	773
3853	3437
657	692
1714	1703
1073	1102
3374	3059
1053	1082
2214	160
712	744
539	576
3181	2911
3102	2847
3296	48
935	971
3962	3514
3247	2958
2769	90
3690	3302
1457	766
2022	1973
3338	3028
2571	2427
2251	257
15	16
2479	2346
2723	2540
3645	3267
541	577
2218	2134
881	915
3756	3354
238	249
3268	2974
3371	3056
952	989
202	210
1252	1274
1626	1620
3492	3153
2474	2050
3075	2816
2198	2118
3399	3082
2924	2699
3405	3087
3284	2988
3997	3537
262	277
2308	2208
1656	1650
3823	3412
2347	2241
2401	2284
270	286
3595	3232
26	27
3752	3352
2766	2579
3792	3384
535	572
3495	2339
1063	1092
2760	1627
293	310
3674	2191
1227	1250
2075	2020
231	241
1467	1489
2848	2645
3608	3241
1971	906
3488	3148
2551	2411
2034	1459
2808	2615
259	273
2310	2210
2330	2225
3090	1837
1166	1185
950	987
1697	1687
3749	1020
3503	2877
1358	1375
3385	3072
341	365
686	718
2836	1167
991	1025
4116	1772
1996	1947
3723	3329
3627	1130
2165	2097
1032	1063
998	1030
1568	1574
1649	1644
1555	988
1686	1675
1333	1352
2060	2004
2063	2006
1767	1751
2529	2393
1752	1734
2185	2109
533	570
561	599
2096	2037
810	844
624	658
2567	2423
3068	2810
1079	1106
1575	1419
3501	3157
304	321
1771	1755
3536	1258
1579	1584
1701	1690
3644	3266
3106	354
2242	2154
760	792
3137	84
4019	3558
3511	3163
2751	2563
2726	1906
4023	1143
3690	3304
2964	2731
2709	2527
2792	2605
873	613
381	411
3206	2927
736	769
3968	3519
3681	3297
3914	3473
407	439
2456	2330
168	174
3641	3263
3884	3452
3690	3028
2795	2405
2879	2667
2439	842
3643	3265
2616	2456
3893	3459
3171	2905
2859	253
3436	3111
3434	3109
370	399
3294	2992
21	22
1260	1281
544	580
3889	3455
3817	3407
192	59
1077	1104
2896	2534
3934	3490
3157	2894
4114	250
2243	729
214	222
3397	3080
2543	1089
975	1012
197	204
1513	1523
307	325
4109	294
3280	2983
2342	2237
606	642
3270	334
1690	1680
597	633
1319	1339
2073	1298
1853	1825
2563	653
2537	2401
1882	1849
3187	2915
4139	3640
3715	833
2662	2492
199	207
2270	2175
756	788
978	1015
3223	2938
1570	1576
2989	2755
4027	2148
1219	1240
7	8
3891	3457
2038	1985
148	153
3379	3065
2867	2656
4138	388
1130	426
3246	1764
2425	1167
1891	1857
4147	3644
3500	3156
2002	1955
1811	1790
2805	2613
1552	1561
1337	1356
1448	1474
45	46
587	623
1703	1692
2457	566
636	669
3670	3290
2001	1954
2603	2446
1331	1350
1785	1310
3955	3508
2383	2267
2234	2145
930	966
2913	703
248	261
1424	1438
1576	1582
258	272
2763	2205
889	393
719	754
2336	2231
2494	1406
2727	930
4049	703
2919	2697
195	202
889	394
4036	3567
3305	3001
2090	759
3394	174
1832	1174
1843	1815
2115	2053
3583	3223
3345	3034
2898	2685
3114	2854
3698	334
3166	2902
2822	2627
1633	1628
2024	1975
3972	1220
2654	438
477	510
2852	428
2426	2299
1486	1502
2158	2089
3265	2972
2374	2260
2363	2250
145	150
3472	3135
1810	1789
1344	1363
1001	1033
2442	2315
3474	1779
3788	3381
3293	1438
3741	3342
3548	3195
1456	1480
3384	539
3510	3162
3773	3369
256	270
2720	613
1251	389
4013	3242
2054	1826
883	389
3088	410
20	21
951	988
3886	538
2468	187
2930	2705
2874	2663
3092	2831
1992	1944
3879	640
1283	1302
2129	2066
1442	1465
2197	2117
2599	729
1946	1909
3393	1972
3028	2779
987	1022
4008	3549
1280	1298
418	448
3368	3054
2580	1697
2482	457
1062	180
502	536
1890	825
1700	1689
1286	1305
1019	314
1376	1395
1129	1152
812	846
2980	1412
1303	1322
1109	1132
2117	2055
283	299
2741	2551
3150	2887
602	98
1483	1501
458	488
3036	2787
1679	1668
1382	1400
1320	1340
576	612
634	668
3561	618
3526	3176
811	845
485	518
571	607
2977	2746
2726	1907
2636	2469
197	205
1484	883
3097	2840
1528	1535
553	591
1747	1466
4040	1597
3409	3091
1379	387
1115	1139
109	113
2754	2568
1870	1840
2857	640
564	602
692	724
763	795
2470	2341
1908	1871
3783	180
2125	1199
3156	2893
2748	2556
73	76
1764	1747
589	625
2922	2122
3655	3276
1437	1461
1446	1469
2943	1076
468	500
3713	3322
942	979
457	487
1068	1096
2655	2483
150	155
948	985
410	441
2787	2602
3919	3388
1902	759
3116	1167
2631	1089
2196	2116
2186	885
3646	3268
2262	2166
78	81
3983	3528
58	61
3314	3007
3148	2885
155	160
3603	3237
1161	1179
2017	1969
2069	2012
358	383
44	45
3087	2829
879	912
529	566
2290	2196
1237	1258
1209	1229
64	67
1998	1951
1564	670
2569	2425
2319	2216
1040	1070
774	805
1860	1832
3046	2794
3825	2018
958	995
1544	1553
1046	1076
2969	2737
2030	1979
3797	705
3076	2818
808	842
2782	2598
3810	3401
396	427
2277	2184
2622	2459
3797	1598
3942	997
3522	3173
1842	1814
2557	1995
630	664
525	562
747	779
1143	1164
2244	2155
279	295
234	244
3743	3344
1661	1655
2948	2716
2673	2500
3980	175
1592	1594
1682	1671
2286	2193
374	404
2751	2565
1022	1053
3695	1483
1692	1683
971	1008
2660	2489
2371	2257
3890	3456
2343	1179
3782	3376
2046	1991
1389	1406
2751	2561
3031	2783
812	847
2600	1670
781	813
2780	2265
2481	2348
1851	1823
920	953
735	315
72	75
1326	153
2800	2609
2190	2112
280	296
517	551
2714	2067
3149	2886
577	614
2047	1992
2331	2226
752	785
1365	1382
979	1016
2004	1958
2465	2337
2988	9
3113	610
229	239
2175	90
2272	2178
4072	3595
3292	2991
2938	2709
1353	1357
3784	3377
1916	1880
995	1029
1658	453
3300	2997
866	901
2998	2761
4107	3622
3722	3327
2419	2294
852	888
331	354
3290	2930
3171	2906
3753	3353
449	480
1289	1308
1910	1873
3690	3307
575	611
2147	1863
2973	2742
1833	1805
3429	3106
2566	2422
2595	2442
1825	1798
3014	1748
3392	3077
974	1011
3064	1329
2541	2403
712	745
1420	156
821	857
3631	3252
570	606
2804	453
3818	574
2816	2622
434	462
113	117
3169	2608
1953	1917
3586	170
2291	2197
2477	613
680	712
3096	2835
3428	3105
1175	1167
3690	3303
2936	986
2960	2727
336	359
3926	3483
1972	1930
3413	3094
1880	1848
1218	1239
1794	976
4005	3544
3167	1991
3932	3489
2475	2345
1002	1034
2559	2416
717	751
3336	3025
1689	1678
2019	1971
4037	3568
3747	3348
426	456
2097	2038
1561	1568
1600	1599
1937	158
732	766
62	65
4008	3547
1945	1908
1820	1796
3750	3350
3448	766
1195	1167
324	346
1404	1421
2676	2503
3496	3155
737	770
1386	1404
2271	2176
2546	2407
3920	3478
1086	317
3776	2861
1051	1081
316	337
1242	1264
2418	781
3469	410
3345	3035
2821	2625
3656	1981
48	50
127	131
41	42
1757	1739
972	1009
1399	1417
3617	3201
2048	1993
3341	2045
1258	1279
2578	2433
2659	2488
551	589
3661	122
312	333
965	421
683	715
1493	1508
3682	759
1126	1150
1029	1060
70	72
1146	1167
3556	3200
2991	1163
2254	2161
23	24
169	175
1646	27
3888	36
2670	766
1346	1365
516	550
824	860
4083	3605
3872	3447
80	84
3609	1301
1287	1306
446	476
550	588
588	624
1329	1347
3957	3510
1683	1672
1900	1864
3478	3024
2971	2739
2027	1976
2161	2093
2889	2677
1463	1484
464	494
3275	436
2575	2430
3856	810
435	463
684	716
3785	3378
1886	1853
3800	3394
1590	1592
715	749
1121	1146
2731	2544
3446	3120
908	624
1458	258
2765	2578
1183	1201
186	194
1668	1659
3228	2943
4119	3626
789	823
1609	1607
2037	608
2130	2067
3038	253
2845	2642
1912	872
3485	3144
923	959
227	236
450	481
2207	2126
4076	3599
4002	3541
3340	3030
1613	1610
2651	2480
2044	760
773	804
423	453
2364	2251
1935	1899
3668	511
1225	1248
1819	1795
4029	1466
3672	3292
2238	2147
1221	1243
3893	1431
3053	2799
829	866
2307	759
596	632
1301	1319
621	656
1496	1511
1498	1512
2026	1567
2217	2133
1426	1446
924	960
828	864
1867	1837
3459	3128
3491	3152
2216	2132
1886	1852
704	735
372	402
1503	1515
2774	2592
3481	3141
1973	1680
1355	1372
1666	45
1135	1156
1647	1642
2469	2340
2466	670
4068	3592
829	865
1134	1155
3218	948
2295	2199
2087	2031
2514	2352
1431	1454
746	778
2840	170
1396	1414
306	324
266	281
34	35
1930	1894
2981	2749
652	687
1168	470
3925	3482
4125	3631
2818	2623
722	757
3410	3092
3188	2916
2379	160
1856	1828
180	187
437	467
2750	2558
3995	3535
3762	3358
2756	2570
1119	1144
1822	628
3477	3138
3304	3000
2144	2077
3834	3288
233	243
2345	2239
339	363
1468	1491
3727	3333
1828	1801
397	428
1651	1645
198	206
2706	2523
2564	2420
1889	1855
3136	2874
2277	2183
3796	3390
1969	136
3282	2985
493	526
668	701
643	677
898	931
1943	1905
2739	2549
1352	1370
3025	2777
3498	703
2061	2005
2141	996
862	897
3369	1229
2718	2536
2280	2187
854	890
2173	2101
4134	3637
3098	2841
1034	1065
1862	1064
1422	449
1627	1621
1702	1691
275	291
2237	1613
336	360
250	263
3807	251
1458	1481
717	752
122	126
3618	242
1234	758
1962	1925
3244	29
2917	186
2003	1957
2281	1965
3516	3167
1933	1897
1375	1394
2359	2247
2389	2272
1372	1388
3456	3125
268	283
1641	1636
2832	2634
2814	2620
838	874
3970	3520
3366	1205
2297	2200
265	280
1407	1423
3565	3209
355	380
1623	1619
1803	1784
3418	2338
3095	2833
153	158
1383	1401
3235	2950
3599	2820
47	48
3518	3169
33	34
633	667
2081	2025
2306	2207
878	911
1716	1705
787	821
1078	1105
3739	3340
329	352
2311	707
4147	1373
601	637
3690	3305
912	944
2174	2102
3758	3355
2242	2152
3869	3445
79	83
4025	3561
3331	3021
2928	2702
3439	987
3343	3032
2337	2232
2940	2710
1812	1791
27	28
2462	2334
1474	1373
3327	165
2036	1984
3881	2018
2429	2303
1213	1233
3317	3010
1775	1758
4055	2984
4035	3566
342	367
318	339
3656	1980
4059	3583
2423	2297
2873	2662
240	251
2083	2026
1331	1349
543	579
1959	1922
228	237
524	561
2035	1983
2488	2354
12	13
2846	2643
663	697
641	675
3601	3235
2152	2084
1083	1110
1167	1187
3285	2989
841	877
1147	1168
1317	1337
1960	1923
110	114
1426	1442
4079	3601
1417	1434
3051	2798
1795	1777
60	63
1911	1874
3249	2324
1966	1928
733	767
769	801
2179	2105
309	328
3443	3118
403	434
468	499
1059	1088
4099	538
3519	3170
885	917
187	195
1391	1408
892	923
3423	3101
441	471
1663	614
909	941
2644	837
2554	2414
2282	2188
873	614
1440	1016
2209	981
366	390
2357	2246
1593	1595
274	290
1605	1603
2923	2266
1259	1280
1572	779
2614	2455
1435	1459
473	506
3778	1741
1713	1702
2647	2476
1028	1059
1720	1504
3802	3396
610	646
1131	1153
235	245
3274	2978
3135	149
2288	1194
1154	1173
2500	2366
4085	1462
2747	1592
2411	2290
281	297
2675	2502
863	898
508	542
3836	3421
1211	1231
871	906
417	447
4136	3639
3690	48
3765	3360
3335	3024
1240	1262
818	855
2223	2136
1491	1506
661	94
3490	3151
721	756
3238	2952
1982	1764
1619	215
3592	3229
269	284
220	229
1142	1163
3742	3343
1374	1392
1630	1624
3560	3204
1246	1268
2967	2735
574	610
2937	2708
2211	817
3027	2778
594	630
2240	2150
2164	2096
1156	1175
1865	404
2584	2437
3947	3500
3924	3481
3129	2866
2252	2159
4137	3504
1680	1669
1723	932
4021	3560
3907	3388
3940	3495
4086	1506
2314	2213
3684	3299
3525	173
611	507
4117	3624
3857	441
922	957
4084	724
2323	2219
1654	1648
285	156
101	104
3415	1366
2403	2285
1159	1177
2449	2320
4075	3598
2490	2355
3662	3281
1704	1693
364	211
3535	3184
2072	2017
799	833
1253	507
2064	2007
3496	3154
1354	1371
1673	415
2835	2636
2722	2539
552	590
1364	1381
2699	2514
1204	1223
2761	2575
1057	1086
139	144
1755	1737
3860	3440
219	228
1746	1730
2294	2198
3658	3278
3334	2528
1122	1147
1989	1941
832	869
2839	1167
2055	1999
2570	2426
3136	2873
3814	934
1916	1879
352	377
4026	44
476	509
2797	2607
2524	2387
3648	2701
2883	2672
997	872
3482	3142
1249	1271
2684	1313
2862	2651
267	282
1923	1887
750	783
9	10
1981	1935
245	257
337	361
1144	1165
1453	1478
2802	2611
2677	2504
2142	2076
1557	1565
4116	3623
4078	159
1596	1597
934	969
3878	2495
362	387
196	203
3245	2956
1058	1087
2434	2308
2507	909
3906	1498
1294	1313
1837	1809
3146	2883
1965	1927
1192	1212
1540	1549
3767	3363
3751	3351
1859	1831
1840	1812
4140	3641
4045	3573
3450	1345
37	38
3567	3211
2464	2336
2515	2379
3769	3364
973	1010
4150	3645
2774	2591
3688	3300
2806	2230
620	655
14	15
1408	1424
1425	1439
2941	2528
2592	977
982	1018
1979	1111
2995	2759
2908	2691
2701	2517
507	541
1778	1762
1567	1572
2539	2402
4143	930
1220	1241
1655	1649
767	799
3138	2877
3104	673
100	103
3632	410
72	74
3289	2737
3122	2858
1072	1101
3912	801
2757	2571
3329	217
3256	2964
1321	1341
2610	2451
1036	436
2715	2533
2769	2580
2762	2576
2136	2072
1541	1550
1023	1054
1831	1804
3619	2507
1207	1227
2487	2353
1380	1398
118	122
3527	3177
762	794
3486	3146
3216	2934
1157	1176
2023	1974
2455	2329
3794	3387
2597	2443
2834	268
1193	1213
522	559
1739	1509
1368	1384
3279	2982
3360	3044
3463	2955
585	621
3132	2869
3260	2967
3615	3244
4001	987
3892	3458
3217	1511
1288	1307
3806	2960
538	575
2856	707
3795	3389
2758	2573
3055	2801
29	30
2491	2356
1884	1850
3158	2896
363	388
3552	3198
1841	1813
3700	2449
3697	3312
2915	11
3214	2932
3	4
4011	3552
1524	1531
645	679
4102	3618
3534	3183
1256	1277
3267	2973
420	450
2987	2754
1637	1633
1268	1287
2208	2127
2875	2664
2200	2120
2669	2496
2921	1199
1273	1292
783	816
2774	2590
1174	1193
107	110
2520	2384
592	629
2062	166
3842	3426
1839	1811
796	830
1829	1802
900	933
3447	3121
2409	2288
831	868
415	445
1797	1780
2588	2440
2926	441
562	600
232	242
2056	2000
1373	1389
665	11
90	93
2530	2394
3607	670
1622	441
1726	1714
3544	3191
2095	2036
301	318
505	539
3072	2813
1765	1748
3262	2969
604	639
1426	1440
2149	2081
758	790
1685	1674
1881	975
1737	1723
2789	605
660	695
2406	2286
2230	2141
2122	2061
3837	3422
1248	1270
2837	516
1659	1652
2549	2409
131	136
655	690
2229	2140
2744	2553
1801	1783
2719	2537
419	449
1049	1079
284	300
326	349
1314	1334
1433	1456
568	418
4018	1373
3380	3066
960	996
857	892
1894	1859
3841	1803
1479	1498
1615	1612
1988	1940
895	927
1969	135
2205	2124
2803	932
3763	3359
1751	1733
3803	2454
2231	2142
2869	2658
705	736
1951	1914
1285	1304
3982	1999
3690	917
2509	2374
682	714
67	37
3862	3441
4120	3627
455	486
3554	2344
3180	2910
2732	2545
3200	2924
903	936
4124	3630
3993	442
2764	2577
1281	1299
558	596
130	134
3678	3296
2623	2460
2293	1020
3082	2824
1039	1069
102	105
4143	929
2666	84
1342	484
4105	3621
208	216
433	461
2463	2335
4060	3586
2711	2530
2929	2704
4111	688
2966	2734
1448	1473
1968	1172
2133	2070
2496	2361
3673	3293
2476	1965
1461	1483
3045	2793
3003	211
157	162
864	899
1052	673
3816	3406
333	356
453	484
2424	2298
2506	1111
1005	566
1712	1701
3252	1020
177	184
2746	2555
4091	3609
3930	3488
2140	2075
3193	1816
3182	2912
2471	2342
425	455
519	554
2248	1016
1300	1318
1432	1455
2228	1108
2877	1114
160	165
2080	2024
3355	3040
1574	1580
1094	1120
1635	1631
3096	2834
4009	151
3580	766
3880	1398
1639	1635
2752	1733
4065	3590
490	523
2016	1968
947	984
154	159
1093	1119
3541	3188
3770	3365
3613	3243
3848	3433
896	928
1387	1081
4044	3572
3021	1107
2907	2690
462	492
286	302
728	761
1426	1447
2498	2364
3999	3539
3835	3271
93	96
2477	614
3589	2244
2872	1566
11	12
3032	2784
3384	2077
404	436
1181	1199
1848	1820
3691	3309
495	528
50	52
2710	2528
3197	2921
370	395
1724	1712
1986	1139
3155	2892
1717	1706
2167	2098
946	983
628	662
1630	1625
3127	2863
2813	247
351	376
1735	1721
2716	2028
2499	2365
1297	1315
3724	3330
875	909
742	774
2548	929
914	947
3173	2908
1349	1367
350	375
2964	2732
3831	3419
1667	1658
2771	2582
2405	1152
1792	1775
2412	1199
2127	2064
3588	3226
1418	1435
2265	2169
3105	2849
1403	1420
4022	759
2516	2380
1515	1524
482	515
514	548
2256	2163
340	364
2630	2467
2751	988
938	974
3281	2984
1278	1296
730	764
1834	1806
3797	3391
2650	2479
467	498
888	920
347	372
590	626
4100	3616
2976	2745
2131	2068
2018	1970
321	342
3299	2996
3846	3432
3578	3221
3052	1114
3048	2795
999	1031
2346	2240
3396	3079
953	990
1412	1428
607	643
526	563
876	92
68	70
836	872
2380	2264
430	458
1741	1726
2992	2757
2753	2567
3737	1654
3876	1484
803	837
2153	2085
2866	2655
1698	1688
262	276
376	406
3250	2960
1471	1493
2607	2449
3686	885
3451	3123
521	558
775	806
1708	1699
2247	2157
882	670
2672	2499
3382	3069
3184	2913
941	978
253	267
777	810
1804	1785
1814	1167
3291	1191
2749	2557
2970	2738
520	556
2043	1988
499	532
823	859
386	416
1795	1778
2224	2137
2156	2087
254	268
3620	2141
3690	885
3047	72
1182	1200
922	958
687	719
3553	3199
472	505
3310	3005
3946	3499
1306	1326
4113	168
1340	1359
1551	703
394	426
1934	1898
955	992
3773	3368
3415	3095
3667	3285
3363	3048
3907	3387
2235	2146
446	477
3432	2348
3378	3063
1472	1494
107	111
2985	2753
710	742
3575	3218
2663	1817
2640	2471
3347	3037
2070	2015
49	51
2895	2682
1284	1303
1478	1497
3452	3124
421	451
840	876
2015	1967
2594	2441
1817	1565
308	327
1722	1710
3960	3513
3201	2925
3121	2857
759	791
1796	1779
1776	1759
2266	2170
1026	1057
2445	2317
429	457
302	319
1927	1891
3952	3505
626	661
4149	564
1332	1351
2751	2564
3732	3337
2963	2730
367	391
3919	3387
2932	43
236	247
2448	2319
1371	1387
926	962
3009	2766
675	707
3017	2771
1540	1548
2264	2168
1163	1181
2639	2470
310	331
1535	1543
2370	2256
1230	1143
1906	1869
2341	2235
2844	2040
2799	898
4157	3651
1904	1867
3733	3338
1173	1192
3625	3248
2301	2204
170	176
3367	3052
2182	2106
546	583
1031	1062
91	94
2583	2436
3159	2897
582	618
4040	1596
1199	1218
1977	1525
1915	1877
2661	2490
3062	539
4050	3577
4015	468
2772	2583
320	341
1056	1085
3095	2832
4090	3608
3056	1247
2881	2669
2009	1357
1224	1247
2637	1632
1160	1178
330	353
325	347
4089	3607
475	508
3564	3208
498	531
3215	2933
1048	1078
899	932
2984	2751
560	597
1626	437
2497	2362
1958	1921
1123	1148
3677	3295
3262	2970
1069	1097
1898	260
291	308
1217	1238
2523	670
3473	3136
577	613
1914	1876
2947	2714
314	335
3172	2907
1781	1765
3635	3257
2772	2584
1488	1504
3440	3114
2649	2478
2984	2752
1397	1415
913	945
303	320
3142	817
3005	2764
1097	1122
2059	2003
1444	1467
1858	1830
400	431
2168	309
2057	2001
3272	2976
3444	3119
2393	2276
2810	2617
2659	2486
3123	2859
183	190
2502	2369
300	317
2138	2074
2621	2458
2392	2275
2948	2715
440	470
3606	2205
2010	1815
2356	1792
3183	37
439	469
1889	461
2850	21
3637	948
1614	1611
1118	1143
3094	1190
3322	3014
2101	2042
2339	2233
2192	2114
4082	3604
406	438
956	993
43	44
1360	1377
4158	641
540	158
635	529
989	1024
1880	1847
2076	1864
1774	1757
2916	2695
1406	1229
2351	37
1845	1817
4155	3649
3363	3049
3108	2851
3342	3031
2157	2088
1344	1362
1477	493
2071	2016
2690	2484
3797	3255
780	149
2241	2151
757	789
348	373
3768	529
4141	3642
788	822
131	135
2261	1967
3904	3467
3060	2803
1601	1202
1462	707
4108	640
3978	3525
2751	2566
2041	1815
3711	2371
3043	975
1964	1926
2444	2316
3350	1641
2494	2359
2900	2686
748	780
632	666
556	594
578	615
2472	2343
2253	2160
1221	1242
2344	2238
1824	574
1929	1893
342	366
1272	1291
349	374
3767	3362
395	333
147	152
1622	976
3515	3166
1055	325
1439	1463
3929	3486
2104	2045
2522	2386
123	127
2528	2392
3276	2979
3640	3261
2858	1823
3530	3179
1428	1450
252	266
3061	2804
1571	1577
2275	2181
3416	3096
3164	2901
1185	1203
3264	863
1622	1457
3988	1398
2953	2720
2169	2099
1101	486
904	364
1113	1136
2225	1325
1178	1196
700	731
1089	1115
373	403
3261	2968
1891	1856
2455	2328
1994	170
3065	2807
1536	1544
1132	47
3794	3388
1136	1157
685	717
2648	2477
1153	1172
114	118
3664	3282
1151	1171
1908	1872
2189	2111
1254	1275
3804	3397
1928	1892
954	991
1339	1358
1075	9
307	326
801	835
1423	1437
3576	3219
1351	1369
2774	2586
4133	3636
3537	3185
391	423
3630	3251
3012	2768
3931	1061
2955	2722
3509	3161
2386	2269
671	166
4057	3582
3577	3220
1665	1657
2451	2322
2519	2383
2532	2396
2417	1076
870	905
3574	3217
3002	2763
3568	2640
1117	1141
1341	1360
1419	1436
1177	1195
3008	2765
158	163
3295	2993
804	838
244	256
66	69
135	140
4101	3617
3976	2287
2956	2723
3899	3464
3240	2954
949	986
3551	1130
1742	1727
2396	2278
2123	2062
2885	758
1060	1089
2208	2128
2774	2593
3994	1325
1405	1422
3112	1212
3084	2826
2596	1038
305	322
1464	1485
1783	1767
2382	2266
1896	1254
287	304
1706	1697
2029	1977
1176	1194
2822	2626
3850	3434
708	739
920	954
260	274
30	31
385	415
835	871
1642	1638
2831	2120
749	781
1573	1579
2447	2318
222	231
2589	1026
4048	3576
171	177
2717	2535
1759	1741
3894	3460
3864	815
3258	1991
2431	1761
2105	2046
851	887
103	106
4127	3632
2565	2421
3634	3254
1583	1047
2322	2218
2950	2718
3096	2837
1669	1660
1043	1073
413	443
317	338
534	571
4012	3553
581	617
1309	1329
2399	2282
4004	3543
1873	1842
3764	3010
1338	29
2178	2104
812	848
1482	336
2659	1196
1507	1519
106	109
2099	2040
3099	1006
2906	156
2171	2100
1864	1835
932	366
3076	2817
666	698
2891	2679
2720	614
3703	3316
141	146
1978	1933
642	676
1030	1061
1312	1332
2126	143
3980	3527
3004	904
2669	2497
4056	1163
442	472
2751	2562
3689	3301
2369	2255
4080	3602
3949	3502
4042	3570
215	223
1920	1884
3139	2878
918	951
3690	782
54	57
3336	3026
2501	2368
2863	2652
1363	1380
1660	1654
2602	159
1597	1598
3145	2882
3306	3002
3945	885
2582	2435
3611	3137
1715	1704
3566	3210
1476	1496
79	82
3971	3521
1137	1158
3376	3061
845	881
4008	7
1200	1219
88	91
3442	3117
1879	1846
1112	1135
966	119
3941	3496
1074	1103
151	156
383	413
1107	613
916	949
474	507
1788	1771
1558	1566
2172	1566
2422	2296
1214	1234
984	1020
346	371
869	904
3840	3425
3587	3225
1164	1182
793	827
411	442
1640	707
2978	2747
3248	2959
1185	1204
770	802
2751	309
1228	1251
3020	881
905	937
1539	1547
3194	2918
2143	149
2249	2158
1813	1792
807	841
1231	1253
690	722
1526	1533
1330	1348
1018	1050
1448	1472
1013	1044
3927	3484
249	262
2705	2522
3430	3107
1323	1342
2202	166
1571	1578
1605	1604
2951	1651
16	17
1618	1614
3125	2861
1723	1711
1546	1555
59	62
2812	2618
1347	190
843	879
600	636
605	641
2783	1717
359	384
1137	1159
3581	1809
4000	3540
1426	1441
3819	3408
1449	1475
4058	1344
427	254
1191	1210
4008	3546
3671	3291
781	814
917	950
901	934
1534	1541
3883	3451
3227	2942
2325	2221
1401	1418
487	520
3219	2160
3269	1202
815	853
484	517
2112	2052
338	362
1563	1357
1976	256
282	298
1974	1932
270	285
3797	810
1770	1754
3203	2926
3458	3127
1782	1766
2664	2493
2694	2320
240	252
2031	478
2788	2603
713	747
706	737
1179	1197
2894	1320
1095	953
1293	1312
1922	1886
531	568
2334	2229
1275	1294
3775	3371
379	409
2957	2724
1577	1583
3628	3249
761	793
626	660
3128	2864
849	885
69	71
1098	1123
3805	3398
1521	1529
2162	2094
3131	2868
1006	1037
1004	1036
1545	1554
1256	1278
459	489
3680	54
3521	3172
933	968
3074	2815
1124	1111
1506	1518
1942	1904
519	555
3030	2782
785	818
3259	2966
1773	1756
2313	2212
4074	3597
3790	3382
3866	3444
3610	428
2195	505
3563	3206
2533	2397
968	1005
2774	2587
1062	1091
791	825
1202	1221
3974	3522
2878	2666
50	53
3083	2825
3101	2846
2581	2434
4020	3559
1203	1222
3433	487
3241	2581
778	811
3922	3480
4008	3548
2965	2733
40	41
543	345
3144	2881
557	595
3284	2987
1802	151
983	1019
1494	1509
714	748
276	292
3234	2949
3604	3238
2702	2519
2774	2589
1025	1056
2118	2056
1718	1707
3543	3190
2382	2265
724	759
2340	2234
2163	2095
2110	2050
143	148
2269	2173
1676	1666
83	86
2242	2153
4031	3563
2606	2448
3093	1163
3242	2183
2184	2108
1632	1627
4017	262
3950	3503
677	621
409	440
3757	2467
513	547
2188	2110
3476	3137
725	197
654	689
800	834
2299	2202
555	593
133	138
1045	1075
370	400
3916	3475
3352	3039
1755	1736
87	90
163	169
288	305
8	9
595	631
3868	56
3786	3379
3071	2812
1955	1919
184	192
1426	1445
1099	1124
1932	1896
3687	3167
1919	1883
649	684
1238	1259
1465	1486
3011	2767
1800	1782
964	1000
1984	1938
1909	1178
2276	2182
17	18
1954	688
1245	1266
2713	2532
902	935
1434	1457
306	323
3602	3236
795	829
3977	3524
787	820
2413	909
886	918
2585	354
662	696
1415	1431
1197	1216
2880	2668
365	389
3961	107
939	975
1732	1097
380	410
4077	3600
3111	2853
1850	1822
855	891
3741	3341
2574	2429
2829	2632
812	849
3815	3405
850	886
3799	3393
132	137
2227	2139
2794	2606
2868	2657
2426	2300
3523	3174
3067	2809
2082	952
1150	1170
3797	932
4053	3579
2693	1703
1239	1260
486	519
2329	2224
384	414
2367	2254
2679	2506
451	482
2503	2370
1790	1773
3882	555
3333	3023
988	1023
729	763
447	478
809	843
3325	3016
3119	1504
2990	2756
261	275
1381	1399
3965	3516
1316	1336
2305	2206
1071	1099
3722	3328
1318	1338
2716	1630
2909	2266
726	187
691	723
2394	1715
638	672
1441	1464
2528	2391
1466	1487
1085	1112
1761	1743
3520	3171
3400	3083
250	264
2073	2018
994	1028
4030	3562
1255	1276
2518	2382
3464	718
295	312
2473	2344
1014	1046
3704	2737
2111	2051
77	80
2914	1298
739	772
3233	2948
156	161
2996	634
937	973
3010	1029
1044	1074
313	334
1007	1039
731	765
211	219
2825	2629
4033	3565
323	345
4066	1970
436	466
1885	1049
3085	2827
2120	2058
3389	94
2939	158
1395	1413
1548	1560
13	14
206	214
981	1017
3438	3113
2911	2692
1578	948
1495	1510
1560	1567
2751	2560
2809	2616
2823	2018
1953	1918
3718	3325
178	185
1674	1664
1664	1656
3903	3466
2052	1997
4051	3578
466	497
290	307
2727	929
2443	160
3744	3345
3455	2786
2986	1451
1014	1045
616	651
2065	2008
3266	2018
2364	2252
586	622
2455	2327
3070	56
3035	1689
460	490
1516	1525
1816	1793
435	464
2387	2270
3454	731
1918	1882
1950	1913
3641	3262
2968	2736
1681	1670
3984	3529
2385	2104
1818	1794
3564	3207
2480	2347
2843	2641
2441	2314
1400	569
1050	1080
2	3
142	147
190	198
3944	3498
471	504
2269	2174
2415	2292
3807	3399
3921	3479
1210	1230
3141	2879
2362	670
3115	471
1886	1851
2328	501
1345	1364
465	495
1995	1946
4103	3619
1091	1117
3467	3132
1512	428
1648	1643
1170	1189
1393	1410
3966	3517
1348	1366
3859	3439
392	424
548	586
3381	3068
3022	2774
1127	1151
1727	1715
865	900
2361	2249
1514	1087
3528	641
3598	2609
2432	2306
2645	2475
623	657
3887	3454
3297	2994
2106	2047
3838	3423
2239	2149
165	171
1502	1514
2542	2404
3383	3071
1587	1589
2407	1668
3731	3336
3211	2931
3311	3006
1367	1383
3143	2880
3981	1457
3177	44
3022	2775
696	727
4145	2339
3395	3078
205	213
2021	1972
1336	1355
1947	1910
3979	3526
1012	1043
603	638
608	644
2882	2670
1189	1208
2258	1089
2934	2707
3975	3523
2332	2227
4135	3638
3745	3346
1196	1215
1107	614
2355	718
887	919
1282	1300
99	102
2058	2002
1100	1125
370	396
3086	2828
125	129
1594	1167
2181	505
530	567
1176	184
174	180
243	255
3037	2788
1041	1071
2139	559
75	78
2598	2444
1361	1378
2682	2100
1016	1048
3202	1024
2437	2310
3099	2842
402	433
2259	2165
185	193
1606	1605
4160	3652
1324	1343
3875	3450
2959	2726
740	549
734	768
480	513
3832	2018
2609	1771
651	686
3103	2848
609	645
2438	2311
1760	1742
3315	3008
1957	1920
1328	1346
1691	1682
2410	2289
1733	1718
2146	2079
2531	2395
1740	1725
1576	1581
1211	1232
2287	2194
3514	3165
693	6
4146	2263
3372	2963
3616	3245
3033	2785
3029	2780
3161	2225
1467	1488
3844	3429
4059	3584
212	220
1806	1396
1222	1244
1017	1049
3388	3075
2615	1457
1742	1728
2335	2230
3636	3258
2786	2601
213	221
239	250
1970	1199
2617	529
491	524
3726	3332
3401	804
3386	2159
2826	2630
670	703
1569	1575
1612	1609
3110	2852
1730	1716
3693	3310
3273	2977
2982	2750
1455	1479
1917	1881
1519	1528
1279	1297
322	343
2893	2681
2302	166
3909	3469
3337	3027
1125	1149
842	878
3879	641
3136	2872
910	942
698	729
3634	3256
702	733
2619	2457
3449	3122
709	740
4016	3556
1984	1937
2032	1980
3507	3160
2289	2195
4126	1910
4087	253
3833	3420
1725	1713
2815	2621
1015	1047
228	238
825	861
335	358
3189	2436
1938	9
2692	700
146	151
1617	1613
416	446
22	23
892	924
893	925
2032	1981
3460	2340
1705	1696
566	604
2533	2398
1426	1448
1689	1679
754	511
2014	1966
572	608
2734	1612
4016	3555
116	120
3845	3430
1899	1862
25	26
1844	1816
1235	1256
1291	1310
2441	2313
3572	3214
264	279
191	199
2177	2103
3221	2936
2929	2703
