--------------------------------
top50
0.5644283121597096
0.24383164005805516
0.3025856044723969
0.12862745098039216
0.5021173623714459
0.019591836734693877
0.2931785195936139
0.02857142857142857
0.21342383107088989
0.04244897959183674
0.45551378446115287
0.46115288220551376
0.1419607843137255
0.36835016835016837
0.36498316498316496
0.7657168701944821
0.20739064856711917
0.39155844155844155
0.27503628447024675
0.4674185463659148
0.04816326530612245
0.22549019607843138
0.031020408163265307
0.3569023569023569
0.04653061224489796
0.0636734693877551
0.3193570929419986
0.6112994350282486
0.1011764705882353
0.2706821480406386
0.1584313725490196
0.1011764705882353
0.29333333333333333
0.25036284470246734
0.22850678733031674
0.7892356399819086
0.15137254901960784
0.3018867924528302
0.5493863237872589
0.15372549019607842
0.1450980392156863
0.18588235294117647
0.3872053872053872
0.10431372549019607
0.3312368972746331
0.1726998491704374
0.18929110105580693
0.19909502262443438
0.15764705882352942
0.664727657324167
--------------------------------
top10
0.36363636363636365
0.4909090909090909
0.13333333333333333
0.0
0.08888888888888889
0.1111111111111111
0.6666666666666666
0.08888888888888889
0.044444444444444446
0.08888888888888889
0.0
0.36363636363636365
0.6515151515151515
0.34545454545454546
0.022222222222222223
0.022222222222222223
0.36363636363636365
0.022222222222222223
0.7948717948717948
0.022222222222222223
0.43636363636363634
0.0
0.36363636363636365
0.044444444444444446
0.782051282051282
0.7435897435897436
0.022222222222222223
0.41818181818181815
0.45454545454545453
0.044444444444444446
0.1111111111111111
0.022222222222222223
0.34545454545454546
0.17777777777777778
0.36363636363636365
0.06666666666666667
0.36363636363636365
0.5909090909090909
0.38181818181818183
0.36363636363636365
0.9142857142857143
0.9238095238095239
0.4
0.0
0.0
0.0
0.0
0.0
0.4727272727272727
0.022222222222222223
--------------------------------
top5
0.1
0.8571428571428571
0.7333333333333333
0.0
0.6
0.6666666666666666
0.6
0.6
0.1
0.6666666666666666
0.0
0.1
0.6
0.0
0.0
0.0
0.0
0.1
0.5
0.0
0.7333333333333333
0.0
0.1
0.1
0.7333333333333333
0.1
0.1
0.6666666666666666
0.8571428571428571
0.2
0.6666666666666666
0.0
0.0
0.6
0.1
0.6666666666666666
0.1
0.1
0.2
0.0
0.6666666666666666
0.7333333333333333
0.1
0.0
0.0
0.0
0.0
0.0
0.8571428571428571
0.1
