--------------------------------
top50
0.17873303167420815
0.0
0.1817496229260935
0.0
0.034139402560455195
0.8481632653061224
0.03982930298719772
0.18099547511312217
0.963265306122449
0.9510204081632653
0.0
0.03840682788051209
0.0
0.12380952380952381
0.3501683501683502
0.0
0.0
0.36094276094276095
0.5412039742840444
0.8391836734693877
0.9510204081632653
0.5943502824858757
0.6011299435028249
0.8726530612244898
0.6398730830248546
0.3461279461279461
0.031294452347083924
0.5400350672121567
0.0
0.0
0.6441036488630354
0.0
0.0
0.3220211161387632
0.18024132730015083
0.8408163265306122
0.6626123744050767
0.41414141414141414
0.0
0.8628571428571429
0.0
0.9453061224489796
0.1003921568627451
0.5318527177089422
0.8710204081632653
0.27472527472527475
0.8408163265306122
0.06666666666666667
--------------------------------
top10
0.06666666666666667
0.0
0.36363636363636365
0.0
0.5909090909090909
0.5757575757575758
0.43636363636363634
0.38181818181818183
0.7307692307692307
0.5454545454545454
0.0
0.45454545454545453
0.0
0.5757575757575758
0.43636363636363634
0.0
0.0
0.34545454545454546
0.0
0.8571428571428571
0.5454545454545454
0.4
0.5272727272727272
0.8461538461538461
0.08888888888888889
0.06666666666666667
0.36363636363636365
0.0
0.0
0.0
0.17777777777777778
0.0
0.0
0.06666666666666667
0.13333333333333333
0.8681318681318682
0.4727272727272727
0.13333333333333333
0.0
0.8681318681318682
0.0
0.6363636363636364
0.13333333333333333
0.34545454545454546
0.8351648351648352
0.7121212121212122
0.8681318681318682
0.38181818181818183
--------------------------------
top5
0.3
0.0
0.0
0.0
0.1
0.0
0.8571428571428571
0.6666666666666666
0.9642857142857143
0.8571428571428571
0.0
0.6
0.0
0.0
0.6666666666666666
0.0
0.0
0.0
0.0
0.8571428571428571
0.8571428571428571
0.3
0.9047619047619048
0.1
0.6
0.6
0.0
0.0
0.0
0.0
0.8571428571428571
0.0
0.0
0.2
0.6
0.9642857142857143
0.6
0.6
0.0
0.9642857142857143
0.0
0.6666666666666666
0.8571428571428571
0.0
0.9642857142857143
0.9642857142857143
0.9642857142857143
0.6
