--------------------------------
top50
0.4720779220779221
0.2473604826546003
0.5645821157218002
0.06612244897959184
0.43896103896103894
0.5858757062146893
0.39063591893780575
0.33599419448476053
0.12862745098039216
0.47619047619047616
0.6388077147866744
0.4396103896103896
0.43376623376623374
0.21040723981900453
0.4603896103896104
0.5190562613430127
0.3591893780573026
0.3033381712626996
0.5423728813559322
0.3352685050798258
0.17568627450980392
0.1811764705882353
0.37912457912457914
0.18823529411764706
0.1380392156862745
0.559322033898305
0.6130917592051431
0.525062656641604
0.5858757062146893
0.22699849170437406
0.8009950248756219
0.23906485671191555
0.10285714285714286
0.5423728813559322
0.3613933236574746
0.41025641025641024
0.6333333333333333
0.3556953179594689
0.49122807017543857
0.21794871794871795
0.21945701357466063
0.45252525252525255
0.2808417997097242
0.4924812030075188
0.32354996505939904
0.6595628415300546
0.2911010558069382
0.16549019607843138
0.5105868118572293
0.21254901960784314
--------------------------------
top10
0.022222222222222223
0.7307692307692307
0.43636363636363634
0.044444444444444446
0.044444444444444446
0.4727272727272727
0.8791208791208791
0.509090909090909
0.38181818181818183
0.6212121212121212
0.6515151515151515
0.38181818181818183
0.34545454545454546
0.45454545454545453
0.08888888888888889
0.5909090909090909
0.36363636363636365
0.5636363636363636
0.45454545454545453
0.6666666666666666
0.24444444444444444
0.8571428571428571
0.8205128205128205
0.5909090909090909
0.4
0.0
0.6
0.5909090909090909
0.5333333333333333
0.4727272727272727
0.022222222222222223
0.509090909090909
0.9583333333333334
0.2
0.6818181818181818
0.9047619047619048
0.38181818181818183
0.45454545454545453
0.6212121212121212
0.45454545454545453
0.696969696969697
0.06666666666666667
0.4
0.06666666666666667
0.7692307692307693
0.13333333333333333
0.0
0.45454545454545453
0.08888888888888889
0.044444444444444446
--------------------------------
top5
0.1
0.6
0.7333333333333333
0.6
0.0
0.6
0.8571428571428571
0.6
0.6
0.6
0.8571428571428571
0.2
0.6
0.1
0.6666666666666666
0.1
0.0
0.9523809523809523
0.8
0.8571428571428571
0.8571428571428571
0.8571428571428571
0.9642857142857143
0.0
0.6
0.0
0.9047619047619048
0.0
0.9642857142857143
0.6
0.1
0.6
0.9047619047619048
0.6666666666666666
0.8
0.6
0.0
0.4
0.3
0.6666666666666666
0.8571428571428571
0.6666666666666666
0.1
0.2
0.6
0.7333333333333333
0.0
0.3
0.2
0.0
