--------------------------------
top50
0.7622377622377622
0.5275257108287962
0.7142857142857143
0.4680451127819549
0.5099818511796733
0.1870286576168929
0.35639412997903563
0.2096530920060332
0.4478114478114478
0.0653061224489796
0.3480083857442348
0.42077922077922075
0.2764876632801161
0.4597402597402597
0.6737176097303015
0.641988365943945
0.3941299790356394
0.5819209039548022
0.7152777777777778
0.6045197740112994
0.1419607843137255
0.4107744107744108
0.12392156862745098
0.4830827067669173
0.29825834542815677
0.14431372549019608
0.5801572897761645
0.4943609022556391
0.10666666666666667
0.3522012578616352
0.19230769230769232
0.30957372466806427
0.6378531073446327
0.5226860254083484
0.353410740203193
0.4461038961038961
0.3221523410202656
0.45802005012531327
0.6338797814207651
0.6437158469945355
0.22322775263951736
0.2119155354449472
0.44155844155844154
0.11843137254901961
0.4793233082706767
0.4109014675052411
0.5903954802259888
0.9012612612612613
0.24660633484162897
0.7435897435897436
--------------------------------
top10
0.34545454545454546
0.15555555555555556
0.4727272727272727
0.1111111111111111
0.06666666666666667
0.41818181818181815
0.8571428571428571
0.509090909090909
0.7564102564102564
0.4727272727272727
0.5757575757575758
0.6363636363636364
0.7272727272727273
0.4
0.06666666666666667
0.13333333333333333
0.7692307692307693
0.13333333333333333
0.7307692307692307
0.6515151515151515
0.41818181818181815
0.08888888888888889
0.24444444444444444
0.6363636363636364
0.696969696969697
0.3111111111111111
0.022222222222222223
0.45454545454545453
0.4
0.6060606060606061
0.17777777777777778
0.6060606060606061
0.4
0.6515151515151515
0.41818181818181815
0.0
0.0
0.044444444444444446
0.41818181818181815
0.38181818181818183
0.8205128205128205
0.509090909090909
0.8461538461538461
0.06666666666666667
0.022222222222222223
0.7435897435897436
0.4
0.17777777777777778
0.41818181818181815
0.0
--------------------------------
top5
0.0
0.8
0.8571428571428571
0.4
0.6
0.6
0.9523809523809523
0.8571428571428571
0.6
0.6
0.0
0.6
0.8571428571428571
0.6666666666666666
0.1
0.3
0.6666666666666666
0.6
0.0
0.4
0.7333333333333333
0.4
0.8
0.6666666666666666
0.9047619047619048
0.9642857142857143
0.1
0.6
0.1
0.6666666666666666
0.6666666666666666
0.2
0.2
0.6666666666666666
0.2
0.0
0.0
0.6666666666666666
0.4
0.0
0.9523809523809523
0.6
0.1
0.2
0.1
0.1
0.6
0.6
0.1
0.0
