--------------------------------
top50
0.36757512229210343
0.5423728813559322
0.19683257918552036
0.1847662141779789
0.73125
0.026938775510204082
0.19306184012066366
0.19457013574660634
0.23529411764705882
0.18250377073906485
0.6196721311475409
0.25036284470246734
0.1726998491704374
0.14745098039215687
0.09568627450980392
0.6509783183500794
0.062040816326530614
0.6493918561607614
0.2976939203354298
0.25834542815674894
0.10901960784313726
0.19306184012066366
0.1027450980392157
0.4699248120300752
0.4617794486215539
0.04653061224489796
0.4567669172932331
0.3221523410202656
0.23604826546003016
0.5689265536723164
0.18401206636500755
0.1192156862745098
0.15058823529411763
0.15987933634992457
0.14823529411764705
0.367003367003367
0.18250377073906485
0.362962962962963
0.4067340067340067
0.1885369532428356
0.1207843137254902
0.0653061224489796
0.10901960784313726
0.30468204053109715
0.45363408521303256
0.10823529411764705
0.6010928961748634
0.6073446327683616
0.03510204081632653
0.18509803921568627
--------------------------------
top10
0.6515151515151515
0.45454545454545453
0.1111111111111111
0.08888888888888889
0.38181818181818183
0.1111111111111111
0.06666666666666667
0.1111111111111111
0.38181818181818183
0.06666666666666667
0.5757575757575758
0.6515151515151515
0.36363636363636365
0.5909090909090909
0.36363636363636365
0.4
0.34545454545454546
0.45454545454545453
0.5757575757575758
0.06666666666666667
0.38181818181818183
0.7307692307692307
0.06666666666666667
0.2
0.36363636363636365
0.4
0.022222222222222223
0.1111111111111111
0.5909090909090909
0.06666666666666667
0.45454545454545453
0.022222222222222223
0.022222222222222223
0.0
0.36363636363636365
0.022222222222222223
0.0
0.06666666666666667
0.36363636363636365
0.34545454545454546
0.7307692307692307
0.06666666666666667
0.5757575757575758
0.022222222222222223
0.022222222222222223
0.06666666666666667
0.0
0.5818181818181818
0.022222222222222223
0.06666666666666667
--------------------------------
top5
0.8571428571428571
0.6666666666666666
0.4
0.6
0.0
0.2
0.0
0.6
0.0
0.6
0.0
0.6666666666666666
0.0
0.0
0.0
0.6
0.0
0.6
0.0
0.2
0.1
0.0
0.3
0.6666666666666666
0.6
0.0
0.1
0.6
0.9047619047619048
0.3
0.6
0.1
0.0
0.0
0.1
0.0
0.0
0.6
0.0
0.0
0.0
0.6666666666666666
0.0
0.0
0.1
0.1
0.0
0.8571428571428571
0.0
0.0
