--------------------------------
top50
0.26705370101596515
0.20718816067653276
0.25689404934687954
0.19556025369978858
0.05547652916073969
0.8530612244897959
0.09388335704125178
0.2656023222060958
0.9453061224489796
0.950204081632653
0.13107822410147993
0.07965860597439545
0.12790697674418605
0.02857142857142857
0.31795946890286514
0.13742071881606766
0.0
0.33193570929419985
0.5447106954997077
0.846530612244898
0.950204081632653
0.5903954802259888
0.6557377049180327
0.8530612244897959
0.6679005817028028
0.3158630328441649
0.08961593172119488
0.5447106954997077
0.18710359408033828
0.045454545454545456
0.656795346377578
0.18816067653276955
0.0
0.3838896952104499
0.2714078374455733
0.8865306122448979
0.52994555353902
0.4222222222222222
0.0
0.8473469387755102
0.12473572938689217
0.9469387755102041
0.5130066545674531
0.5441262419637639
0.8473469387755102
0.0
0.8734693877551021
0.06666666666666667
--------------------------------
top10
0.8791208791208791
0.9934640522875817
0.5757575757575758
0.9779411764705882
0.7435897435897436
0.5757575757575758
0.5454545454545454
0.8461538461538461
0.5909090909090909
0.6666666666666666
0.95
0.17777777777777778
0.9779411764705882
0.34545454545454546
0.696969696969697
0.9934640522875817
0.0
0.5757575757575758
0.41818181818181815
0.9047619047619048
0.6818181818181818
0.4
0.43636363636363634
0.5757575757575758
0.8791208791208791
0.6666666666666666
0.6060606060606061
0.41818181818181815
0.9934640522875817
0.06666666666666667
0.4909090909090909
0.9934640522875817
0.0
0.13333333333333333
0.8571428571428571
0.9779411764705882
0.509090909090909
0.1111111111111111
0.0
0.5757575757575758
0.9934640522875817
0.5909090909090909
0.6818181818181818
0.7307692307692307
0.5757575757575758
0.0
0.8681318681318682
0.34545454545454546
--------------------------------
top5
0.4
0.9642857142857143
0.0
0.9642857142857143
0.1
0.6
0.9523809523809523
0.6
0.6
0.7333333333333333
0.9642857142857143
0.7333333333333333
0.9642857142857143
0.0
0.9047619047619048
0.9642857142857143
0.0
0.0
0.4
0.8571428571428571
0.7333333333333333
0.3
0.6
0.6
0.6
0.7333333333333333
0.6
0.4
1.0
0.6
0.6
0.9642857142857143
0.0
0.8571428571428571
0.8571428571428571
0.9642857142857143
0.6
0.6
0.0
0.8571428571428571
0.9642857142857143
0.6
0.6
0.0
0.8571428571428571
0.0
0.9642857142857143
0.0
