--------------------------------
top50
0.3723905723905724
0.14588235294117646
0.30406386066763424
0.11450980392156863
0.23604826546003016
0.3824915824915825
0.2910014513788099
0.29390420899854863
0.1411764705882353
0.43376623376623374
0.6384180790960452
0.3744107744107744
0.1726998491704374
0.06693877551020408
0.6902201740911418
0.18099547511312217
0.23076923076923078
0.4558922558922559
0.24600870827285923
0.23137254901960785
0.18775510204081633
0.23378582202111614
0.26850507982583455
0.12816326530612246
0.12
0.3966329966329966
0.6475409836065574
0.42693602693602695
0.18099547511312217
0.22926093514328807
0.5505142165759226
0.04816326530612245
0.14530612244897959
0.45864661654135336
0.3599419448476052
0.24283559577677225
0.34311670160726765
0.23378582202111614
0.3878787878787879
0.22926093514328807
0.16705882352941176
0.4780701754385965
0.193815987933635
0.4655844155844156
--------------------------------
top10
0.3333333333333333
0.6515151515151515
0.06666666666666667
0.06666666666666667
0.13333333333333333
0.06666666666666667
0.5909090909090909
0.38181818181818183
0.6212121212121212
0.38181818181818183
0.7121212121212122
0.41818181818181815
0.08888888888888889
0.4
0.28888888888888886
0.36363636363636365
0.022222222222222223
0.8571428571428571
0.4909090909090909
0.8571428571428571
0.5909090909090909
0.6515151515151515
0.5454545454545454
0.36363636363636365
0.6363636363636364
0.022222222222222223
0.6363636363636364
0.1111111111111111
0.6515151515151515
0.7692307692307693
0.36363636363636365
0.06666666666666667
0.9666666666666667
0.41818181818181815
0.7435897435897436
0.6060606060606061
0.4909090909090909
0.6818181818181818
0.509090909090909
0.5111111111111111
0.7692307692307693
0.34545454545454546
0.4909090909090909
0.06666666666666667
--------------------------------
top5
0.9523809523809523
0.6
0.6
0.6
0.8666666666666667
0.0
0.1
0.1
0.8571428571428571
0.0
0.8571428571428571
0.6
0.6
0.0
0.8571428571428571
0.1
0.1
0.2
0.9333333333333333
1.0
0.1
0.6
0.8571428571428571
0.1
0.6
0.0
0.9642857142857143
0.3
0.6
0.8571428571428571
0.0
0.1
1.0
0.6666666666666666
0.6
0.6
0.8666666666666667
0.6
0.8
0.9642857142857143
0.6666666666666666
0.0
0.6666666666666666
0.2
