--------------------------------
top50
0.5420447670901392
0.31236897274633124
0.296995108315863
0.1568627450980392
0.4074074074074074
0.25544267053701014
0.14666666666666667
0.23227752639517346
0.2066365007541478
0.1847662141779789
0.3270440251572327
0.4331168831168831
0.11137254901960784
0.2525399129172714
0.3750841750841751
0.4667919799498747
0.3577917540181691
0.6125683060109289
0.30468204053109715
0.26342525399129174
0.2844702467343977
0.37037037037037035
0.9012612612612613
0.42467532467532465
0.5937853107344633
0.13647058823529412
0.5420447670901392
0.26995645863570394
0.48370927318295737
0.6948284690220174
0.16817496229260936
0.19155354449472098
0.1411764705882353
0.2467343976777939
0.2728592162554427
0.25471698113207547
0.2757619738751814
0.3528619528619529
0.24962292609351433
0.9235087719298246
0.3137665967854647
0.251088534107402
0.11529411764705882
0.3060796645702306
0.3424178895877009
0.9319890635680109
0.7118055555555556
0.3193570929419986
0.027755102040816326
0.5063973063973064
--------------------------------
top10
0.13333333333333333
0.022222222222222223
0.1111111111111111
0.34545454545454546
0.022222222222222223
0.08888888888888889
0.4
0.2222222222222222
0.34545454545454546
0.36363636363636365
0.6212121212121212
0.6060606060606061
0.022222222222222223
0.06666666666666667
0.022222222222222223
0.4
0.41818181818181815
0.06666666666666667
0.43636363636363634
0.022222222222222223
0.5909090909090909
0.34545454545454546
0.8351648351648352
0.41818181818181815
0.08888888888888889
0.022222222222222223
0.17777777777777778
0.45454545454545453
0.044444444444444446
0.34545454545454546
0.15555555555555556
0.022222222222222223
0.38181818181818183
0.06666666666666667
0.5757575757575758
0.15555555555555556
0.06666666666666667
0.06666666666666667
0.509090909090909
0.9047619047619048
0.509090909090909
0.36363636363636365
0.1111111111111111
0.45454545454545453
0.4
0.95
0.044444444444444446
0.044444444444444446
0.1111111111111111
0.044444444444444446
--------------------------------
top5
0.6
0.6
0.2
0.0
0.0
0.3
0.6
0.7333333333333333
0.0
0.0
0.2
0.6666666666666666
0.1
0.1
0.1
0.2
0.6
0.0
0.6666666666666666
0.0
0.6
0.0
0.6
0.3
0.6
0.0
0.1
0.8571428571428571
0.0
0.0
0.8571428571428571
0.1
0.1
0.0
0.0
0.3
0.7333333333333333
0.1
0.6666666666666666
1.0
0.8571428571428571
0.6
0.0
0.6
0.3
0.8571428571428571
0.0
0.0
0.6
0.2
