--------------------------------
top50
0.31865828092243187
0.7425595238095238
0.7045570916538658
0.5482174167153712
0.6644808743169399
0.412987012987013
0.03346938775510204
0.08862745098039215
0.5887005649717514
0.4688311688311688
0.5610753945061367
0.5745762711864407
0.45551378446115287
0.6984126984126984
0.7509920634920635
0.6327868852459017
0.4517543859649123
0.6459016393442623
0.6344262295081967
0.565166569257744
0.017959183673469388
0.3750841750841751
0.012755102040816327
0.4993506493506494
0.3228511530398323
0.18099547511312217
0.4357142857142857
0.6452367036820573
0.4142857142857143
0.41688311688311686
0.5150375939849624
0.584180790960452
0.5447106954997077
0.5622443015780245
0.49304295220810646
0.5994350282485875
0.506265664160401
0.4805764411027569
0.45194805194805193
0.5523290986085905
0.4103896103896104
0.5390199637023594
0.4655844155844156
0.3784511784511784
0.5196612220205686
0.5902980713033313
0.5105868118572293
0.38316498316498315
0.16705882352941176
0.7766899766899766
--------------------------------
top10
0.0
0.6212121212121212
0.6363636363636364
0.34545454545454546
0.43636363636363634
0.34545454545454546
0.34545454545454546
0.0
0.38181818181818183
0.0
0.34545454545454546
0.022222222222222223
0.0
0.36363636363636365
0.8076923076923077
0.022222222222222223
0.0
0.022222222222222223
0.022222222222222223
0.41818181818181815
0.044444444444444446
0.0
0.36363636363636365
0.36363636363636365
0.0
0.08888888888888889
0.0
0.45454545454545453
0.044444444444444446
0.044444444444444446
0.36363636363636365
0.34545454545454546
0.0
0.36363636363636365
0.0
0.0
0.0
0.044444444444444446
0.5757575757575758
0.06666666666666667
0.0
0.34545454545454546
0.36363636363636365
0.022222222222222223
0.5757575757575758
0.022222222222222223
0.0
0.0
0.044444444444444446
0.5757575757575758
--------------------------------
top5
0.0
0.1
0.6666666666666666
0.0
0.6
0.0
0.0
0.0
0.0
0.0
0.0
0.0
0.0
0.0
0.9642857142857143
0.1
0.0
0.0
0.0
0.6
0.2
0.0
0.0
0.1
0.0
0.1
0.0
0.6
0.0
0.0
0.0
0.0
0.0
0.6
0.0
0.0
0.0
0.0
0.0
0.0
0.0
0.0
0.6
0.6
0.0
0.0
0.0
0.0
0.1
0.6
