--------------------------------
top50
0.08784313725490196
0.09098039215686274
0.09725490196078432
0.0996078431372549
0.037551020408163265
0.08784313725490196
0.3466107617051013
0.22423802612481858
0.30914368650217705
0.16138763197586728
0.00816326530612245
0.017142857142857144
0.21266968325791855
0.17345399698340874
0.013877551020408163
0.39124579124579123
0.08313725490196078
0.15761689291101055
0.11686274509803922
0.08392156862745098
0.08235294117647059
0.4720779220779221
0.17345399698340874
0.17043740573152338
0.24455732946298983
0.22699849170437406
0.08470588235294117
0.08313725490196078
0.0792156862745098
0.1779788838612368
0.16591251885369532
0.1779788838612368
0.00816326530612245
0.006530612244897959
0.08
0.08941176470588236
0.007346938775510204
0.007346938775510204
0.009795918367346938
0.00816326530612245
0.08705882352941176
0.23004354136429608
0.15007541478129713
0.0016326530612244899
0.1003921568627451
0.08862745098039215
0.011428571428571429
0.21915820029027577
--------------------------------
top10
0.38181818181818183
0.0
0.1111111111111111
0.0
0.0
0.022222222222222223
0.696969696969697
0.0
0.696969696969697
0.0
0.0
0.0
0.34545454545454546
0.0
0.34545454545454546
0.5909090909090909
0.1111111111111111
0.022222222222222223
0.044444444444444446
0.06666666666666667
0.044444444444444446
0.45454545454545453
0.36363636363636365
0.4727272727272727
0.0
0.17777777777777778
0.0
0.022222222222222223
0.0
0.044444444444444446
0.0
0.08888888888888889
0.0
0.0
0.044444444444444446
0.36363636363636365
0.34545454545454546
0.06666666666666667
0.0
0.0
0.0
0.36363636363636365
0.022222222222222223
0.022222222222222223
0.0
0.36363636363636365
0.41818181818181815
0.022222222222222223
--------------------------------
top5
0.0
0.0
0.6
0.0
0.0
0.0
0.8571428571428571
0.0
0.8
0.0
0.0
0.0
0.0
0.0
0.0
0.0
0.7333333333333333
0.0
0.0
0.6
0.0
0.2
0.1
0.6
0.0
0.6
0.0
0.6
0.0
0.6
0.0
0.6
0.0
0.0
0.2
0.1
0.0
0.3
0.0
0.0
0.0
0.6666666666666666
0.1
0.1
0.0
0.1
0.6
0.1
