movie	director
2790	2381
545	567
1731	351
1948	1752
2068	1841
2080	1849
2818	367
2295	2021
1360	1304
2739	211
762	780
1684	1276
602	625
1977	1771
1884	61
164	170
1856	1563
2299	2025
2416	2113
1096	1090
416	431
495	513
207	214
719	740
1059	1061
2323	2049
642	668
2524	807
1910	1730
1941	1679
1389	1326
1109	1101
2849	411
1226	1197
2450	2141
238	246
1195	1177
1989	520
1955	1759
51	52
78	79
625	651
2650	2283
795	810
1438	345
555	577
2646	2280
1331	1185
115	118
463	477
1810	1655
755	774
693	715
1567	1472
1111	1103
928	942
1662	1546
839	854
1891	1720
2021	1806
1537	1450
2636	2275
1332	1279
270	17
1899	1724
38	40
2607	95
1390	1327
159	164
1826	1216
520	538
2191	1945
431	447
1404	1339
796	811
1372	1311
878	891
1021	1024
1783	1636
714	451
2686	2305
2689	2308
231	239
2108	1879
1340	1286
2375	2085
126	131
670	510
1762	1620
1647	1429
1710	1586
2268	1205
1715	1591
1461	167
2641	2278
41	43
2066	1840
1493	923
1839	1675
1664	11
2511	2183
2	2
1646	1532
662	686
1410	1344
1540	1452
701	723
1160	1147
88	90
243	252
734	753
1368	1308
912	924
934	947
2124	1890
756	775
637	664
2293	2020
175	182
1294	387
192	198
2213	1961
1886	1718
1613	1507
2271	1491
1253	608
1550	110
1449	379
2704	2322
1944	1748
2463	594
2162	633
2272	2002
1345	1291
387	406
883	897
636	663
166	172
966	984
1366	801
1867	1695
140	144
1478	1395
1739	575
2158	1923
2273	1408
2638	1288
1030	1034
1606	1501
2174	1934
2179	1937
1572	321
2343	1899
1530	1442
2743	2348
1296	1254
116	119
711	733
766	783
423	439
244	256
1025	1028
910	921
1236	1207
2666	2289
1659	1543
1663	1547
970	987
1676	894
2254	1987
1729	634
2769	1812
1802	1648
854	866
440	193
2564	2223
76	77
2625	2265
59	60
1618	1511
327	343
687	710
1511	1424
2679	1806
2115	1402
1689	1568
2600	437
1142	1132
995	195
217	224
326	342
1861	1691
216	223
36	38
830	846
2620	2264
2510	1507
58	59
15	15
146	150
582	606
2722	196
1723	618
496	514
731	750
2165	1928
1295	1252
2513	1826
2065	325
1245	1216
35	37
617	643
2540	2207
1858	1689
2813	412
2394	1488
2653	303
2498	2171
785	801
2837	2410
2619	2262
1142	1133
1061	555
1852	840
1444	1372
676	699
682	705
831	847
1814	1658
1263	1229
2506	2178
2573	2228
2713	2328
1622	1514
1166	1071
2246	807
85	86
1991	1780
2777	419
2783	111
1008	1014
195	201
2714	2330
1898	281
680	703
2091	1859
438	452
2487	2161
148	152
871	884
900	913
651	678
1102	1096
613	637
2301	2027
1443	1370
1637	1415
355	374
2361	81
1843	1679
816	832
1998	1784
945	957
2812	1701
543	84
380	354
325	341
17	17
49	50
342	360
926	939
2542	2208
1558	313
1242	1213
997	1006
1787	390
249	263
1692	1572
1107	1004
2405	81
226	234
2532	2201
341	359
1417	1349
2707	2324
1170	1153
1744	741
1062	21
2105	1875
1285	1245
1751	682
1782	1635
2599	2246
551	574
2456	796
689	711
180	187
1882	1708
1610	489
1431	1360
1394	1330
2257	1990
651	266
2594	2242
607	630
2134	1904
1273	1236
67	68
2700	2318
2742	2346
2788	2379
328	344
2108	1880
481	499
2000	1785
765	503
554	114
1414	214
1590	1489
1557	1466
335	352
1310	1267
392	410
2122	1379
429	445
2341	2063
540	563
1569	128
2042	1165
2072	1844
1846	1681
2073	1845
2153	1920
592	615
234	242
1229	1200
851	257
2332	2055
2377	430
2109	1744
106	108
1596	1492
1264	229
10	10
2057	1835
2275	2004
2322	2048
1472	1391
857	869
1985	1775
5	5
2536	2206
1879	1704
467	481
2502	2174
1851	1684
65	66
975	992
2347	2067
2765	211
120	124
1983	1774
963	981
1284	1244
300	313
989	740
2181	1939
580	603
2621	881
1486	412
1679	1557
2624	1916
1302	1260
1869	1698
643	671
258	272
265	280
1916	1734
1633	1523
408	425
1481	1398
1256	1145
2580	2097
2761	75
798	813
18	18
1732	1602
2465	2151
2199	1949
528	547
1940	1745
2801	2389
446	460
1387	1324
979	229
1792	1640
2309	2035
570	592
2639	354
1382	1319
2130	1896
1699	1577
2354	2072
1934	1476
1486	411
1718	64
1832	807
1771	1076
2551	2213
2843	38
837	116
950	961
55	56
2486	1717
2022	1807
387	405
1433	1362
107	110
633	660
2146	1913
1213	443
1502	1413
1227	1198
359	379
473	490
1235	1206
2528	1954
2806	288
2751	2358
2123	1889
1853	1685
1271	1235
1915	873
779	796
1124	1113
336	353
1896	1591
990	788
57	58
2553	1720
1183	1166
2548	2211
1165	474
624	650
1957	1761
1084	1076
525	544
2409	2106
1048	1052
1930	1741
190	196
2238	1977
1300	1258
314	330
2492	2165
2467	2153
1004	1011
1964	1766
583	607
415	430
1783	350
2207	1958
194	200
707	729
2566	1719
1552	1462
2386	2092
1579	876
1794	744
2053	511
1193	1175
369	388
757	279
1022	1025
905	917
508	527
2522	2194
2504	2176
366	65
440	455
1088	1082
2300	2026
283	294
1786	1638
22	22
1457	1240
1512	212
2720	2334
2466	2152
2652	2284
2400	538
648	630
2002	1786
2716	2331
1046	1051
890	511
2303	2029
2408	430
1250	1220
2262	1994
1752	652
963	650
953	964
1019	1023
983	997
1020	890
1565	5
2203	1954
2705	2323
421	437
2518	64
1069	214
1932	1742
2675	2299
2435	2129
176	183
501	520
2291	2018
1696	1574
2208	870
1801	1646
924	936
389	101
1713	1590
320	336
298	311
563	585
2093	1861
863	876
2533	2203
2432	2126
658	325
937	949
1430	341
2420	411
735	754
1966	938
69	70
2753	2359
2306	2033
2335	1725
1027	1031
667	691
2737	75
1722	1595
171	177
282	293
1316	1272
2008	1792
1693	1573
2710	2326
372	391
312	328
1607	1502
2464	2150
181	188
1620	1512
1978	1772
2523	633
916	928
973	990
1148	1050
1129	1118
1877	915
1859	1690
1654	101
2190	1944
1278	1238
1118	1108
1540	1453
881	895
2134	164
2356	2074
922	933
1395	1332
1044	1049
1800	1413
1971	150
1066	503
2518	2190
2505	2177
1716	1467
518	536
1725	1597
33	35
1566	1471
1962	1765
490	508
1453	1256
379	398
2659	870
1587	1488
1247	1218
456	470
1603	1498
84	85
2188	1447
127	132
1775	876
1399	402
737	757
2199	1950
919	931
242	250
1823	1664
1965	1767
1415	144
664	688
1120	1110
2657	2286
2041	1824
877	890
732	751
97	99
2814	540
1176	1158
417	433
2046	607
1084	1077
2734	183
1622	1515
2194	1018
2840	630
2330	2053
1173	1156
885	899
1200	886
2313	2039
1015	1020
252	266
1306	433
1157	95
237	245
1779	1632
2503	2175
1768	1625
2388	533
1123	1112
479	497
1338	1284
1789	594
1830	818
1341	1287
2620	2263
2134	1903
533	552
1889	1719
1491	95
1963	1130
2108	1881
2202	1953
2014	1798
1533	1445
988	1002
1657	1541
135	139
2643	1297
721	741
1049	1053
43	45
1807	1654
2472	2155
1237	1208
1255	67
2496	2169
567	589
2736	2344
1002	647
258	274
2390	2095
1929	1740
2385	2091
1648	742
870	883
2193	1433
591	612
1937	412
74	75
400	417
1026	1029
2481	42
1077	870
2683	324
402	419
2431	61
2613	2258
285	298
1357	1302
1926	1738
2337	290
1822	1228
1092	1085
1849	636
1094	1088
2270	2001
1753	1457
1240	1211
1769	1626
394	411
873	886
348	366
1440	1367
2443	2135
1828	1667
852	864
874	887
510	529
258	273
338	356
2243	1982
1343	1289
2126	1892
2314	2040
2546	740
2391	2097
2515	2186
2750	330
2185	1824
497	515
2571	2226
2823	2403
962	979
2511	2184
1748	1614
263	278
141	145
461	475
1199	1181
2004	1789
626	653
717	738
2459	2148
420	436
2059	636
998	343
972	989
1507	1418
2128	1894
2171	1933
2845	2413
2792	2383
1038	1046
642	669
30	30
1524	1434
2822	2402
2297	2023
657	683
1817	1661
2333	2056
806	265
1031	1035
225	233
1733	1603
920	324
2345	2066
1601	677
103	105
2412	2109
612	636
93	95
2105	1874
610	633
1350	1296
2427	2121
1145	1136
758	776
2781	2374
2844	2412
652	468
1609	402
2458	2147
2850	1518
2500	2173
2817	455
2270	1999
2175	941
512	497
1162	1150
2712	161
2675	2298
777	792
1034	1039
2702	1083
330	346
2011	1795
110	113
1067	1064
1411	107
2576	476
2422	2117
1804	1651
1680	1558
1419	1351
1064	1063
1742	1610
2798	2388
2160	1924
1181	1163
2189	1943
751	769
426	442
1961	1764
1269	987
2676	1176
1101	1095
1156	864
2428	2122
1732	1601
2547	107
1658	1542
1923	1737
1814	225
1252	1222
2019	1803
37	39
1735	1604
849	81
1160	1148
1554	1464
809	824
1344	1290
2717	100
2147	1914
1405	1340
2039	1822
2092	1860
405	422
1244	1214
409	214
853	865
2372	2084
29	29
2691	2310
2640	2277
1137	9
349	367
439	453
2756	2363
529	548
1831	128
952	963
1326	1275
2479	2157
1860	932
1608	1503
1038	1045
1410	1345
2687	2306
2390	354
933	946
457	471
577	599
1819	1663
459	473
628	655
262	277
677	700
2210	1960
2593	2241
1773	980
2804	2392
1586	1487
2289	2015
1714	469
1781	1634
1908	1150
999	1007
959	971
784	800
1496	1407
2785	2377
1568	1473
808	822
452	466
443	457
639	666
2302	2028
850	863
1993	1144
2172	1752
2315	2041
2648	107
1536	1449
2826	2404
21	21
2656	2196
804	818
1425	1355
2602	2248
690	712
2105	1872
2518	2189
2555	402
627	654
1042	1048
1119	1109
1356	634
66	67
2558	2218
1089	579
1967	1768
2402	2102
976	993
1665	1548
1016	1021
151	156
2366	994
1147	1137
2577	818
1682	1560
2001	749
1698	1576
1011	1017
62	63
2403	2103
24	24
2178	1936
453	174
1288	1248
2285	2012
1824	1665
2131	1898
2706	1209
1335	1281
323	339
1595	1182
2805	2393
2824	881
358	377
2311	2037
2336	2058
1935	1743
469	483
1902	1726
1337	1283
1883	1711
401	418
1075	1071
2100	1822
668	692
2589	2238
1471	890
2817	562
2447	2138
2045	110
2163	542
2601	2247
447	461
305	320
1604	1499
1207	1185
2835	2165
1083	1075
541	564
2626	2266
733	752
311	327
411	427
1018	439
1070	586
594	617
1600	1496
822	839
315	331
136	140
158	163
2423	2118
1788	107
2453	2145
2622	775
1081	789
371	390
2534	1733
771	787
2560	249
2424	197
1	1
1834	1670
202	208
81	82
1205	107
884	898
977	775
1876	247
105	107
305	321
2489	586
2703	2321
855	867
2270	2000
2470	1601
1168	100
724	744
2052	1832
2186	640
26	26
2051	1831
2019	1804
2810	2397
2565	777
620	646
1532	1444
914	926
91	93
2677	1160
1894	1632
319	335
2623	873
800	815
2013	1797
1953	1757
879	893
2339	2060
1681	1559
1731	352
1243	304
294	307
1709	1585
2061	1838
1642	1528
532	551
134	138
382	400
1918	1595
1592	1491
2371	2083
641	667
214	221
109	112
2614	2259
1146	810
956	281
2733	2343
811	826
2258	876
1591	1490
1005	998
939	951
2545	2210
2749	2353
2690	2309
815	3
1635	518
959	972
470	487
2220	1965
2232	1972
1726	1598
723	743
2151	1918
2155	388
2516	2187
1836	1672
2404	496
2381	531
1134	1124
232	240
1429	1359
1179	1161
1024	1027
1370	1309
2079	742
940	953
1765	1623
279	260
1158	1145
893	906
2078	562
534	553
2305	2032
436	402
2456	795
444	458
1221	1194
1649	1533
558	580
2083	1851
188	194
1085	742
1887	270
2569	980
1268	1233
1487	1402
924	937
773	212
48	49
1397	1334
1038	1044
2432	2125
130	134
1809	1103
356	375
243	251
615	641
1208	1186
1780	1633
1181	1164
1479	1396
1409	229
2827	990
1040	288
1833	698
267	247
1740	1608
2434	2128
68	69
2698	2316
445	459
1037	1043
817	833
1913	207
1445	1373
2340	2062
1323	42
1686	1564
257	271
2237	1976
9	9
700	722
737	756
1464	1385
1296	1253
233	241
730	749
160	165
2784	2376
2346	1245
2791	2382
1192	1174
742	763
332	348
203	210
542	565
2685	2304
656	682
2771	1429
509	528
454	467
1174	309
2245	93
778	794
708	730
1855	1687
1187	1170
244	255
2680	2301
1373	1312
809	823
118	122
1912	744
739	760
845	809
646	674
2726	809
2264	503
1515	1427
1885	1717
2538	1679
1219	1193
2343	2064
167	173
499	518
1076	247
1588	270
634	661
1759	1618
2449	2140
1523	97
1217	998
941	954
548	570
1395	1331
1527	1437
1767	394
2842	2411
827	844
2077	1848
961	978
2342	938
606	629
2318	2045
19	19
1092	1086
669	693
549	571
1100	1093
782	798
1383	1320
1727	1599
1812	1656
2606	2254
2397	1079
1218	405
1329	1278
2269	1191
1113	1105
1638	1525
248	262
2026	1811
2439	430
1641	1527
1521	1433
122	126
2446	701
2738	2345
2816	686
1169	1152
1175	1157
2847	2415
594	618
2581	2231
824	841
90	92
34	36
1519	1431
1750	1181
2567	337
2820	2400
1492	1170
2200	1951
302	316
587	609
138	142
493	511
2642	2279
430	446
712	735
700	721
2312	2038
470	485
351	369
2167	1930
2110	1882
2252	56
1878	61
2215	1962
2532	2197
1352	1298
982	503
2284	2011
1738	1607
1848	1683
353	370
1490	1405
584	608
156	161
2578	2230
2229	1971
841	855
1086	1078
2089	1856
1475	1393
1982	1773
2331	2054
2244	1984
1561	1468
2744	2349
1110	1102
1624	1517
174	181
16	16
1875	1702
347	365
2395	2062
1870	1083
191	197
825	842
1388	1325
152	157
2475	2156
1320	598
2392	2098
1361	982
169	175
1562	1469
779	795
630	657
1135	1125
2574	677
2401	1905
915	927
223	230
2320	2047
450	464
1921	781
2557	2217
660	684
1106	1099
1043	658
1130	1119
1376	1314
1379	1316
1182	1165
1172	1155
1466	1387
1401	1336
345	363
538	557
407	424
1055	957
716	737
199	205
2399	2101
1058	1060
1139	1128
2113	1884
1508	1422
504	523
2135	55
2758	2364
2407	2105
1837	1673
2532	2199
2760	761
1895	1723
578	600
488	506
2187	1942
2721	2335
2688	2307
1660	1544
111	114
2532	2011
1897	1595
1651	555
2499	2172
1939	1744
2161	1925
2673	2295
2355	2073
2353	2071
244	257
12	12
848	862
355	373
2617	2261
2669	2291
129	39
715	736
1961	1679
2150	1917
1509	474
145	149
1721	727
2328	2052
2240	1979
1581	1483
395	413
2231	212
1132	1122
888	902
1386	873
1241	1212
1734	419
1260	1227
2832	2407
2552	549
1804	1652
133	137
1529	1440
502	521
1052	1056
2033	1817
2764	1418
820	836
2671	2293
1365	1307
96	98
1945	1749
2315	2042
2831	248
749	276
1640	781
1267	1232
2398	2100
28	28
383	401
1141	1130
1661	1545
1761	1619
898	911
1191	881
2713	2329
1612	1506
1503	1414
1972	456
161	166
957	966
168	174
1872	1466
475	493
590	251
1578	1481
1687	1566
1850	618
2775	456
131	135
590	252
2260	1992
1398	496
2327	114
1224	787
1416	1348
2457	2146
2290	2016
2156	1922
2539	212
1353	1299
1091	1084
1799	281
2725	818
310	326
1933	1018
996	1005
1444	1371
2226	1969
1605	1500
1598	1493
94	96
1209	1187
663	687
2380	2088
2251	966
2433	2127
981	996
2319	345
1845	600
840	249
2755	2157
1374	1213
586	249
2099	265
11	11
631	658
1671	123
1988	1779
1949	1753
2101	1867
2661	411
864	877
1426	1356
969	986
1757	474
2326	1297
653	679
2751	2357
861	873
273	286
1745	1135
2309	2036
1678	291
706	117
1266	545
1138	1127
866	879
675	200
927	941
748	768
540	559
2027	954
878	892
1418	1350
184	191
393	67
2145	1912
994	1004
296	309
932	945
889	903
377	396
413	429
2442	2134
2418	2114
539	558
316	332
2024	1809
1790	1639
2106	1876
1023	1026
362	382
1167	987
2334	2057
2772	1065
929	247
738	758
370	389
455	469
1937	411
507	526
1672	1553
2596	117
1422	807
2149	1916
1863	1692
385	403
1980	1395
965	983
2507	2179
1999	717
304	319
2550	2212
295	308
709	731
268	282
1275	496
2692	2250
2121	781
1785	727
1474	1392
1467	586
53	54
2732	2342
2265	1996
2144	1911
776	791
1348	1294
235	243
27	27
2098	1866
582	605
1545	1457
833	849
812	827
42	44
1336	1282
1047	430
1736	1605
1246	1217
2069	1842
2623	1323
1035	1040
695	717
1358	1303
2017	1801
2090	1858
2606	458
536	555
2612	2257
1535	1448
1777	1630
2606	1066
2415	2112
1232	1203
1728	1312
410	426
340	358
498	516
760	778
1510	1423
182	189
154	159
2003	1788
2730	115
1127	1116
1541	1454
246	260
678	701
2537	998
1133	1123
1803	1650
2670	2292
1582	791
2595	2243
1371	1310
540	560
1758	1115
517	534
1888	1504
1677	1556
1239	1210
487	201
611	634
894	98
1469	1389
1901	1725
335	351
1841	1357
1574	1477
500	519
647	675
1669	1552
2032	3
2119	394
150	155
1456	61
1531	1443
2250	1985
912	923
2597	2244
1112	288
2256	1989
574	596
2040	1823
2556	2215
1636	1524
566	588
2161	1926
2248	1945
292	305
1277	1237
376	395
2532	2202
2020	1805
1225	1196
2349	2069
1754	1615
2325	2051
645	673
2081	896
1719	1593
955	100
470	486
544	566
373	392
1904	288
1911	1732
2618	367
2159	1724
1303	1261
2460	110
1546	1458
2105	1871
2348	2068
787	781
2532	2198
2012	1796
2696	2314
1258	1226
1197	650
819	835
2157	1310
2701	2320
1674	1555
1730	1600
474	491
1131	1120
2282	2008
2572	2227
277	290
1292	101
1071	1067
484	503
2751	2355
2575	2229
2363	503
801	781
212	219
489	507
935	948
1530	1441
720	202
2591	1893
208	215
698	720
836	852
1635	517
2290	2017
2378	265
1914	1733
30	31
2508	2181
25	25
644	672
943	956
2287	1341
846	860
1743	1611
1802	1649
360	380
2512	81
204	211
449	463
639	273
47	48
684	707
2526	496
763	781
2440	2132
1518	1430
2035	777
14	14
112	115
1103	16
2668	21
1811	503
906	918
334	350
2658	2287
54	55
2476	876
384	402
896	908
1128	1117
2384	2007
1355	1300
1446	1374
1956	1760
986	1000
301	314
2235	279
1741	1609
285	296
2644	532
2598	2245
1063	1062
472	489
743	764
1853	1686
603	402
1874	1701
1117	1107
794	809
124	129
2201	1952
2821	2401
524	543
1364	393
1427	1357
1928	1739
2064	1744
1278	579
2389	2094
293	306
1482	1399
2793	2384
2286	2013
2747	2351
1798	1645
1369	497
513	531
275	288
1599	1494
1291	1251
2518	327
1216	1192
2520	2192
2766	987
1506	1417
550	573
2076	1847
2673	2296
1560	496
876	889
404	421
1003	1010
1354	1050
1489	1404
959	974
1251	1221
614	640
2393	2099
1488	1403
465	479
1007	1013
245	259
1883	1715
2387	2093
1321	1122
913	925
1116	27
1104	1097
1670	430
550	572
2789	2380
752	770
2197	630
1549	1460
1396	1333
1700	1560
1925	110
942	955
20	20
2028	1812
425	441
781	301
2695	2313
477	495
1244	1215
119	123
287	300
1864	1693
2742	2347
1868	1696
1218	406
741	762
1438	1365
2259	1991
2383	2090
153	158
1584	1485
2629	2268
221	228
2559	2219
1108	1100
132	136
1835	1671
1265	1230
1535	1447
2134	1902
2605	2252
1318	89
322	338
439	454
2242	1981
419	435
1298	1256
1857	1688
911	922
2058	1836
2396	456
1377	1315
1436	662
571	593
2310	827
1844	1680
568	590
2829	2406
686	709
2107	1877
1140	1129
1087	1079
178	185
1505	1416
163	168
474	492
1311	1268
1976	122
2214	17
1339	1285
1538	1291
2411	2108
1289	1249
926	940
1617	1510
2369	2081
1099	1092
1920	1736
1910	1731
1551	1461
2307	811
2723	2336
172	178
2444	2136
1204	1184
2340	2061
2104	1869
99	101
2206	1957
2469	1859
1392	1329
1149	1138
581	604
522	541
2568	2224
1563	999
2532	2200
605	627
1455	1380
1508	1420
2655	2285
2278	2005
2762	2365
1986	1776
2358	657
1996	1783
1210	1188
1666	1549
2276	106
1363	1306
2663	1323
1643	1529
2267	1998
1186	1169
2778	1980
224	232
2770	2368
210	217
2508	2180
2781	2372
1309	1266
898	910
354	372
1362	1305
339	357
149	153
435	450
418	434
2471	2154
1441	1368
718	739
780	797
764	782
886	900
75	76
959	970
2796	2386
2074	1846
1198	1179
40	42
1315	1271
2217	1542
485	504
1460	1383
2360	2077
304	318
704	726
2413	2110
588	610
125	130
938	950
591	613
2344	2065
289	302
604	626
1539	1451
578	601
967	675
1484	654
177	184
1073	1068
1054	516
847	861
1981	1505
1770	1627
964	982
307	323
1795	1642
2592	2240
683	706
1151	1140
398	416
1543	803
2133	95
770	786
1862	1062
1630	1522
183	190
1815	1659
331	347
572	594
814	829
2631	2269
272	285
576	598
2532	56
2584	2233
2281	2007
835	851
1494	1406
433	65
476	494
1327	1170
2209	1959
1082	142
173	179
759	777
925	938
1088	1080
2441	2133
2016	1800
375	394
1994	1782
1485	538
390	408
1448	1376
772	788
1249	260
2694	2312
1516	1428
2130	1897
2830	2326
1125	1114
1152	619
2684	2250
2527	2195
2417	113
399	324
2819	2399
613	638
2645	282
2799	469
1570	1474
186	100
1625	1518
2338	919
774	789
1684	1562
1142	1131
2425	2119
1385	1322
530	549
1380	1317
1121	269
1847	1682
361	381
807	821
1871	1699
702	724
1548	1459
2509	2182
2280	1674
553	576
1924	781
1737	1606
2134	1901
2615	621
230	238
2763	1927
1708	1584
2501	1775
1954	1758
659	579
1821	882
1942	1746
1283	1243
4	4
219	226
761	779
978	994
1816	1660
2795	102
1067	1065
620	645
2660	1655
239	247
703	725
1695	602
1228	1199
869	882
2143	1910
1314	1270
1033	1038
2585	2235
2833	2408
2774	2370
23	23
2445	2137
1668	1551
1701	1578
2587	2236
1883	1714
1905	1480
403	420
6	6
949	960
958	967
1752	651
1997	1674
1325	740
2037	1820
1050	1054
1717	1592
2836	618
821	837
2136	1905
2112	433
71	72
2491	265
711	734
2247	1801
1869	1697
2277	144
2221	1966
1767	1624
688	279
1842	1678
1878	1703
1432	1361
679	702
810	825
2484	1663
1683	1561
930	943
80	81
2419	2115
506	525
2196	1948
2390	2096
2603	2249
1756	1617
799	814
1163	1008
921	932
2239	1978
2373	1961
2132	1899
2224	1968
2482	2159
2672	2294
2746	657
867	880
2611	1964
350	368
1936	999
2604	2251
1685	1563
1261	1228
240	248
1231	1202
2436	2130
2541	1622
1974	5
2195	1947
2754	2360
2809	2396
844	858
2228	1970
274	287
1095	1089
1483	1400
1476	1394
1979	807
519	537
1883	1713
786	802
1705	1582
388	407
1378	107
2635	2273
1230	1201
1223	1195
596	620
2362	2078
552	575
1984	282
368	387
924	935
63	64
1711	1587
2474	430
1084	282
1400	1335
329	345
2087	1854
1180	1162
959	968
1259	649
1893	1722
432	448
1627	1519
1500	1411
2632	2270
1922	331
1113	1104
1724	1596
87	89
428	444
1499	1410
1202	1183
696	718
185	192
635	662
1270	1234
569	591
1080	1074
593	616
1318	88
1480	1397
1903	619
2582	2232
1171	1154
2609	1626
1501	1412
1947	1751
1697	1575
2532	610
448	462
44	22
2649	2282
2166	1929
2438	1554
599	623
2740	283
1873	1700
862	874
365	385
86	87
1778	1631
1547	677
691	713
72	73
2836	617
1808	55
2811	2398
284	295
139	143
1667	1550
2782	2375
1839	1676
1987	1778
2815	442
1317	785
1675	1291
2521	2193
984	998
101	103
573	595
699	433
2616	2260
1694	740
2219	677
116	120
1435	1364
2700	2319
2168	1931
2176	1204
337	354
276	289
875	888
1498	1409
1950	741
104	106
1391	1328
2298	2024
726	746
1093	1087
2105	1870
2454	503
2752	97
2662	943
1097	1091
1865	1154
321	337
2786	2378
1347	1293
629	656
100	102
725	745
2429	2123
2588	2237
2480	2158
936	720
2055	738
2773	2369
299	312
1969	1769
959	975
480	498
1689	1569
2630	2175
2462	1489
2060	1837
2319	1365
264	279
792	807
324	340
2533	2204
32	33
1838	1674
244	253
2180	1938
1330	758
1153	1142
1150	1139
2148	1915
1450	1377
1088	1081
2129	1895
1161	1149
1843	1331
1690	1570
872	885
494	512
579	602
1723	617
909	920
229	237
1880	1705
1626	768
1196	1178
1631	807
1424	1354
946	958
1702	1579
2759	496
1014	1019
333	349
1520	1432
222	229
1784	1637
622	648
859	871
2241	1980
482	501
2606	2253
1797	1644
303	317
227	235
589	611
386	404
2807	2394
1428	1358
2023	1808
1349	1295
211	218
2255	1988
2637	2276
661	685
1585	1486
2071	1843
2075	741
2452	2144
951	962
396	414
45	46
557	579
281	292
1164	1151
1866	1694
2036	1819
1442	1369
1136	1126
247	261
2218	1964
1764	1622
2529	586
2364	2079
1513	1425
585	430
1813	1657
625	652
2170	1932
2317	2044
514	532
1212	781
2249	801
2018	1802
546	568
256	270
1198	1180
2485	1411
2532	586
2070	48
793	808
613	639
451	465
2437	2131
306	322
880	894
2817	108
1041	456
903	915
1290	1250
260	276
2338	2059
2304	2030
2517	2188
2684	2249
1504	1415
2351	1556
2031	1816
469	484
1805	1205
2292	2019
31	32
1960	1763
865	878
2365	2080
559	581
201	207
2182	1940
503	522
1526	1436
681	704
1653	1537
280	291
1286	1246
197	203
2711	2327
2841	359
899	912
2562	2221
155	160
1656	1539
1990	26
2692	2249
923	934
616	642
2048	1828
1033	1037
1525	1435
202	209
1028	1032
1602	1497
828	761
1927	1337
1900	594
2848	2416
2563	2222
2488	2162
1555	1465
113	116
2308	2034
1463	1384
357	376
64	65
685	708
1747	1613
2772	1064
802	816
2080	345
1881	1706
2104	1868
2803	2391
1952	1755
823	840
1791	1088
775	790
215	222
213	220
2802	2390
309	325
595	619
2030	1814
367	386
1086	280
1688	1567
1308	1265
744	765
1274	165
818	834
1707	430
2379	2087
1279	1239
206	213
1188	1171
1881	1707
2493	2167
1796	1643
2030	1815
198	204
606	628
2140	538
728	747
1375	1313
971	988
1451	196
2233	1973
1907	1728
1802	1647
2125	1891
121	125
196	202
1434	1363
1776	1629
288	301
2003	1787
2473	1466
1342	1288
1594	1189
2169	22
1265	295
1931	11
1079	1073
2495	630
740	761
2103	800
1403	1338
1470	1390
266	281
632	659
917	929
2849	412
352	101
414	341
655	681
1258	1225
948	827
1975	1770
1589	22
1234	1205
2846	2414
2304	2031
2114	1885
2288	2014
1384	1321
992	313
1825	1666
516	95
2606	2165
2586	341
2834	2409
87	88
523	542
2682	2303
1072	810
985	999
2813	411
1367	1288
2067	649
2549	1572
1313	1269
1652	1536
2294	1096
1687	1565
412	428
364	384
378	397
1517	1429
1583	1484
1220	367
1287	1247
224	231
856	868
228	236
261	211
2585	2234
1084	650
2410	2107
2699	2317
1406	1341
1706	1583
82	83
2236	1975
2497	2170
1938	1210
960	977
2421	2116
165	171
1053	1057
1534	1446
2154	1921
2225	571
1084	980
2735	943
2007	1791
1452	1378
729	748
600	229
736	755
1495	893
790	805
462	476
722	742
1267	1231
1333	110
1029	1033
2082	1850
750	29
753	771
2603	2250
769	785
77	78
2514	2185
1468	1388
842	856
2610	2256
713	3
531	550
1883	1709
2828	2405
2426	2120
2050	1830
2009	1793
1615	1508
2406	2104
442	107
2451	2143
1657	1540
1704	1581
1634	717
575	597
2450	2142
2043	1825
739	759
954	965
904	916
789	804
2047	1827
102	104
89	91
2808	2395
2728	2339
2678	2300
1621	1513
1421	1353
705	727
1483	1401
1883	1716
2741	893
947	959
2118	1888
2095	1863
1755	1616
200	206
987	1001
1190	1173
1611	1505
1272	846
1144	1135
1357	1301
788	803
611	635
170	176
255	269
1100	1094
556	578
1919	1394
499	517
1655	1538
147	151
1749	683
1644	1530
2222	1310
2651	536
2674	2297
1407	1342
73	74
2492	2164
1060	697
2005	1790
2105	1873
346	364
209	216
381	399
882	896
1623	1516
2748	2352
1254	1223
2583	1998
902	17
1459	1382
993	214
540	561
1802	805
1010	1016
1402	1337
1454	1379
1968	100
2108	671
1248	1219
618	231
2090	1857
437	451
1958	1762
1845	601
2543	2209
92	94
1324	1274
1423	93
2730	2341
2044	1826
290	303
2779	777
2531	2196
2797	2387
1281	1241
2137	1906
2532	518
2282	2009
1943	1747
1114	1106
1760	102
1068	1066
2142	1909
2261	1993
2709	586
2478	2089
991	1003
2724	2337
754	772
562	584
2751	2
803	817
61	62
1257	1224
2359	2076
640	79
253	267
98	100
608	631
1194	1176
308	324
1639	1526
816	831
650	677
778	793
2461	2149
2634	2272
269	283
527	546
1098	999
2025	1810
2216	1963
511	530
826	843
2054	584
601	624
1032	1036
2177	1935
1437	95
1514	1426
1211	1189
535	554
829	845
454	468
897	909
2697	2315
162	167
2350	2070
891	904
1477	107
1073	1069
1053	1058
2006	1103
7	7
2127	1893
1152	1141
1037	1042
39	41
1909	1729
907	125
561	583
394	412
1890	1145
236	244
754	773
2455	1199
959	969
2745	2350
974	991
278	163
2780	906
2519	2191
2751	2354
517	535
597	621
609	632
1027	1030
1571	1475
2665	2288
318	334
2198	1429
2230	810
220	227
1322	1273
174	180
2606	532
1184	1167
2184	1941
1189	1172
2370	2082
1806	1653
1829	1669
1359	304
1892	1721
471	488
466	480
791	806
1959	890
727	634
1282	1242
344	362
1576	1479
858	870
250	264
2590	2239
1056	1059
2010	1794
505	524
2490	2163
564	586
46	47
1447	1375
665	689
1036	1041
844	859
297	310
2525	35
619	644
2088	1855
745	740
1297	1255
1009	1015
337	355
521	539
2223	1967
1185	1168
1564	1470
2477	1018
1473	322
1712	1588
642	670
1883	1710
706	728
526	545
805	819
32	34
1951	1754
2094	1862
1746	1612
806	820
2352	308
2211	1704
515	533
2693	2311
354	371
2015	1799
2751	2356
2141	1908
2244	1983
1203	97
1000	1008
179	186
2205	1956
1883	1712
1611	1504
2430	2124
478	496
1580	1482
1412	1346
1528	1438
56	57
1508	1421
1763	1621
2102	777
2212	1447
1465	1386
1090	1083
2757	167
2579	1637
2382	2089
427	443
1553	1463
363	383
694	716
244	258
2296	2022
60	61
106	109
187	193
3	3
391	409
2654	37
1305	1263
2086	1853
959	973
122	127
2530	2108
422	438
834	850
2049	1829
1201	1182
1328	1277
638	665
1276	790
1304	442
8	8
838	853
1840	1677
963	980
598	622
2729	2340
522	540
1632	602
434	449
241	249
2715	75
623	649
251	265
2794	2385
1238	1209
2117	1887
540	562
565	587
2608	2255
1497	1408
1946	1750
2084	1852
1393	633
767	784
2606	619
1828	1668
317	333
1573	1476
254	268
1818	1662
1691	1571
654	680
2279	2006
2664	355
291	304
481	500
537	556
2274	2003
2034	1818
931	944
1559	1467
2718	2332
710	732
2556	2216
887	901
1843	1086
1970	1505
1619	1144
968	985
416	432
1178	1160
2414	2111
163	169
1386	1323
843	857
1703	1580
2767	2366
2374	464
193	199
1673	1554
672	696
2544	1801
1413	1347
52	53
1973	873
491	509
2204	1955
621	647
2038	1821
205	212
666	690
142	146
483	502
2768	2367
2787	1295
1262	698
286	299
1420	1352
2096	1864
2324	65
1995	101
1039	1047
137	141
649	676
2357	2075
1057	630
1045	1050
1001	1009
1906	1727
1303	1262
1915	1323
1122	1111
117	121
2554	2214
2681	2302
2776	2371
189	195
1850	617
2570	2225
2368	1838
1381	1318
672	695
1599	1495
2227	1323
2085	37
2062	1127
1214	1190
285	297
1616	1509
2367	476
1301	1259
1126	1115
1614	1382
1215	1191
944	422
697	719
2708	2325
1528	1439
813	828
1597	430
2139	1907
2120	302
1572	320
302	315
1334	1280
2376	2086
1105	1098
1012	1018
783	799
940	952
908	919
2719	2333
2647	2281
259	275
358	378
2056	1833
2316	2043
747	767
1155	1144
1013	725
2420	412
1645	1531
2468	1725
1793	1641
406	423
2667	2290
2253	1986
1408	1343
2633	2271
1507	1419
108	111
1006	1012
1720	1594
2318	2046
1628	1520
2561	2220
2192	1946
2263	1995
2731	980
2164	1927
2056	1834
458	472
2838	2062
1351	1297
901	914
1299	1257
671	694
797	812
1953	1756
1522	727
1992	1781
2727	2338
1575	1478
1593	464
863	875
70	71
244	254
2097	1865
1065	781
83	84
1462	322
343	361
788	120
114	117
692	714
2063	1839
50	51
918	930
1820	1379
1649	1534
2183	681
2108	1878
1074	1070
123	128
892	905
313	329
486	505
492	510
1766	1176
2627	1323
424	440
397	415
1650	1535
2111	1883
1177	1159
2266	1997
1307	1264
895	907
1629	1521
1159	1146
1439	1366
814	830
1542	1455
2839	1503
2483	2160
2152	1919
2781	2373
1206	942
143	147
822	838
674	698
2323	2050
1771	980
1577	1480
2494	2168
144	148
1319	807
157	162
1772	341
2321	1428
2329	531
1051	1055
441	456
1917	1735
1078	1072
2116	1886
2535	2205
2029	1813
2234	1974
1280	1240
980	995
1017	1022
860	872
1556	107
2283	2010
746	766
560	582
2134	1900
2661	412
460	474
464	478
2492	2166
1774	1628
468	482
2756	2362
1328	1276
1544	1456
2825	1257
2800	1744
2628	2267
1154	1143
149	154
673	697
547	569
218	225
2173	1613
1293	3
1827	453
95	97
271	284
13	13
591	614
1143	1134
1712	1589
1131	1121
959	976
1346	1292
374	393
1854	1074
2756	2361
79	80
2636	2274
1233	1204
832	848
868	881
2448	2139
128	133
1458	1381
1987	1777
