--------------------------------
top50
0.35511191772534784
0.224937343358396
0.4296042617960426
0.32383536861148804
0.19989423585404548
0.9787755102040816
0.12039742840444184
0.3003921568627451
0.2857142857142857
0.022040816326530613
0.04147812971342383
0.013333333333333334
0.47952047952047955
0.2329262777023971
0.09376890502117362
0.08953418027828192
0.2852133255406195
0.16103896103896104
0.2591587516960651
0.2704658525554048
0.4173076923076923
0.08925979680696662
0.2356902356902357
0.12937853107344632
0.18795355587808418
0.35511191772534784
0.12937853107344632
0.07272727272727272
0.4859335038363171
0.2612958226768968
0.012244897959183673
0.16094276094276094
0.030204081632653063
0.47952047952047955
0.02823529411764706
0.3229317851959361
0.35694164989939636
0.20932400932400932
0.10461718293395675
0.41770623742454727
0.2728592162554427
0.15864621893178213
0.47952047952047955
0.16296296296296298
0.2398390342052314
0.35709294199860236
0.2398390342052314
0.11233766233766233
0.08272859216255443
0.18378756114605171
0.18561607615018508
0.4307458143074581
0.04156862745098039
0.18244315177154943
0.18826017979904813
0.35902255639097747
0.47952047952047955
0.013877551020408163
0.9461224489795919
0.27951153324287653
0.01411764705882353
0.18244315177154943
0.3902702702702703
0.047058823529411764
0.09376890502117362
0.18998015873015872
0.33871635610766043
0.07692307692307693
0.19989423585404548
0.28009679370840895
0.3003921568627451
0.18040816326530612
0.17606516290726817
0.13959183673469389
0.06429070580013976
0.18998015873015872
0.2104499274310595
0.030165912518853696
0.19110275689223058
0.25432692307692306
0.18138551031200423
0.08051948051948052
0.4173076923076923
0.19143310417768378
0.037551020408163265
0.07294117647058823
0.0203921568627451
0.13197586726998492
0.1597222222222222
0.15922619047619047
0.395738203957382
0.46675712347354137
0.16103896103896104
0.32383536861148804
0.20606060606060606
0.12372881355932204
0.17884615384615385
0.23137254901960785
0.05660377358490566
0.4524353120243531
--------------------------------
top10
0.45751633986928103
0.07272727272727272
0.5882352941176471
0.0
0.07575757575757576
0.4222222222222222
0.4444444444444444
0.5955882352941176
0.0
0.022222222222222223
0.06666666666666667
0.022222222222222223
0.8011695906432749
0.2878787878787879
0.47435897435897434
0.3717948717948718
0.5964912280701754
0.6416666666666667
0.7307692307692307
0.7582417582417582
0.16666666666666666
0.3484848484848485
0.5686274509803921
0.32727272727272727
0.5620915032679739
0.45751633986928103
0.32727272727272727
0.15555555555555556
0.49019607843137253
0.044444444444444446
0.044444444444444446
0.2967032967032967
0.2878787878787879
0.8011695906432749
0.14545454545454545
0.580952380952381
0.21978021978021978
0.16363636363636364
0.15151515151515152
0.6397058823529411
0.7543859649122807
0.03636363636363636
0.8011695906432749
0.21212121212121213
0.3484848484848485
0.5666666666666667
0.3484848484848485
0.0
0.17777777777777778
0.375
0.27472527472527475
0.6993464052287581
0.22727272727272727
0.27472527472527475
0.3619047619047619
0.5614035087719298
0.8011695906432749
0.13333333333333333
0.0
0.5073529411764706
0.0
0.07575757575757576
0.4393939393939394
0.0
0.47435897435897434
0.38095238095238093
0.12121212121212122
0.24242424242424243
0.01818181818181818
0.0
0.5955882352941176
0.5514705882352942
0.4
0.4380952380952381
0.38461538461538464
0.38095238095238093
0.19696969696969696
0.08888888888888889
0.5454545454545454
0.14102564102564102
0.07575757575757576
0.36363636363636365
0.16666666666666666
0.4
0.3787878787878788
0.4696969696969697
0.0
0.3516483516483517
0.0
0.01818181818181818
0.4095238095238095
0.5620915032679739
0.6416666666666667
0.0
0.0
0.14545454545454545
0.3111111111111111
0.631578947368421
0.14545454545454545
0.738562091503268
--------------------------------
top5
0.4444444444444444
0.2
0.39285714285714285
0.0
0.0
0.1
0.6071428571428571
0.5
0.0
0.1
0.3
0.0
0.7555555555555555
0.5357142857142857
0.5833333333333334
0.5
0.5555555555555556
0.5277777777777778
0.6666666666666666
0.7111111111111111
0.2
0.1
0.5555555555555556
0.5
0.4444444444444444
0.4444444444444444
0.5
0.3333333333333333
0.5
0.06666666666666667
0.09523809523809523
0.3333333333333333
0.2
0.7555555555555555
0.5
0.6222222222222222
0.0
0.26666666666666666
0.26666666666666666
0.5555555555555556
0.5555555555555556
0.0
0.7555555555555555
0.2
0.47619047619047616
0.6444444444444445
0.47619047619047616
0.0
0.3333333333333333
0.35714285714285715
0.26666666666666666
0.5555555555555556
0.38095238095238093
0.0
0.4
0.5833333333333334
0.7555555555555555
0.26666666666666666
0.0
0.5555555555555556
0.0
0.0
0.6428571428571429
0.0
0.5833333333333334
0.3333333333333333
0.0
0.2857142857142857
0.0
0.0
0.5
0.6666666666666666
0.32142857142857145
0.6785714285714286
0.5
0.3333333333333333
0.23809523809523808
0.4
0.6111111111111112
0.2
0.0
0.6785714285714286
0.2
0.26666666666666666
0.3333333333333333
0.32142857142857145
0.0
0.32142857142857145
0.0
0.0
0.06666666666666667
0.7111111111111111
0.5277777777777778
0.0
0.0
0.26666666666666666
0.6666666666666666
0.4444444444444444
0.2
0.5833333333333334
