--------------------------------
top50
0.14901960784313725
0.08771929824561403
0.2886128364389234
0.10221619176843058
0.15706214689265538
0.9853061224489796
0.03428571428571429
0.16705882352941176
0.27728174603174605
0.018775510204081632
0.017254901960784313
0.017254901960784313
0.29631255487269537
0.2934426229508197
0.06363636363636363
0.05974025974025974
0.15
0.14849624060150377
0.13626834381551362
0.13836477987421383
0.4195804195804196
0.0889894419306184
0.12019566736547868
0.07918552036199095
0.11529411764705882
0.14901960784313725
0.07918552036199095
0.05333333333333334
0.42451923076923076
0.2331628303495311
0.018823529411764704
0.038461538461538464
0.02040816326530612
0.29631255487269537
0.0203921568627451
0.1983673469387755
0.22111801242236026
0.07909604519774012
0.06428571428571428
0.29358178053830225
0.19591836734693877
0.12585933368588048
0.29631255487269537
0.1494949494949495
0.2764423076923077
0.2073469387755102
0.2764423076923077
0.08686868686868687
0.050980392156862744
0.0649895178197065
0.17113095238095238
0.2906832298136646
0.02196078431372549
0.17311507936507936
0.17311507936507936
0.1403921568627451
0.29631255487269537
0.017254901960784313
0.9461224489795919
0.25310734463276835
0.024132730015082957
0.13345864661654136
0.352112676056338
0.037551020408163265
0.06363636363636363
0.15873015873015872
0.236999147485081
0.044081632653061226
0.1501850872554204
0.24561403508771928
0.16705882352941176
0.0653061224489796
0.11809923130677848
0.06857142857142857
0.04
0.15873015873015872
0.1526530612244898
0.023378582202111614
0.18378756114605171
0.16890707188778492
0.13345864661654136
0.05019607843137255
0.4195804195804196
0.1746031746031746
0.022857142857142857
0.01647058823529412
0.017254901960784313
0.0815686274509804
0.12459016393442623
0.12459016393442623
0.2679089026915114
0.26916975145425703
0.14849624060150377
0.10221619176843058
0.19663299663299663
0.07164404223227752
0.18461538461538463
0.06196078431372549
0.022040816326530613
0.29979296066252586
--------------------------------
top10
0.15384615384615385
0.06060606060606061
0.4358974358974359
0.0
0.03636363636363636
0.6
0.26666666666666666
0.4380952380952381
0.0
0.022222222222222223
0.044444444444444446
0.022222222222222223
0.6900584795321637
0.17582417582417584
0.32051282051282054
0.25757575757575757
0.45751633986928103
0.5555555555555556
0.42424242424242425
0.4696969696969697
0.03636363636363636
0.022222222222222223
0.5098039215686274
0.32727272727272727
0.4411764705882353
0.15384615384615385
0.32727272727272727
0.06666666666666667
0.2857142857142857
0.0
0.044444444444444446
0.0
0.19696969696969696
0.6900584795321637
0.044444444444444446
0.4358974358974359
0.15384615384615385
0.022222222222222223
0.14545454545454545
0.5
0.6397058823529411
0.0
0.6900584795321637
0.24444444444444444
0.1282051282051282
0.44871794871794873
0.1282051282051282
0.0
0.08888888888888889
0.16363636363636364
0.23076923076923078
0.5
0.022222222222222223
0.27472527472527475
0.27472527472527475
0.21978021978021978
0.6900584795321637
0.06666666666666667
0.0
0.5294117647058824
0.0
0.07575757575757576
0.03636363636363636
0.0
0.32051282051282054
0.20512820512820512
0.07575757575757576
0.12727272727272726
0.0
0.01818181818181818
0.4380952380952381
0.2087912087912088
0.3333333333333333
0.24175824175824176
0.38461538461538464
0.20512820512820512
0.3181818181818182
0.044444444444444446
0.6212121212121212
0.10606060606060606
0.07575757575757576
0.4222222222222222
0.03636363636363636
0.31868131868131866
0.16363636363636364
0.22727272727272727
0.0
0.3076923076923077
0.0
0.0
0.3238095238095238
0.3516483516483517
0.5555555555555556
0.0
0.0
0.14545454545454545
0.3111111111111111
0.5333333333333333
0.022222222222222223
0.5384615384615384
--------------------------------
top5
0.2
0.0
0.23809523809523808
0.0
0.0
0.6
0.5714285714285714
0.2857142857142857
0.0
0.1
0.2
0.0
0.5555555555555556
0.0
0.35714285714285715
0.3333333333333333
0.32142857142857145
0.32142857142857145
0.39285714285714285
0.32142857142857145
0.0
0.0
0.4444444444444444
0.5
0.35714285714285715
0.2
0.5
0.3
0.2
0.0
0.2
0.0
0.3
0.5555555555555556
0.2
0.5833333333333334
0.0
0.1
0.2
0.42857142857142855
0.6888888888888889
0.0
0.5555555555555556
0.4666666666666667
0.0
0.5833333333333334
0.0
0.0
0.4
0.3333333333333333
0.0
0.42857142857142855
0.1
0.0
0.0
0.3
0.5555555555555556
0.3
0.0
0.5555555555555556
0.0
0.0
0.0
0.0
0.35714285714285715
0.1
0.0
0.13333333333333333
0.0
0.0
0.2857142857142857
0.13333333333333333
0.2857142857142857
0.13333333333333333
0.5357142857142857
0.1
0.4444444444444444
0.2
0.8055555555555556
0.1
0.0
0.6785714285714286
0.0
0.06666666666666667
0.26666666666666666
0.06666666666666667
0.0
0.32142857142857145
0.0
0.0
0.0
0.5238095238095238
0.32142857142857145
0.0
0.0
0.26666666666666666
0.6666666666666666
0.5555555555555556
0.1
0.6111111111111112
