--------------------------------
top-50
0.3508771929824561
0.2149122807017544
0.3287671232876712
0.2835820895522388
0.17503966155473294
0.0016326530612244899
0.1016949152542373
0.3003921568627451
0.2718253968253968
0.022040816326530613
0.03996983408748114
0.013333333333333334
0.351981351981352
0.23111714156490276
0.09134906231094979
0.08711433756805807
0.28112215078901226
0.15194805194805194
0.2369968340117594
0.2473993668023519
0.3860576923076923
0.07692307692307693
0.23164983164983166
0.12146892655367232
0.18722786647314948
0.3508771929824561
0.12146892655367232
0.06868686868686869
0.4812446717817562
0.2331628303495311
0.012244897959183673
0.15286195286195287
0.030204081632653063
0.351981351981352
0.02823529411764706
0.3214804063860668
0.2507042253521127
0.18834498834498833
0.09234365867913501
0.3114688128772636
0.26995645863570394
0.1263881544156531
0.351981351981352
0.1595959595959596
0.23782696177062373
0.3549965059399022
0.23782696177062373
0.10714285714285714
0.08127721335268505
0.18308874912648498
0.15864621893178213
0.3306697108066971
0.04156862745098039
0.15494447382337387
0.16129032258064516
0.35526315789473684
0.351981351981352
0.013877551020408163
0.0
0.2808683853459973
0.01411764705882353
0.15970386039132733
0.323963963963964
0.047058823529411764
0.09134906231094979
0.16517857142857142
0.22857142857142856
0.07692307692307693
0.15071390798519302
0.2631578947368421
0.3003921568627451
0.18040816326530612
0.16979949874686717
0.13959183673469389
0.06289308176100629
0.16517857142857142
0.20899854862119013
0.030165912518853696
0.18609022556390978
0.21875
0.15864621893178213
0.07597402597402597
0.3860576923076923
0.1634056054997356
0.037551020408163265
0.07294117647058823
0.0203921568627451
0.13122171945701358
0.1488095238095238
0.14781746031746032
0.2964231354642314
0.3943916779737675
0.15194805194805194
0.2835820895522388
0.20202020202020202
0.11581920903954802
0.17163461538461539
0.23137254901960785
0.05660377358490566
0.3432267884322679
--------------------------------
top-10
0.4444444444444444
0.07272727272727272
0.39705882352941174
0.0
0.06060606060606061
0.044444444444444446
0.4444444444444444
0.5514705882352942
0.0
0.022222222222222223
0.06666666666666667
0.022222222222222223
0.5321637426900585
0.2878787878787879
0.44871794871794873
0.34615384615384615
0.5614035087719298
0.55
0.717948717948718
0.7472527472527473
0.15384615384615385
0.10606060606060606
0.5620915032679739
0.32727272727272727
0.47058823529411764
0.4444444444444444
0.32727272727272727
0.15555555555555556
0.47058823529411764
0.044444444444444446
0.044444444444444446
0.2967032967032967
0.2878787878787879
0.5321637426900585
0.14545454545454545
0.4857142857142857
0.17582417582417584
0.16363636363636364
0.16666666666666666
0.47058823529411764
0.5555555555555556
0.03636363636363636
0.5321637426900585
0.21212121212121213
0.3484848484848485
0.4666666666666667
0.3484848484848485
0.11538461538461539
0.17777777777777778
0.35833333333333334
0.21978021978021978
0.45751633986928103
0.24242424242424243
0.21978021978021978
0.2761904761904762
0.49707602339181284
0.5321637426900585
0.13333333333333333
0.0
0.5
0.0
0.06060606060606061
0.42424242424242425
0.01818181818181818
0.44871794871794873
0.2857142857142857
0.09090909090909091
0.22727272727272727
0.01818181818181818
0.0
0.5514705882352942
0.5367647058823529
0.4
0.4380952380952381
0.38461538461538464
0.2857142857142857
0.19696969696969696
0.08888888888888889
0.5454545454545454
0.14102564102564102
0.06060606060606061
0.38181818181818183
0.15384615384615385
0.3142857142857143
0.36363636363636365
0.4696969696969697
0.0
0.3516483516483517
0.0
0.01818181818181818
0.2857142857142857
0.5098039215686274
0.55
0.0
0.0
0.14545454545454545
0.3111111111111111
0.47368421052631576
0.14545454545454545
0.49673202614379086
--------------------------------
top-5
0.4444444444444444
0.2
0.32142857142857145
0.06666666666666667
0.0
0.1
0.5357142857142857
0.5
0.0
0.1
0.3
0.0
0.5555555555555556
0.5357142857142857
0.4444444444444444
0.42857142857142855
0.5555555555555556
0.4444444444444444
0.5555555555555556
0.5555555555555556
0.2
0.1
0.5555555555555556
0.42857142857142855
0.4444444444444444
0.4444444444444444
0.42857142857142855
0.3333333333333333
0.4722222222222222
0.06666666666666667
0.2857142857142857
0.3333333333333333
0.2
0.5555555555555556
0.5
0.5555555555555556
0.0
0.26666666666666666
0.26666666666666666
0.4444444444444444
0.5555555555555556
0.0
0.5555555555555556
0.2
0.47619047619047616
0.5555555555555556
0.47619047619047616
0.06666666666666667
0.3333333333333333
0.32142857142857145
0.26666666666666666
0.4444444444444444
0.38095238095238093
0.0
0.4
0.5555555555555556
0.5555555555555556
0.26666666666666666
0.06666666666666667
0.5555555555555556
0.0
0.06666666666666667
0.6071428571428571
0.0
0.4444444444444444
0.3333333333333333
0.0
0.23809523809523808
0.0
0.0
0.5
0.5555555555555556
0.32142857142857145
0.6071428571428571
0.5277777777777778
0.3333333333333333
0.19047619047619047
0.4
0.4444444444444444
0.2
0.0
0.6071428571428571
0.2
0.26666666666666666
0.2857142857142857
0.32142857142857145
0.06666666666666667
0.32142857142857145
0.0
0.0
0.06666666666666667
0.5555555555555556
0.4444444444444444
0.0
0.19047619047619047
0.26666666666666666
0.6190476190476191
0.4444444444444444
0.2
0.4444444444444444
Average20: 0.18513769203689012	Var: 0.0126625996756339	Count: 100
Average10: 0.28553165908738654	Var: 0.039301135878731755	Count: 100
Average5: 0.31628571428571417	Var: 0.04003036633912829	Count: 100
Average3: NaN	Var: NaN	Count: 0
