--------------------------------
top-50
0.0
0.0
0.15384615384615385
0.0
0.014844804318488529
0.0
0.02564102564102564
0.17582417582417584
0.0163265306122449
0.022857142857142857
0.0
0.016194331983805668
0.0
0.0
0.05152394775036284
0.0
0.09523809523809523
0.09216255442670537
0.08831168831168831
0.03510204081632653
0.022857142857142857
0.23027027027027028
0.23531531531531533
0.0024489795918367346
0.1546448087431694
0.04499274310595065
0.16194331983805668
0.08831168831168831
0.0
0.0
0.15245901639344261
0.0
0.26373626373626374
0.16491963661774983
0.1978021978021978
0.037551020408163265
0.07111756168359942
0.20246734397677793
0.0
8.163265306122449E-4
0.0
0.011428571428571429
0.12244897959183673
0.1418588399720475
8.163265306122449E-4
0.2967032967032967
0.037551020408163265
0.0
--------------------------------
top-10
0.06060606060606061
0.0
0.16666666666666666
0.0
0.23809523809523808
0.0
0.21818181818181817
0.21978021978021978
0.4
0.4909090909090909
0.0
0.21818181818181817
0.0
0.06060606060606061
0.4393939393939394
0.0
0.09523809523809523
0.3
0.2545454545454545
0.19230769230769232
0.4909090909090909
0.06666666666666667
0.37777777777777777
0.06666666666666667
0.0
0.30303030303030304
0.25274725274725274
0.2545454545454545
0.0
0.0
0.022222222222222223
0.0
0.26373626373626374
0.12727272727272726
0.2564102564102564
0.23076923076923078
0.2
0.16363636363636364
0.0
0.0
0.0
0.23636363636363636
0.022222222222222223
0.0
0.11538461538461539
0.3076923076923077
0.23076923076923078
0.0
--------------------------------
top-5
0.0
0.0
0.2
0.0
0.0
0.0
0.19047619047619047
0.06666666666666667
0.42857142857142855
0.4444444444444444
0.0
0.06666666666666667
0.0
0.06666666666666667
0.23809523809523808
0.0
0.2
0.06666666666666667
0.2857142857142857
0.0
0.4444444444444444
0.3
0.7619047619047619
0.3
0.0
0.2
0.2857142857142857
0.2857142857142857
0.0
0.0
0.0
0.0
0.06666666666666667
0.2857142857142857
0.19047619047619047
0.06666666666666667
0.23809523809523808
0.3333333333333333
0.0
0.0
0.0
0.2857142857142857
0.0
0.0
0.32142857142857145
0.32142857142857145
0.06666666666666667
0.0

Average50: 0.07146527419672877	Count: 48
Average10: 0.15298613423613422	Count: 48
Average5: 0.1459986772486772	Count: 48
