--------------------------------
top-50
0.2967032967032967
0.0
0.2857142857142857
0.0
0.08771929824561403
0.0
0.058029689608636977
0.32967032967032966
0.0163265306122449
0.022857142857142857
0.0
0.048582995951417005
0.0
0.08571428571428572
0.05587808417997097
0.0
0.0
0.09506531204644413
0.08834586466165413
0.036734693877551024
0.022857142857142857
0.21690140845070421
0.22173038229376257
0.0016326530612244899
0.15191256830601094
0.04934687953555878
0.18083670715249664
0.08834586466165413
0.0
0.0
0.15027322404371585
0.0
0.26373626373626374
0.17540181691125087
0.3956043956043956
0.03918367346938775
0.07692307692307693
0.2351233671988389
0.0
8.163265306122449E-4
0.0
0.011428571428571429
0.1404081632653061
0.143256464011181
8.163265306122449E-4
0.2967032967032967
0.03918367346938775
0.10476190476190476
--------------------------------
top-10
0.2967032967032967
0.06060606060606061
0.24358974358974358
0.0
0.20512820512820512
0.0
0.21818181818181817
0.2857142857142857
0.4
0.4909090909090909
0.11538461538461539
0.21818181818181817
0.0
0.13636363636363635
0.45454545454545453
0.06060606060606061
0.0
0.3
0.28205128205128205
0.21794871794871795
0.4909090909090909
0.06666666666666667
0.37777777777777777
0.044444444444444446
0.022222222222222223
0.3181818181818182
0.15384615384615385
0.28205128205128205
0.0
0.0
0.044444444444444446
0.06060606060606061
0.26373626373626374
0.24444444444444444
0.3516483516483517
0.2564102564102564
0.28888888888888886
0.16363636363636364
0.0
0.0
0.0
0.23636363636363636
0.022222222222222223
0.0
0.0
0.3076923076923077
0.2564102564102564
0.12121212121212122
--------------------------------
top-5
0.26666666666666666
0.06666666666666667
0.3333333333333333
0.06666666666666667
0.1
0.0
0.19047619047619047
0.2
0.42857142857142855
0.4444444444444444
0.06666666666666667
0.06666666666666667
0.0
0.0
0.2857142857142857
0.06666666666666667
0.0
0.06666666666666667
0.2857142857142857
0.13333333333333333
0.4444444444444444
0.3
0.7619047619047619
0.2
0.1
0.26666666666666666
0.13333333333333333
0.2857142857142857
0.0
0.06666666666666667
0.1
0.06666666666666667
0.06666666666666667
0.47619047619047616
0.19047619047619047
0.2
0.3333333333333333
0.3333333333333333
0.0
0.0
0.0
0.2857142857142857
0.0
0.0
0.0
0.32142857142857145
0.2
0.0

Average50: 0.09405262418227561	Count: 48
Average10: 0.17416102416102416	Count: 48
Average5: 0.17084986772486768	Count: 48
