--------------------------------
top-50
0.14901960784313725
0.07832080200501253
0.23395445134575568
0.24920850293984623
0.13220338983050847
0.00816326530612245
0.03428571428571429
0.16705882352941176
0.25297619047619047
0.018775510204081632
0.017254901960784313
0.01803921568627451
0.27611940298507465
0.2907103825136612
0.06298701298701298
0.05909090909090909
0.1487012987012987
0.13909774436090225
0.13487071977638015
0.13696715583508037
0.3836829836829837
0.06862745098039216
0.11809923130677848
0.07918552036199095
0.11529411764705882
0.14901960784313725
0.07918552036199095
0.05333333333333334
0.41442307692307695
0.20375106564364875
0.018823529411764704
0.03770739064856712
0.02040816326530612
0.27611940298507465
0.0203921568627451
0.1983673469387755
0.1813664596273292
0.06440677966101695
0.05909090909090909
0.25383022774327124
0.19591836734693877
0.10364886303543099
0.27611940298507465
0.14612794612794613
0.275
0.2073469387755102
0.275
0.08282828282828283
0.050980392156862744
0.06429070580013976
0.1552579365079365
0.2360248447204969
0.02196078431372549
0.1572420634920635
0.1572420634920635
0.1403921568627451
0.27611940298507465
0.01803921568627451
0.0
0.25254237288135595
0.023378582202111614
0.12719298245614036
0.3039906103286385
0.037551020408163265
0.06298701298701298
0.14037698412698413
0.17348678601875533
0.044081632653061226
0.1274457958751983
0.22262552934059285
0.16705882352941176
0.0653061224489796
0.11320754716981132
0.06857142857142857
0.04
0.14037698412698413
0.1526530612244898
0.02262443438914027
0.18099231306778477
0.15195791934541203
0.12719298245614036
0.05019607843137255
0.3836829836829837
0.15922619047619047
0.022857142857142857
0.01647058823529412
0.017254901960784313
0.08235294117647059
0.11475409836065574
0.11475409836065574
0.20165631469979295
0.2310946589106293
0.13909774436090225
0.24920850293984623
0.19326599326599325
0.07164404223227752
0.17902097902097902
0.06196078431372549
0.022040816326530613
0.253416149068323
--------------------------------
top-10
0.15384615384615385
0.06060606060606061
0.4230769230769231
0.0
0.03636363636363636
0.2222222222222222
0.26666666666666666
0.4095238095238095
0.0
0.022222222222222223
0.044444444444444446
0.022222222222222223
0.49707602339181284
0.17582417582417584
0.32051282051282054
0.25757575757575757
0.41830065359477125
0.41830065359477125
0.42424242424242425
0.4696969696969697
0.03636363636363636
0.022222222222222223
0.5032679738562091
0.32727272727272727
0.41911764705882354
0.15384615384615385
0.32727272727272727
0.06666666666666667
0.2857142857142857
0.0
0.044444444444444446
0.0
0.19696969696969696
0.49707602339181284
0.044444444444444446
0.4358974358974359
0.11538461538461539
0.022222222222222223
0.14545454545454545
0.5128205128205128
0.5808823529411765
0.0
0.49707602339181284
0.24444444444444444
0.1282051282051282
0.44871794871794873
0.1282051282051282
0.0
0.08888888888888889
0.16363636363636364
0.17582417582417584
0.5128205128205128
0.022222222222222223
0.21978021978021978
0.21978021978021978
0.2087912087912088
0.49707602339181284
0.06666666666666667
0.0
0.5228758169934641
0.0
0.06060606060606061
0.03636363636363636
0.0
0.32051282051282054
0.16666666666666666
0.06060606060606061
0.12727272727272726
0.0
0.01818181818181818
0.4095238095238095
0.2087912087912088
0.3333333333333333
0.24175824175824176
0.38461538461538464
0.16666666666666666
0.3181818181818182
0.044444444444444446
0.6212121212121212
0.10606060606060606
0.06060606060606061
0.4222222222222222
0.03636363636363636
0.26373626373626374
0.21818181818181817
0.22727272727272727
0.0
0.3076923076923077
0.0
0.0
0.23809523809523808
0.31868131868131866
0.41830065359477125
0.0
0.0
0.14545454545454545
0.3111111111111111
0.47619047619047616
0.022222222222222223
0.5897435897435898
--------------------------------
top-5
0.2
0.0
0.19047619047619047
0.0
0.0
0.6
0.5714285714285714
0.2857142857142857
0.0
0.1
0.2
0.0
0.5555555555555556
0.0
0.35714285714285715
0.3333333333333333
0.32142857142857145
0.32142857142857145
0.32142857142857145
0.32142857142857145
0.0
0.0
0.4444444444444444
0.42857142857142855
0.35714285714285715
0.2
0.42857142857142855
0.3
0.2
0.0
0.2
0.0
0.3
0.5555555555555556
0.2
0.5555555555555556
0.0
0.1
0.2
0.32142857142857145
0.5555555555555556
0.0
0.5555555555555556
0.4666666666666667
0.0
0.5555555555555556
0.0
0.0
0.4
0.3333333333333333
0.26666666666666666
0.32142857142857145
0.1
0.0
0.0
0.3
0.5555555555555556
0.3
0.0
0.5555555555555556
0.0
0.0
0.0
0.0
0.35714285714285715
0.1
0.0
0.13333333333333333
0.0
0.0
0.2857142857142857
0.13333333333333333
0.2857142857142857
0.13333333333333333
0.5357142857142857
0.1
0.4444444444444444
0.2
0.6666666666666666
0.1
0.0
0.6071428571428571
0.0
0.06666666666666667
0.26666666666666666
0.06666666666666667
0.0
0.32142857142857145
0.0
0.0
0.0
0.47619047619047616
0.32142857142857145
0.0
0.0
0.26666666666666666
0.6190476190476191
0.4444444444444444
0.1
0.4444444444444444

Average20: 0.13552014577387023	Var: 0.00891171378458375	Count: 100
Average10: 0.21205746781598156	Var: 0.03290406945012659	Count: 100
Average5: 0.22212698412698412	Var: 0.042050494834971	Count: 100
Average3: NaN	Var: NaN	Count: 0
