--------------------------------
top-50
0.0
0.0
0.18935837245696402
0.0
0.0
0.0
0.0
0.0
NaN
0.0
0.0
0.0
0.18935837245696402
0.0
0.0
0.0
0.0
0.0
0.0
0.0
0.0
0.0
0.0
0.0
0.0
0.0
0.0
0.0
0.0
0.0
0.0
0.0
0.0
0.18935837245696402
0.0
0.0
0.1638418079096045
0.0
0.0
0.1472822910578609
0.0
0.0
0.18935837245696402
0.0
0.0
0.0
0.0
0.0
0.0
0.0
0.0
0.18935837245696402
0.0
0.0
0.0
0.0
0.18935837245696402
0.0
0.0
0.0
0.0
0.0
0.0
0.0
0.0
0.0
0.1638418079096045
0.0
0.0
0.0
0.0
0.0
0.0
0.0
0.0
0.0
0.0
0.0
0.0
0.0
0.0
0.0
0.0
0.0
0.0
0.0
0.0
0.0
0.0
0.0
0.18935837245696402
0.0
0.0
0.0
0.0
0.0
0.0
0.0
0.0
0.18935837245696402
--------------------------------
top-10
0.11538461538461539
0.0
0.11538461538461539
0.0
0.0
0.0
0.05454545454545454
0.17582417582417584
NaN
0.0
0.0
0.0
0.11538461538461539
0.41830065359477125
0.0
0.0
0.06060606060606061
0.06060606060606061
0.06060606060606061
0.06060606060606061
0.0
0.0
0.0
0.0
0.0
0.11538461538461539
0.0
0.01818181818181818
0.11538461538461539
0.12121212121212122
0.0
0.0
0.03636363636363636
0.11538461538461539
0.0
0.19230769230769232
0.3602941176470588
0.06060606060606061
0.01818181818181818
0.3602941176470588
0.06060606060606061
0.01818181818181818
0.11538461538461539
0.0
0.3602941176470588
0.3602941176470588
0.3
0.01818181818181818
0.01818181818181818
0.23809523809523808
0.0
0.11538461538461539
0.06060606060606061
0.0
0.0
0.11538461538461539
0.11538461538461539
0.0
0.09090909090909091
0.0
0.0
0.0
0.0
0.01818181818181818
0.0
0.47619047619047616
0.3602941176470588
0.11538461538461539
0.01818181818181818
0.0
0.17582417582417584
0.17582417582417584
0.01818181818181818
0.14545454545454545
0.0
0.47619047619047616
0.11538461538461539
0.0
0.0
0.0
0.0
0.01818181818181818
0.0
0.43956043956043955
0.38461538461538464
0.2727272727272727
0.0
0.01818181818181818
0.01818181818181818
0.01818181818181818
0.11538461538461539
0.23809523809523808
0.06060606060606061
0.0
0.0
0.0
0.0
0.0
0.11538461538461539
0.11538461538461539
--------------------------------
top-5
0.19047619047619047
0.06666666666666667
0.06666666666666667
0.0
0.0
0.19047619047619047
0.06666666666666667
0.19047619047619047
NaN
0.19047619047619047
0.06666666666666667
0.0
0.06666666666666667
0.4444444444444444
0.0
0.0
0.06666666666666667
0.19047619047619047
0.19047619047619047
0.19047619047619047
0.0
0.0
0.0
0.0
0.0
0.19047619047619047
0.0
0.06666666666666667
0.19047619047619047
0.06666666666666667
0.19047619047619047
0.0
0.06666666666666667
0.19047619047619047
0.13333333333333333
0.06666666666666667
0.4444444444444444
0.06666666666666667
0.06666666666666667
0.4444444444444444
0.06666666666666667
0.06666666666666667
0.06666666666666667
0.19047619047619047
0.32142857142857145
0.5555555555555556
0.32142857142857145
0.06666666666666667
0.06666666666666667
0.4444444444444444
0.0
0.06666666666666667
0.06666666666666667
0.0
0.0
0.19047619047619047
0.06666666666666667
0.0
0.32142857142857145
0.0
0.0
0.0
0.06666666666666667
0.06666666666666667
0.0
0.5555555555555556
0.4444444444444444
0.19047619047619047
0.06666666666666667
0.19047619047619047
0.19047619047619047
0.06666666666666667
0.06666666666666667
0.5357142857142857
0.0
0.5555555555555556
0.47619047619047616
0.19047619047619047
0.0
0.06666666666666667
0.0
0.0
0.0
0.5555555555555556
0.5357142857142857
0.5357142857142857
0.06666666666666667
0.0
0.06666666666666667
0.06666666666666667
0.06666666666666667
0.4444444444444444
0.19047619047619047
0.0
0.0
0.0
0.0
0.0
0.19047619047619047
0.06666666666666667

Average20: 0.020099322086189718	Var: 0.0032549374037344992	Count: 99
Average10: 0.0873465693875676	Var: 0.01568009757009016	Count: 99
Average5: 0.13894500561167222	Var: 0.027788495340470114	Count: 99
Average3: NaN	Var: NaN	Count: 0
