--------------------------------
top-50
0.0
0.0
0.0
0.0
0.0
0.0
0.0
0.0
0.0
0.0
0.0
0.0
0.0
0.0
0.0
0.0
0.0
0.0
0.0
0.0
0.0
0.0
0.0
0.0
0.0
0.0
0.0
0.0
0.0
0.0
0.0
0.0
0.0
0.0
0.0
0.0
0.0
0.0
0.0
0.0
0.0
0.0
0.0
0.0
0.0
0.0
0.0
0.0
--------------------------------
top-10
0.17582417582417584
0.11538461538461539
0.17582417582417584
0.47368421052631576
0.11538461538461539
0.0
0.0
0.17582417582417584
0.0
0.0
0.06060606060606061
0.01818181818181818
0.47368421052631576
0.24175824175824176
0.06060606060606061
0.11538461538461539
0.0
0.06060606060606061
0.0
0.01818181818181818
0.0
0.0
0.0
0.0
0.3076923076923077
0.06060606060606061
0.17582417582417584
0.0
0.18181818181818182
0.0
0.06060606060606061
0.11538461538461539
0.0
0.0
0.0
0.01818181818181818
0.07272727272727272
0.0
0.0
0.0
0.47368421052631576
0.0
0.3076923076923077
0.0
0.0
0.0
0.01818181818181818
0.15151515151515152
--------------------------------
top-5
0.19047619047619047
0.06666666666666667
0.19047619047619047
0.5555555555555556
0.19047619047619047
0.0
0.3333333333333333
0.19047619047619047
0.0
0.0
0.06666666666666667
0.06666666666666667
0.5555555555555556
0.5555555555555556
0.19047619047619047
0.06666666666666667
0.06666666666666667
0.19047619047619047
0.0
0.0
0.0
0.0
0.0
0.0
0.5555555555555556
0.19047619047619047
0.19047619047619047
0.0
0.3333333333333333
0.0
0.0
0.06666666666666667
0.0
0.06666666666666667
0.38095238095238093
0.0
0.32142857142857145
0.0
0.0
0.0
0.5555555555555556
0.0
0.5555555555555556
0.0
0.0
0.0
0.0
0.38095238095238093

Average50: 0.0	Count: 48
Average10: 0.08801768407031563	Count: 48
Average5: 0.14737103174603175	Count: 48
