--------------------------------
top-50
0.3853599516031458
0.24060150375939848
0.4958143074581431
0.40027137042062416
0.24061343204653624
0.6995918367346938
0.1396843950905903
0.3003921568627451
0.3521825396825397
0.022040816326530613
0.04147812971342383
0.01411764705882353
0.5817515817515817
0.3301673450927182
0.12038717483363581
0.1161524500907441
0.3220338983050847
0.16948051948051948
0.35549525101763907
0.36589778380823157
0.48846153846153845
0.08055152394775036
0.24579124579124578
0.16892655367231638
0.19085631349782292
0.3853599516031458
0.16892655367231638
0.07878787878787878
0.612531969309463
0.3772378516624041
0.012244897959183673
0.16363636363636364
0.030204081632653063
0.5817515817515817
0.02823529411764706
0.3432510885341074
0.39517102615694166
0.2913752913752914
0.12916423144360023
0.4567404426559356
0.2779390420899855
0.18984664198836596
0.5817515817515817
0.17306397306397306
0.338430583501006
0.3787561146051712
0.338430583501006
0.1253246753246753
0.08345428156748912
0.19077568134171907
0.2242199894235854
0.4992389649923896
0.04156862745098039
0.22104706504494975
0.22739291380222104
0.38533834586466165
0.5817515817515817
0.013877551020408163
0.5338775510204081
0.35866123925825416
0.01411764705882353
0.22474881015335801
0.538018018018018
0.047058823529411764
0.12038717483363581
0.24206349206349206
0.3660455486542443
0.08055152394775036
0.20412480169222633
0.29522081064730793
0.3003921568627451
0.18040816326530612
0.19360902255639098
0.13959183673469389
0.07058001397624039
0.24206349206349206
0.23076923076923078
0.03167420814479638
0.212406015037594
0.30625
0.2236911686938128
0.09220779220779221
0.48846153846153845
0.22897937599153886
0.037551020408163265
0.07294117647058823
0.0203921568627451
0.13273001508295626
0.23412698412698413
0.23313492063492064
0.4634703196347032
0.5115332428765265
0.16948051948051948
0.40027137042062416
0.21548821548821548
0.16327683615819208
0.26634615384615384
0.23294117647058823
0.0602322206095791
0.5098934550989346
--------------------------------
top-10
0.6274509803921569
0.07272727272727272
0.6691176470588235
0.0
0.09090909090909091
0.06666666666666667
0.4444444444444444
0.8235294117647058
0.0
0.022222222222222223
0.06666666666666667
0.022222222222222223
0.935672514619883
0.30303030303030304
0.5128205128205128
0.44871794871794873
0.9532163742690059
0.725
0.8205128205128205
0.8791208791208791
0.21794871794871795
0.12121212121212122
0.8954248366013072
0.32727272727272727
0.7647058823529411
0.6274509803921569
0.32727272727272727
0.15555555555555556
0.6535947712418301
0.06666666666666667
0.044444444444444446
0.42857142857142855
0.36363636363636365
0.935672514619883
0.14545454545454545
0.6666666666666666
0.2967032967032967
0.2
0.2727272727272727
0.75
0.9064327485380117
0.05454545454545454
0.935672514619883
0.3484848484848485
0.36363636363636365
0.7083333333333334
0.36363636363636365
0.34615384615384615
0.17777777777777778
0.575
0.27472527472527475
0.7843137254901961
0.25757575757575757
0.31868131868131866
0.3619047619047619
0.7076023391812866
0.935672514619883
0.13333333333333333
0.0
0.7720588235294118
0.0
0.07575757575757576
0.4393939393939394
0.05454545454545454
0.5128205128205128
0.44761904761904764
0.12121212121212122
0.3939393939393939
0.01818181818181818
0.022222222222222223
0.8235294117647058
0.7279411764705882
0.475
0.5714285714285714
0.4358974358974359
0.44761904761904764
0.21212121212121213
0.08888888888888889
0.5454545454545454
0.19230769230769232
0.07575757575757576
0.38181818181818183
0.21794871794871795
0.44761904761904764
0.4090909090909091
0.5303030303030303
0.0
0.5494505494505495
0.0
0.01818181818181818
0.45714285714285713
0.7647058823529411
0.725
0.0
0.0
0.14545454545454545
0.3111111111111111
0.7953216374269005
0.2545454545454545
0.8366013071895425
--------------------------------
top-5
0.6944444444444444
0.2
0.5357142857142857
0.2
0.0
0.1
0.6071428571428571
0.75
0.0
0.1
0.3
0.0
0.9777777777777777
0.75
0.5833333333333334
0.6071428571428571
0.9111111111111111
0.5833333333333334
0.8444444444444444
0.8444444444444444
0.2
0.1
0.9111111111111111
0.6071428571428571
0.6111111111111112
0.6944444444444444
0.6071428571428571
0.3333333333333333
0.7222222222222222
0.06666666666666667
0.2857142857142857
0.3333333333333333
0.2
0.9777777777777777
0.5
0.8666666666666667
0.0
0.4666666666666667
0.26666666666666666
0.75
0.9111111111111111
0.0
0.9777777777777777
0.2
0.5714285714285714
0.8666666666666667
0.5714285714285714
0.06666666666666667
0.3333333333333333
0.5357142857142857
0.4666666666666667
0.75
0.6190476190476191
0.0
0.4
0.7222222222222222
0.9777777777777777
0.26666666666666666
0.06666666666666667
0.9111111111111111
0.0
0.6
0.8571428571428571
0.0
0.5833333333333334
0.4
0.0
0.2857142857142857
0.0
0.0
0.75
0.9111111111111111
0.5
0.8214285714285714
0.75
0.4
0.2857142857142857
0.4
0.6111111111111112
0.2
0.0
0.8928571428571429
0.2
0.26666666666666666
0.3333333333333333
0.39285714285714285
0.3333333333333333
0.42857142857142855
0.0
0.0
0.06666666666666667
0.9333333333333333
0.5833333333333334
0.0
0.7619047619047619
0.4666666666666667
0.9047619047619048
0.5555555555555556
0.26666666666666666
0.75

Average50: 0.2548469720820478	Count: 100
Average10: 0.39596503290311325	Count: 100
Average5: 0.45795238095238106	Count: 100
