--------------------------------
top-20
0.1225296442687747
0.21739130434782608
0.05789473684210526
0.042105263157894736
0.07792207792207792
0.07368421052631578
0.2554112554112554
0.27666666666666667
0.1
0.15789473684210525
0.2923076923076923
0.13333333333333333
0.13157894736842105
0.13043478260869565
0.06315789473684211
0.1341991341991342
0.07368421052631578
0.21212121212121213
0.08571428571428572
0.20553359683794467
0.18571428571428572
0.2964426877470356
0.2
0.16883116883116883
0.18095238095238095
0.021052631578947368
0.19333333333333333
0.2923076923076923
0.1631578947368421
0.11428571428571428
0.14666666666666667
0.12121212121212122
0.341991341991342
0.08947368421052632
0.35185185185185186
0.4630541871921182
0.05238095238095238
0.19927536231884058
0.1277056277056277
0.20952380952380953
0.1761904761904762
0.1503623188405797
0.11052631578947368
0.05627705627705628
0.1857707509881423
0.16600790513833993
0.11067193675889328
0.10952380952380952
0.05238095238095238
0.14624505928853754
0.11264822134387352
0.3415384615384615
0.0691699604743083
0.10822510822510822
0.16842105263157894
0.14761904761904762
0.15942028985507245
0.2608695652173913
0.32
0.13333333333333333
0.11428571428571428
0.14492753623188406
0.05627705627705628
0.0735930735930736
0.22134387351778656
0.08421052631578947
0.1976284584980237
0.04285714285714286
0.1
0.10822510822510822
0.16666666666666666
0.07894736842105263
0.21904761904761905
0.09090909090909091
0.04736842105263158
0.20923076923076922
0.1383399209486166
0.12554112554112554
0.25691699604743085
0.1857707509881423
0.2554112554112554
0.11428571428571428
0.07894736842105263
0.05238095238095238
0.0761904761904762
0.05238095238095238
0.06190476190476191
0.05714285714285714
0.20952380952380953
0.07894736842105263
0.17391304347826086
0.05263157894736842
0.15584415584415584
0.2987012987012987
0.021052631578947368
0.12554112554112554
0.08095238095238096
0.13438735177865613
0.15263157894736842
0.22826086956521738
--------------------------------
top-10
0.022222222222222223
0.28205128205128205
0.14545454545454545
0.044444444444444446
0.044444444444444446
0.2
0.37362637362637363
0.18181818181818182
0.2
0.15151515151515152
0.36363636363636365
0.07272727272727272
0.12727272727272726
0.23636363636363636
0.08888888888888889
0.09090909090909091
0.03636363636363636
0.2727272727272727
0.12727272727272726
0.16666666666666666
0.24444444444444444
0.5164835164835165
0.46153846153846156
0.09090909090909091
0.2727272727272727
0.0
0.41818181818181815
0.10606060606060606
0.5333333333333333
0.18181818181818182
0.022222222222222223
0.2
0.5333333333333333
0.2
0.18181818181818182
0.38095238095238093
0.14545454545454545
0.12727272727272726
0.15151515151515152
0.2909090909090909
0.3484848484848485
0.06666666666666667
0.07272727272727272
0.06666666666666667
0.2564102564102564
0.13333333333333333
0.0
0.12727272727272726
0.08888888888888889
0.044444444444444446
0.01818181818181818
0.3516483516483517
0.09090909090909091
0.2222222222222222
0.2878787878787879
0.13333333333333333
0.17777777777777778
0.03636363636363636
0.3090909090909091
0.20512820512820512
0.15151515151515152
0.24444444444444444
0.044444444444444446
0.06666666666666667
0.3181818181818182
0.14545454545454545
0.12121212121212122
0.13333333333333333
0.18181818181818182
0.2
0.2
0.09090909090909091
0.40384615384615385
0.09090909090909091
0.06666666666666667
0.06666666666666667
0.08888888888888889
0.16363636363636364
0.2948717948717949
0.15555555555555556
0.2878787878787879
0.22727272727272727
0.18181818181818182
0.09090909090909091
0.08888888888888889
0.0
0.10909090909090909
0.06666666666666667
0.24242424242424243
0.2222222222222222
0.07272727272727272
0.08888888888888889
0.14545454545454545
0.32051282051282054
0.05454545454545454
0.21818181818181817
0.18181818181818182
0.03636363636363636
0.10909090909090909
0.28846153846153844
--------------------------------
top-5
0.1
0.2
0.26666666666666666
0.06666666666666667
0.0
0.26666666666666666
0.3333333333333333
0.26666666666666666
0.2
0.06666666666666667
0.2857142857142857
0.2
0.06666666666666667
0.1
0.2
0.1
0.0
0.38095238095238093
0.26666666666666666
0.35714285714285715
0.23809523809523808
0.38095238095238093
0.5357142857142857
0.0
0.26666666666666666
0.0
0.47619047619047616
0.0
0.5357142857142857
0.13333333333333333
0.1
0.26666666666666666
0.42857142857142855
0.13333333333333333
0.4
0.06666666666666667
0.0
0.4
0.3
0.2
0.3333333333333333
0.13333333333333333
0.1
0.2
0.2
0.3333333333333333
0.0
0.3
0.2
0.0
0.0
0.3333333333333333
0.13333333333333333
0.2
0.38095238095238093
0.26666666666666666
0.23809523809523808
0.06666666666666667
0.2857142857142857
0.06666666666666667
0.13333333333333333
0.6
0.2
0.2
0.3333333333333333
0.26666666666666666
0.0
0.35714285714285715
0.06666666666666667
0.13333333333333333
0.2
0.06666666666666667
0.5178571428571429
0.2
0.1
0.2
0.13333333333333333
0.2
0.2857142857142857
0.2
0.23809523809523808
0.26666666666666666
0.2
0.13333333333333333
0.2
0.0
0.13333333333333333
0.2
0.3333333333333333
0.3333333333333333
0.13333333333333333
0.2
0.2
0.3333333333333333
0.0
0.3333333333333333
0.06666666666666667
0.0
0.06666666666666667
0.21428571428571427
--------------------------------
top-3
0.3333333333333333
0.16666666666666666
0.6666666666666666
0.0
0.0
0.3333333333333333
0.16666666666666666
0.3333333333333333
0.16666666666666666
0.0
0.16666666666666666
0.3333333333333333
0.0
0.3333333333333333
0.3333333333333333
0.3333333333333333
0.0
0.5
0.5
0.16666666666666666
0.0
0.16666666666666666
0.5
0.0
0.3333333333333333
0.0
0.5
0.0
0.5
0.0
0.3333333333333333
0.16666666666666666
0.6666666666666666
0.16666666666666666
0.5
0.0
0.0
0.5
0.16666666666666666
0.3333333333333333
0.3333333333333333
0.16666666666666666
0.3333333333333333
0.3333333333333333
0.0
0.5
0.0
0.6666666666666666
0.16666666666666666
0.0
0.0
0.3333333333333333
0.0
0.6666666666666666
0.5
0.5
0.0
0.0
0.3333333333333333
0.0
0.3333333333333333
0.7
0.16666666666666666
0.3333333333333333
0.16666666666666666
0.5
0.0
0.16666666666666666
0.0
0.3333333333333333
0.0
0.0
0.5
0.16666666666666666
0.0
0.6666666666666666
0.0
0.3333333333333333
0.16666666666666666
0.6666666666666666
0.0
0.16666666666666666
0.6666666666666666
0.0
0.3333333333333333
0.0
0.0
0.3333333333333333
0.3333333333333333
0.16666666666666666
0.0
0.3333333333333333
0.3333333333333333
0.16666666666666666
0.0
0.6666666666666666
0.5
0.0
0.0
0.0

Average20: 0.14971098751746978	Count: 100
Average10: 0.17587046287046282	Count: 100
Average5: 0.20336904761904745	Count: 100
Average3: 0.23700000000000002	Count: 100
