--------------------------------
top-20
0.02857142857142857
0.32806324110671936
0.05263157894736842
0.06315789473684211
0.08874458874458875
0.0761904761904762
0.2246376811594203
0.08095238095238096
0.13852813852813853
0.09956709956709957
0.48677248677248675
0.08658008658008658
0.042105263157894736
0.25889328063241107
0.13438735177865613
0.13333333333333333
0.05263157894736842
0.3476923076923077
0.1
0.12121212121212122
0.21739130434782608
0.43666666666666665
0.16666666666666666
0.13405797101449277
0.21428571428571427
0.1956521739130435
0.21666666666666667
0.29347826086956524
0.17142857142857143
0.08571428571428572
0.11688311688311688
0.0380952380952381
0.2733333333333333
0.18095238095238095
0.3466666666666667
0.09473684210526316
0.09473684210526316
0.12121212121212122
0.3153846153846154
0.05789473684210526
0.19047619047619047
0.02857142857142857
0.09047619047619047
0.27666666666666667
0.21212121212121213
0.17753623188405798
0.16205533596837945
0.1523809523809524
0.08095238095238096
0.031578947368421054
0.01904761904761905
0.2966666666666667
0.07142857142857142
0.49195402298850577
0.20476190476190476
0.08421052631578947
0.31620553359683795
0.06315789473684211
0.20952380952380953
0.15263157894736842
0.08658008658008658
0.13852813852813853
0.1539855072463768
0.3162393162393162
0.16883116883116883
0.0380952380952381
0.26666666666666666
0.01904761904761905
0.06190476190476191
0.23809523809523808
0.28421052631578947
0.13157894736842105
0.20526315789473684
0.12857142857142856
0.14624505928853754
0.0380952380952381
0.25666666666666665
0.20652173913043478
0.13043478260869565
0.15
0.31384615384615383
0.14855072463768115
0.05789473684210526
0.0735930735930736
0.16600790513833993
0.08441558441558442
0.05194805194805195
0.09047619047619047
0.1523809523809524
0.06060606060606061
0.12987012987012986
0.10144927536231885
0.2015810276679842
0.26153846153846155
0.08947368421052632
0.15019762845849802
0.04285714285714286
0.08947368421052632
0.18840579710144928
0.18614718614718614
--------------------------------
top-10
0.03636363636363636
0.3717948717948718
0.08888888888888889
0.05454545454545454
0.1
0.14545454545454545
0.12727272727272726
0.23636363636363636
0.10606060606060606
0.2
0.48333333333333334
0.01818181818181818
0.022222222222222223
0.29545454545454547
0.13333333333333333
0.2909090909090909
0.08888888888888889
0.22727272727272727
0.2727272727272727
0.14545454545454545
0.14545454545454545
0.47619047619047616
0.3181818181818182
0.05454545454545454
0.2878787878787879
0.06666666666666667
0.2692307692307692
0.24358974358974358
0.19230769230769232
0.06666666666666667
0.022222222222222223
0.1111111111111111
0.24242424242424243
0.3787878787878788
0.4696969696969697
0.18181818181818182
0.18181818181818182
0.21212121212121213
0.21153846153846154
0.12727272727272726
0.4666666666666667
0.044444444444444446
0.3333333333333333
0.21794871794871795
0.2948717948717949
0.10909090909090909
0.3111111111111111
0.3333333333333333
0.14545454545454545
0.022222222222222223
0.0
0.2878787878787879
0.12727272727272726
0.4
0.22727272727272727
0.2
0.5128205128205128
0.0
0.23636363636363636
0.13636363636363635
0.14545454545454545
0.1794871794871795
0.16363636363636364
0.2878787878787879
0.12727272727272726
0.022222222222222223
0.3181818181818182
0.0
0.03636363636363636
0.32967032967032966
0.2948717948717949
0.12121212121212122
0.3141025641025641
0.07575757575757576
0.32727272727272727
0.06666666666666667
0.3090909090909091
0.24242424242424243
0.09090909090909091
0.044444444444444446
0.3181818181818182
0.07272727272727272
0.1111111111111111
0.08888888888888889
0.08888888888888889
0.1
0.022222222222222223
0.1111111111111111
0.05454545454545454
0.05454545454545454
0.13333333333333333
0.044444444444444446
0.36363636363636365
0.2
0.13636363636363635
0.10909090909090909
0.0
0.06666666666666667
0.14545454545454545
0.12121212121212122
--------------------------------
top-5
0.0
0.42857142857142855
0.13333333333333333
0.0
0.06666666666666667
0.06666666666666667
0.06666666666666667
0.2
0.0
0.38095238095238093
0.42857142857142855
0.0
0.0
0.35714285714285715
0.2
0.42857142857142855
0.06666666666666667
0.13333333333333333
0.38095238095238093
0.0
0.13333333333333333
0.42857142857142855
0.2857142857142857
0.1
0.3333333333333333
0.06666666666666667
0.26666666666666666
0.1
0.0
0.0
0.0
0.2
0.42857142857142855
0.4642857142857143
0.5714285714285714
0.0
0.2
0.1
0.2
0.06666666666666667
0.6785714285714286
0.13333333333333333
0.4
0.3
0.06666666666666667
0.26666666666666666
0.4666666666666667
0.23809523809523808
0.2
0.0
0.0
0.38095238095238093
0.13333333333333333
0.4
0.13333333333333333
0.21428571428571427
0.75
0.0
0.13333333333333333
0.06666666666666667
0.2
0.0
0.26666666666666666
0.5333333333333333
0.4
0.0
0.38095238095238093
0.0
0.1
0.13333333333333333
0.2857142857142857
0.0
0.2619047619047619
0.0
0.26666666666666666
0.2
0.2857142857142857
0.26666666666666666
0.13333333333333333
0.1
0.42857142857142855
0.0
0.06666666666666667
0.1
0.2
0.3
0.1
0.26666666666666666
0.06666666666666667
0.1
0.1
0.0
0.5333333333333333
0.2
0.0
0.1
0.0
0.13333333333333333
0.0
0.2
--------------------------------
top-3
0.0
0.5
0.0
0.0
0.0
0.0
0.0
0.3333333333333333
0.0
0.16666666666666666
0.16666666666666666
0.0
0.0
0.4166666666666667
0.3333333333333333
0.5
0.0
0.3333333333333333
0.16666666666666666
0.0
0.0
0.6666666666666666
0.16666666666666666
0.16666666666666666
0.16666666666666666
0.0
0.5
0.0
0.0
0.0
0.0
0.16666666666666666
0.6666666666666666
0.3333333333333333
0.6
0.0
0.16666666666666666
0.3333333333333333
0.16666666666666666
0.0
0.8
0.0
0.6666666666666666
0.5
0.0
0.16666666666666666
0.5
0.0
0.16666666666666666
0.0
0.0
0.5
0.0
0.6666666666666666
0.0
0.0
0.8
0.0
0.0
0.0
0.3333333333333333
0.0
0.3333333333333333
0.7
0.5
0.0
0.5
0.0
0.16666666666666666
0.0
0.3333333333333333
0.0
0.3333333333333333
0.0
0.3333333333333333
0.3333333333333333
0.3333333333333333
0.16666666666666666
0.0
0.3333333333333333
0.5
0.0
0.0
0.3333333333333333
0.3333333333333333
0.3333333333333333
0.3333333333333333
1.0
0.0
0.16666666666666666
0.0
0.0
0.8
0.16666666666666666
0.0
0.16666666666666666
0.0
0.16666666666666666
0.0
0.16666666666666666

Average20: 0.15835234897127498	Count: 100
Average10: 0.17949839049839045	Count: 100
Average5: 0.1895476190476191	Count: 100
Average3: 0.20950000000000002	Count: 100
