--------------------------------
top-20
0.014285714285714285
0.38769230769230767
0.06842105263157895
0.12857142857142856
0.09486166007905138
0.11904761904761904
0.1523809523809524
0.17142857142857143
0.1
0.2077922077922078
0.4166666666666667
0.09090909090909091
0.023809523809523808
0.31620553359683795
0.06315789473684211
0.07142857142857142
0.09523809523809523
0.39920948616600793
0.07894736842105263
0.20952380952380953
0.2833333333333333
0.4368421052631579
0.22857142857142856
0.12648221343873517
0.2683982683982684
0.03333333333333333
0.12380952380952381
0.46153846153846156
0.07368421052631578
0.09523809523809523
0.0761904761904762
0.23076923076923078
0.23550724637681159
0.20952380952380953
0.36752136752136755
0.07894736842105263
0.12631578947368421
0.19047619047619047
0.3433333333333333
0.12105263157894737
0.14761904761904762
0.02857142857142857
0.11428571428571428
0.06190476190476191
0.28063241106719367
0.06493506493506493
0.16017316017316016
0.22077922077922077
0.1038961038961039
0.14736842105263157
0.014285714285714285
0.4123076923076923
0.047619047619047616
0.5870967741935483
0.15714285714285714
0.2554112554112554
0.4150197628458498
0.07792207792207792
0.23715415019762845
0.2766798418972332
0.14285714285714285
0.25
0.08095238095238096
0.3
0.2924901185770751
0.10822510822510822
0.2857142857142857
0.005263157894736842
0.09473684210526316
0.17142857142857143
0.34285714285714286
0.08947368421052632
0.031578947368421054
0.14210526315789473
0.0761904761904762
0.11067193675889328
0.27666666666666667
0.3323076923076923
0.1645021645021645
0.15579710144927536
0.6430769230769231
0.17316017316017315
0.12105263157894737
0.0735930735930736
0.18840579710144928
0.08695652173913043
0.0735930735930736
0.0735930735930736
0.36363636363636365
0.047619047619047616
0.1038961038961039
0.03463203463203463
0.2717391304347826
0.3415384615384615
0.05238095238095238
0.20346320346320346
0.06060606060606061
0.05789473684210526
0.31076923076923074
0.45849802371541504
--------------------------------
top-10
0.022222222222222223
0.30303030303030304
0.15555555555555556
0.10909090909090909
0.07272727272727272
0.30303030303030304
0.3111111111111111
0.3484848484848485
0.21212121212121213
0.43956043956043955
0.5384615384615384
0.01818181818181818
0.022222222222222223
0.44871794871794873
0.06666666666666667
0.13333333333333333
0.07272727272727272
0.5164835164835165
0.23636363636363636
0.4358974358974359
0.18181818181818182
0.44761904761904764
0.4945054945054945
0.13636363636363635
0.4230769230769231
0.08888888888888889
0.24358974358974358
0.47619047619047616
0.09090909090909091
0.2222222222222222
0.0
0.1111111111111111
0.2564102564102564
0.48484848484848486
0.4
0.05454545454545454
0.2727272727272727
0.2948717948717949
0.24242424242424243
0.38181818181818183
0.24444444444444444
0.06666666666666667
0.26666666666666666
0.022222222222222223
0.4065934065934066
0.08888888888888889
0.2909090909090909
0.2727272727272727
0.21212121212121213
0.09090909090909091
0.0
0.5333333333333333
0.08888888888888889
0.4857142857142857
0.22727272727272727
0.5384615384615384
0.6703296703296703
0.0
0.2
0.2948717948717949
0.16666666666666666
0.2878787878787879
0.07272727272727272
0.23636363636363636
0.41025641025641024
0.15555555555555556
0.43956043956043955
0.0
0.2
0.2948717948717949
0.6538461538461539
0.1111111111111111
0.09090909090909091
0.16666666666666666
0.10909090909090909
0.2222222222222222
0.3090909090909091
0.3333333333333333
0.16363636363636364
0.16666666666666666
0.9558823529411765
0.18181818181818182
0.37777777777777777
0.13333333333333333
0.06666666666666667
0.044444444444444446
0.12727272727272726
0.15555555555555556
0.358974358974359
0.09090909090909091
0.05454545454545454
0.044444444444444446
0.4358974358974359
0.3484848484848485
0.13636363636363635
0.32727272727272727
0.022222222222222223
0.07272727272727272
0.14545454545454545
0.8
--------------------------------
top-5
0.1
0.2
0.3333333333333333
0.2
0.06666666666666667
0.3333333333333333
0.38095238095238093
0.3333333333333333
0.2
0.42857142857142855
0.9166666666666666
0.0
0.0
0.6428571428571429
0.2
0.2
0.06666666666666667
0.6785714285714286
0.3333333333333333
0.6190476190476191
0.13333333333333333
0.13333333333333333
0.6071428571428571
0.0
0.6428571428571429
0.13333333333333333
0.06666666666666667
0.13333333333333333
0.06666666666666667
0.3333333333333333
0.0
0.2
0.13333333333333333
0.8055555555555556
0.42857142857142855
0.0
0.4666666666666667
0.26666666666666666
0.26666666666666666
0.7142857142857143
0.06666666666666667
0.13333333333333333
0.26666666666666666
0.1
0.06666666666666667
0.2
0.4666666666666667
0.3333333333333333
0.3
0.0
0.0
0.5714285714285714
0.13333333333333333
0.3333333333333333
0.13333333333333333
0.8333333333333334
1.0
0.0
0.26666666666666666
0.2
0.2
0.6666666666666666
0.2
0.4666666666666667
0.6190476190476191
0.3333333333333333
0.47619047619047616
0.0
0.3333333333333333
0.2
0.8214285714285714
0.1
0.13333333333333333
0.1
0.1
0.5333333333333333
0.42857142857142855
0.26666666666666666
0.13333333333333333
0.2
1.0
0.06666666666666667
0.6666666666666666
0.1
0.2
0.13333333333333333
0.2
0.4
0.5714285714285714
0.1
0.13333333333333333
0.0
0.47619047619047616
0.38095238095238093
0.0
0.5238095238095238
0.0
0.1
0.1
0.9555555555555556
--------------------------------
top-3
0.3333333333333333
0.16666666666666666
0.6666666666666666
0.16666666666666666
0.0
0.16666666666666666
0.16666666666666666
0.3333333333333333
0.16666666666666666
0.16666666666666666
1.0
0.0
0.0
0.6
0.3333333333333333
0.0
0.0
0.6
0.16666666666666666
0.9333333333333333
0.0
0.3333333333333333
0.6
0.0
0.6
0.3333333333333333
0.0
0.0
0.0
0.6666666666666666
0.0
0.16666666666666666
0.16666666666666666
0.7
0.5
0.0
0.9
0.3333333333333333
0.16666666666666666
0.7
0.0
0.0
0.5
0.16666666666666666
0.0
0.16666666666666666
0.6
0.16666666666666666
0.16666666666666666
0.0
0.0
0.6
0.0
0.6666666666666666
0.0
0.9333333333333333
1.0
0.0
0.16666666666666666
0.16666666666666666
0.3333333333333333
0.8
0.16666666666666666
0.8333333333333334
0.8
0.3333333333333333
0.3333333333333333
0.5
0.5
0.0
1.0
0.0
0.3333333333333333
0.0
0.3333333333333333
0.8
0.5
0.16666666666666666
0.0
0.6666666666666666
1.0
0.0
0.8
0.3333333333333333
0.3333333333333333
0.16666666666666666
0.3333333333333333
0.8333333333333334
0.6
0.16666666666666666
0.0
0.0
0.5
0.16666666666666666
0.0
0.8
0.8333333333333334
0.16666666666666666
0.3333333333333333
0.9333333333333333

Average20: 0.1832517377982205	Count: 100
Average10: 0.2454145233851116	Count: 100
Average5: 0.2958968253968254	Count: 100
Average3: 0.34133333333333327	Count: 100
