--------------------------------
top-20
0.13438735177865613
0.22924901185770752
0.05789473684210526
0.042105263157894736
0.08225108225108226
0.07368421052631578
0.2597402597402597
0.31
0.1
0.15789473684210525
0.3384615384615385
0.13333333333333333
0.13157894736842105
0.1422924901185771
0.06315789473684211
0.13852813852813853
0.07368421052631578
0.21645021645021645
0.08571428571428572
0.21739130434782608
0.18571428571428572
0.308300395256917
0.2
0.17316017316017315
0.18095238095238095
0.021052631578947368
0.22666666666666666
0.3384615384615385
0.1631578947368421
0.11428571428571428
0.18
0.12554112554112554
0.3463203463203463
0.08947368421052632
0.42592592592592593
0.5517241379310345
0.05238095238095238
0.2210144927536232
0.12987012987012986
0.20952380952380953
0.1761904761904762
0.17028985507246377
0.11052631578947368
0.06060606060606061
0.1976284584980237
0.17786561264822134
0.1225296442687747
0.10952380952380952
0.05238095238095238
0.15810276679841898
0.12648221343873517
0.38769230769230767
0.07905138339920949
0.11255411255411256
0.16842105263157894
0.14761904761904762
0.18115942028985507
0.2826086956521739
0.36615384615384616
0.13333333333333333
0.11428571428571428
0.16666666666666666
0.06060606060606061
0.07792207792207792
0.233201581027668
0.08421052631578947
0.20948616600790515
0.04285714285714286
0.1
0.11255411255411256
0.18840579710144928
0.07894736842105263
0.21904761904761905
0.09523809523809523
0.04736842105263158
0.2553846153846154
0.15019762845849802
0.12987012987012986
0.26877470355731226
0.1976284584980237
0.2597402597402597
0.11428571428571428
0.07894736842105263
0.05238095238095238
0.0761904761904762
0.05238095238095238
0.06190476190476191
0.05714285714285714
0.20952380952380953
0.07894736842105263
0.1857707509881423
0.05263157894736842
0.16017316017316016
0.30303030303030304
0.021052631578947368
0.12987012987012986
0.08095238095238096
0.14624505928853754
0.15263157894736842
0.25
--------------------------------
top-10
0.022222222222222223
0.32051282051282054
0.14545454545454545
0.044444444444444446
0.044444444444444446
0.2
0.43956043956043955
0.18181818181818182
0.2
0.16666666666666666
0.3787878787878788
0.07272727272727272
0.12727272727272726
0.23636363636363636
0.08888888888888889
0.10606060606060606
0.03636363636363636
0.2727272727272727
0.12727272727272726
0.18181818181818182
0.24444444444444444
0.5824175824175825
0.5
0.10606060606060606
0.2727272727272727
0.0
0.41818181818181815
0.12121212121212122
0.5333333333333333
0.18181818181818182
0.022222222222222223
0.2
0.6583333333333333
0.2
0.19696969696969696
0.47619047619047616
0.14545454545454545
0.12727272727272726
0.16666666666666666
0.2909090909090909
0.36363636363636365
0.06666666666666667
0.07272727272727272
0.06666666666666667
0.2948717948717949
0.13333333333333333
0.0
0.12727272727272726
0.08888888888888889
0.044444444444444446
0.01818181818181818
0.4175824175824176
0.09090909090909091
0.2222222222222222
0.30303030303030304
0.13333333333333333
0.17777777777777778
0.03636363636363636
0.3090909090909091
0.24358974358974358
0.16666666666666666
0.24444444444444444
0.044444444444444446
0.06666666666666667
0.3333333333333333
0.14545454545454545
0.13636363636363635
0.13333333333333333
0.19696969696969696
0.2
0.2
0.09090909090909091
0.4358974358974359
0.09090909090909091
0.06666666666666667
0.06666666666666667
0.08888888888888889
0.16363636363636364
0.3333333333333333
0.15555555555555556
0.30303030303030304
0.24242424242424243
0.19696969696969696
0.09090909090909091
0.08888888888888889
0.0
0.10909090909090909
0.06666666666666667
0.25757575757575757
0.2222222222222222
0.07272727272727272
0.08888888888888889
0.14545454545454545
0.358974358974359
0.05454545454545454
0.21818181818181817
0.18181818181818182
0.03636363636363636
0.10909090909090909
0.32051282051282054
--------------------------------
top-5
0.1
0.2
0.26666666666666666
0.06666666666666667
0.0
0.26666666666666666
0.38095238095238093
0.26666666666666666
0.2
0.06666666666666667
0.3333333333333333
0.2
0.06666666666666667
0.1
0.2
0.1
0.0
0.42857142857142855
0.26666666666666666
0.42857142857142855
0.2857142857142857
0.42857142857142855
0.6428571428571429
0.0
0.26666666666666666
0.0
0.5238095238095238
0.0
0.6428571428571429
0.13333333333333333
0.1
0.26666666666666666
0.47619047619047616
0.13333333333333333
0.4
0.06666666666666667
0.0
0.4
0.3
0.2
0.38095238095238093
0.13333333333333333
0.1
0.2
0.2
0.3333333333333333
0.0
0.3
0.2
0.0
0.0
0.3333333333333333
0.13333333333333333
0.2
0.42857142857142855
0.26666666666666666
0.2857142857142857
0.06666666666666667
0.3333333333333333
0.06666666666666667
0.13333333333333333
0.6
0.2
0.2
0.38095238095238093
0.26666666666666666
0.0
0.42857142857142855
0.06666666666666667
0.13333333333333333
0.2
0.06666666666666667
0.6071428571428571
0.2
0.1
0.2
0.13333333333333333
0.2
0.3333333333333333
0.2
0.2857142857142857
0.26666666666666666
0.2
0.13333333333333333
0.2
0.0
0.13333333333333333
0.2
0.3333333333333333
0.38095238095238093
0.13333333333333333
0.2
0.2
0.38095238095238093
0.0
0.3333333333333333
0.06666666666666667
0.0
0.06666666666666667
0.23809523809523808
--------------------------------
top-3
0.3333333333333333
0.16666666666666666
0.6666666666666666
0.0
0.0
0.3333333333333333
0.16666666666666666
0.3333333333333333
0.16666666666666666
0.0
0.16666666666666666
0.3333333333333333
0.0
0.3333333333333333
0.3333333333333333
0.3333333333333333
0.0
0.5
0.5
0.16666666666666666
0.0
0.16666666666666666
0.6
0.0
0.3333333333333333
0.0
0.6
0.0
0.6
0.0
0.3333333333333333
0.16666666666666666
0.6666666666666666
0.16666666666666666
0.6
0.0
0.0
0.5
0.16666666666666666
0.3333333333333333
0.3333333333333333
0.16666666666666666
0.3333333333333333
0.3333333333333333
0.0
0.6
0.0
0.6666666666666666
0.16666666666666666
0.0
0.0
0.3333333333333333
0.0
0.6666666666666666
0.5
0.5
0.0
0.0
0.3333333333333333
0.0
0.3333333333333333
0.8
0.16666666666666666
0.3333333333333333
0.16666666666666666
0.5
0.0
0.16666666666666666
0.0
0.3333333333333333
0.0
0.0
0.6
0.16666666666666666
0.0
0.6666666666666666
0.0
0.3333333333333333
0.16666666666666666
0.6666666666666666
0.0
0.16666666666666666
0.6666666666666666
0.0
0.3333333333333333
0.0
0.0
0.3333333333333333
0.3333333333333333
0.16666666666666666
0.0
0.3333333333333333
0.3333333333333333
0.16666666666666666
0.0
0.6666666666666666
0.8333333333333334
0.0
0.0
0.0

Average20: 0.1590849964143422	Count: 100
Average10: 0.18572685647685638	Count: 100
Average5: 0.21569047619047602	Count: 100
Average3: 0.24733333333333338	Count: 100
