--------------------------------
top-20
0.07142857142857142
0.43103448275862066
0.08571428571428572
0.023809523809523808
0.05411255411255411
0.07142857142857142
0.19367588932806323
0.07792207792207792
0.19927536231884058
0.05238095238095238
0.5833333333333334
0.13438735177865613
0.08421052631578947
0.11428571428571428
0.233201581027668
0.11904761904761904
0.07312252964426877
0.4057971014492754
0.08421052631578947
0.2683982683982684
0.15019762845849802
0.4533333333333333
0.2523809523809524
0.3
0.10952380952380952
0.23666666666666666
0.2153846153846154
0.2572463768115942
0.1368421052631579
0.19367588932806323
0.12857142857142856
0.08095238095238096
0.17316017316017315
0.1523809523809524
0.47096774193548385
0.10476190476190476
0.26842105263157895
0.22077922077922077
0.09523809523809523
0.13157894736842105
0.15714285714285714
0.12845849802371542
0.1
0.2826086956521739
0.16205533596837945
0.19047619047619047
0.17028985507246377
0.07368421052631578
0.047619047619047616
0.06190476190476191
0.0380952380952381
0.39
0.1380952380952381
0.49798387096774194
0.17142857142857143
0.12857142857142856
0.39076923076923076
0.05194805194805195
0.16666666666666666
0.12857142857142856
0.05238095238095238
0.17391304347826086
0.1541501976284585
0.28923076923076924
0.3476190476190476
0.16600790513833993
0.23666666666666666
0.10476190476190476
0.11428571428571428
0.2571428571428571
0.28421052631578947
0.06666666666666667
0.14285714285714285
0.10822510822510822
0.16205533596837945
0.1
0.20553359683794467
0.16
0.11688311688311688
0.2
0.52
0.13852813852813853
0.042105263157894736
0.09047619047619047
0.19202898550724637
0.05844155844155844
0.07142857142857142
0.14285714285714285
0.31601731601731603
0.04285714285714286
0.35144927536231885
0.05627705627705628
0.27
0.2523076923076923
0.08571428571428572
0.3203463203463203
0.08658008658008658
0.11578947368421053
0.10476190476190476
0.37549407114624506
--------------------------------
top-10
0.10606060606060606
0.38461538461538464
0.21818181818181817
0.022222222222222223
0.03636363636363636
0.14545454545454545
0.4
0.14545454545454545
0.28205128205128205
0.06666666666666667
0.7279411764705882
0.18181818181818182
0.10909090909090909
0.32727272727272727
0.2909090909090909
0.34545454545454546
0.03636363636363636
0.4
0.26666666666666666
0.4230769230769231
0.05454545454545454
0.6476190476190476
0.4835164835164835
0.18181818181818182
0.14545454545454545
0.07272727272727272
0.3333333333333333
0.12727272727272726
0.2727272727272727
0.3333333333333333
0.01818181818181818
0.19696969696969696
0.3090909090909091
0.3333333333333333
0.3717948717948718
0.22727272727272727
0.696969696969697
0.25757575757575757
0.2222222222222222
0.4
0.6222222222222222
0.36363636363636365
0.2222222222222222
0.24358974358974358
0.13636363636363635
0.16363636363636364
0.2
0.2
0.09090909090909091
0.08888888888888889
0.044444444444444446
0.4175824175824176
0.14545454545454545
0.4095238095238095
0.18181818181818182
0.3076923076923077
0.5147058823529411
0.09090909090909091
0.30303030303030304
0.2
0.05454545454545454
0.2545454545454545
0.2222222222222222
0.24358974358974358
0.42857142857142855
0.5333333333333333
0.16666666666666666
0.14393939393939395
0.15151515151515152
0.38461538461538464
0.3333333333333333
0.16363636363636364
0.25757575757575757
0.07272727272727272
0.24444444444444444
0.24444444444444444
0.2222222222222222
0.022222222222222223
0.10909090909090909
0.16363636363636364
0.7047619047619048
0.18181818181818182
0.07272727272727272
0.24444444444444444
0.08888888888888889
0.05555555555555555
0.06666666666666667
0.12727272727272726
0.31868131868131866
0.022222222222222223
0.37362637362637363
0.044444444444444446
0.32051282051282054
0.22727272727272727
0.19696969696969696
0.4065934065934066
0.15555555555555556
0.1111111111111111
0.24444444444444444
0.5583333333333333
--------------------------------
top-5
0.2
0.2
0.5333333333333333
0.0
0.1
0.2
0.3333333333333333
0.13333333333333333
0.2
0.2
0.7777777777777778
0.7
0.2
0.42857142857142855
0.5714285714285714
0.5714285714285714
0.0
0.26666666666666666
0.4
0.40476190476190477
0.0
0.6388888888888888
0.7619047619047619
0.3
0.23809523809523808
0.1
0.47619047619047616
0.2
0.4666666666666667
0.26666666666666666
0.0
0.13333333333333333
0.6
0.5
0.4666666666666667
0.2
0.7638888888888888
0.06666666666666667
0.6
0.5714285714285714
0.7777777777777778
0.5238095238095238
0.3
0.5
0.13333333333333333
0.5333333333333333
0.26666666666666666
0.23809523809523808
0.26666666666666666
0.0
0.1
0.23809523809523808
0.5
0.4
0.06666666666666667
0.5
0.23809523809523808
0.1
0.26666666666666666
0.06666666666666667
0.0
0.4666666666666667
0.4666666666666667
0.2
0.4642857142857143
0.6428571428571429
0.2
0.36666666666666664
0.0
0.2
0.42857142857142855
0.2
0.2
0.1
0.4
0.5714285714285714
0.13333333333333333
0.1
0.1
0.4
0.7777777777777778
0.2
0.0
0.4
0.3
0.2
0.1
0.3333333333333333
0.13333333333333333
0.1
0.23809523809523808
0.13333333333333333
0.3333333333333333
0.3333333333333333
0.2
0.4642857142857143
0.36666666666666664
0.13333333333333333
0.5
0.5277777777777778
--------------------------------
top-3
0.3333333333333333
0.16666666666666666
0.5
0.0
0.3333333333333333
0.3333333333333333
0.16666666666666666
0.0
0.16666666666666666
0.16666666666666666
0.8
0.7
0.16666666666666666
0.5
0.6
0.8
0.0
0.16666666666666666
0.8333333333333334
0.16666666666666666
0.0
0.6
0.8
0.3333333333333333
0.0
0.3333333333333333
0.6
0.3333333333333333
0.5
0.5833333333333334
0.0
0.3333333333333333
0.8
0.5
0.5
0.3333333333333333
0.7666666666666667
0.0
0.7
0.6
0.8
0.5
0.3333333333333333
0.8333333333333334
0.3333333333333333
0.6666666666666666
0.3333333333333333
0.0
0.3333333333333333
0.0
0.16666666666666666
0.0
0.45
0.6666666666666666
0.0
0.6666666666666666
0.0
0.3333333333333333
0.3333333333333333
0.0
0.0
0.8333333333333334
0.5
0.16666666666666666
0.3333333333333333
0.8
0.16666666666666666
0.4166666666666667
0.0
0.0
0.5
0.3333333333333333
0.16666666666666666
0.0
0.6666666666666666
1.0
0.0
0.0
0.3333333333333333
0.5
0.8
0.3333333333333333
0.0
0.16666666666666666
0.5
0.3333333333333333
0.0
1.0
0.3333333333333333
0.0
0.0
0.0
0.5
0.16666666666666666
0.6666666666666666
0.3333333333333333
0.4166666666666667
0.0
0.5
0.45

Average20: 0.1804526030276671	Count: 100
Average10: 0.24486833428009894	Count: 100
Average5: 0.31201984126984117	Count: 100
Average3: 0.35483333333333333	Count: 100
