--------------------------------
top-20
0.02857142857142857
0.33992094861660077
0.05263157894736842
0.06315789473684211
0.09523809523809523
0.0761904761904762
0.2463768115942029
0.08095238095238096
0.14285714285714285
0.1038961038961039
0.5608465608465608
0.09090909090909091
0.042105263157894736
0.2727272727272727
0.14624505928853754
0.13333333333333333
0.05263157894736842
0.39384615384615385
0.1
0.12554112554112554
0.2391304347826087
0.47
0.16666666666666666
0.15579710144927536
0.21428571428571427
0.21739130434782608
0.25
0.31521739130434784
0.17142857142857143
0.08571428571428572
0.12121212121212122
0.0380952380952381
0.30666666666666664
0.18095238095238095
0.38
0.09473684210526316
0.09473684210526316
0.12554112554112554
0.36
0.05789473684210526
0.19047619047619047
0.03333333333333333
0.09047619047619047
0.31
0.21645021645021645
0.19927536231884058
0.17391304347826086
0.1523809523809524
0.08095238095238096
0.031578947368421054
0.01904761904761905
0.33
0.07142857142857142
0.5954022988505747
0.20476190476190476
0.08421052631578947
0.32806324110671936
0.06315789473684211
0.20952380952380953
0.15263157894736842
0.09090909090909091
0.14285714285714285
0.17391304347826086
0.37606837606837606
0.17316017316017315
0.0380952380952381
0.3
0.01904761904761905
0.06190476190476191
0.23809523809523808
0.28421052631578947
0.13157894736842105
0.20526315789473684
0.12857142857142856
0.15810276679841898
0.0380952380952381
0.29
0.22826086956521738
0.1422924901185771
0.18333333333333332
0.36
0.17028985507246377
0.05789473684210526
0.07792207792207792
0.17786561264822134
0.09090909090909091
0.05627705627705628
0.09047619047619047
0.1523809523809524
0.06493506493506493
0.1341991341991342
0.12318840579710146
0.2134387351778656
0.3076923076923077
0.08947368421052632
0.16205533596837945
0.04285714285714286
0.08947368421052632
0.21014492753623187
0.19047619047619047
--------------------------------
top-10
0.03636363636363636
0.41025641025641024
0.08888888888888889
0.05454545454545454
0.10909090909090909
0.14545454545454545
0.12727272727272726
0.23636363636363636
0.12121212121212122
0.2
0.6083333333333333
0.01818181818181818
0.022222222222222223
0.3181818181818182
0.13333333333333333
0.2909090909090909
0.08888888888888889
0.24242424242424243
0.2727272727272727
0.14545454545454545
0.14545454545454545
0.5714285714285714
0.3333333333333333
0.05454545454545454
0.30303030303030304
0.06666666666666667
0.3076923076923077
0.28205128205128205
0.23076923076923078
0.06666666666666667
0.022222222222222223
0.1111111111111111
0.25757575757575757
0.3939393939393939
0.48484848484848486
0.19696969696969696
0.19696969696969696
0.22727272727272727
0.24358974358974358
0.12727272727272726
0.4666666666666667
0.044444444444444446
0.3333333333333333
0.2564102564102564
0.3333333333333333
0.10909090909090909
0.3111111111111111
0.3333333333333333
0.14545454545454545
0.022222222222222223
0.0
0.30303030303030304
0.12727272727272726
0.49523809523809526
0.24242424242424243
0.2
0.5512820512820513
0.0
0.23636363636363636
0.15151515151515152
0.14545454545454545
0.21794871794871795
0.16363636363636364
0.30303030303030304
0.12727272727272726
0.022222222222222223
0.3333333333333333
0.0
0.03636363636363636
0.3956043956043956
0.3333333333333333
0.13636363636363635
0.3333333333333333
0.09090909090909091
0.32727272727272727
0.06666666666666667
0.3090909090909091
0.25757575757575757
0.09090909090909091
0.044444444444444446
0.3333333333333333
0.07272727272727272
0.1111111111111111
0.08888888888888889
0.08888888888888889
0.1111111111111111
0.022222222222222223
0.1111111111111111
0.05454545454545454
0.05454545454545454
0.13333333333333333
0.044444444444444446
0.3787878787878788
0.2
0.15151515151515152
0.10909090909090909
0.0
0.06666666666666667
0.14545454545454545
0.13636363636363635
--------------------------------
top-5
0.0
0.47619047619047616
0.13333333333333333
0.0
0.06666666666666667
0.06666666666666667
0.06666666666666667
0.2
0.0
0.42857142857142855
0.47619047619047616
0.0
0.0
0.42857142857142855
0.2
0.47619047619047616
0.06666666666666667
0.13333333333333333
0.42857142857142855
0.0
0.13333333333333333
0.47619047619047616
0.3333333333333333
0.1
0.38095238095238093
0.06666666666666667
0.26666666666666666
0.1
0.0
0.0
0.0
0.2
0.47619047619047616
0.5714285714285714
0.6785714285714286
0.0
0.2
0.1
0.2
0.06666666666666667
0.7857142857142857
0.13333333333333333
0.4
0.3
0.06666666666666667
0.26666666666666666
0.4666666666666667
0.2857142857142857
0.2
0.0
0.0
0.42857142857142855
0.13333333333333333
0.4
0.13333333333333333
0.23809523809523808
0.9166666666666666
0.0
0.13333333333333333
0.06666666666666667
0.2
0.0
0.26666666666666666
0.5333333333333333
0.4
0.0
0.42857142857142855
0.0
0.1
0.13333333333333333
0.3333333333333333
0.0
0.2857142857142857
0.0
0.26666666666666666
0.2
0.3333333333333333
0.26666666666666666
0.13333333333333333
0.1
0.47619047619047616
0.0
0.06666666666666667
0.1
0.2
0.3333333333333333
0.1
0.26666666666666666
0.06666666666666667
0.1
0.1
0.0
0.5333333333333333
0.2
0.0
0.1
0.0
0.13333333333333333
0.0
0.2
--------------------------------
top-3
0.0
0.5
0.0
0.0
0.0
0.0
0.0
0.3333333333333333
0.0
0.16666666666666666
0.16666666666666666
0.0
0.0
0.5
0.3333333333333333
0.5
0.0
0.3333333333333333
0.16666666666666666
0.0
0.0
0.6666666666666666
0.16666666666666666
0.16666666666666666
0.16666666666666666
0.0
0.5
0.0
0.0
0.0
0.0
0.16666666666666666
0.6666666666666666
0.3333333333333333
0.7
0.0
0.16666666666666666
0.3333333333333333
0.16666666666666666
0.0
1.0
0.0
0.6666666666666666
0.5
0.0
0.16666666666666666
0.6
0.0
0.16666666666666666
0.0
0.0
0.5
0.0
0.6666666666666666
0.0
0.0
1.0
0.0
0.0
0.0
0.3333333333333333
0.0
0.3333333333333333
0.8
0.5
0.0
0.5
0.0
0.16666666666666666
0.0
0.3333333333333333
0.0
0.3333333333333333
0.0
0.3333333333333333
0.3333333333333333
0.3333333333333333
0.16666666666666666
0.0
0.3333333333333333
0.5
0.0
0.0
0.3333333333333333
0.3333333333333333
0.3333333333333333
0.3333333333333333
1.0
0.0
0.16666666666666666
0.0
0.0
0.9
0.16666666666666666
0.0
0.16666666666666666
0.0
0.16666666666666666
0.0
0.16666666666666666

Average20: 0.16996219412917107	Count: 100
Average10: 0.1910494782994783	Count: 100
Average5: 0.20309523809523808	Count: 100
Average3: 0.2183333333333333	Count: 100
