--------------------------------
top-20
0.07142857142857142
0.5197044334975369
0.08571428571428572
0.023809523809523808
0.06060606060606061
0.07142857142857142
0.20553359683794467
0.08225108225108226
0.2210144927536232
0.05238095238095238
0.6166666666666667
0.14624505928853754
0.08421052631578947
0.11428571428571428
0.2450592885375494
0.11904761904761904
0.08300395256916997
0.427536231884058
0.08421052631578947
0.2727272727272727
0.16205533596837945
0.4866666666666667
0.2523809523809524
0.3333333333333333
0.10952380952380952
0.27
0.26153846153846155
0.27898550724637683
0.1368421052631579
0.20553359683794467
0.12857142857142856
0.08095238095238096
0.1774891774891775
0.1523809523809524
0.589247311827957
0.10476190476190476
0.26842105263157895
0.22510822510822512
0.09523809523809523
0.13157894736842105
0.15714285714285714
0.13438735177865613
0.1
0.30434782608695654
0.17391304347826086
0.19480519480519481
0.19202898550724637
0.07368421052631578
0.047619047619047616
0.06666666666666667
0.0380952380952381
0.42333333333333334
0.1380952380952381
0.6310483870967742
0.17142857142857143
0.12857142857142856
0.4369230769230769
0.05627705627705628
0.16666666666666666
0.12857142857142856
0.05238095238095238
0.1857707509881423
0.16600790513833993
0.3353846153846154
0.3476190476190476
0.17786561264822134
0.27
0.10476190476190476
0.11428571428571428
0.2571428571428571
0.28421052631578947
0.06666666666666667
0.14285714285714285
0.11255411255411256
0.17391304347826086
0.1
0.21739130434782608
0.19333333333333333
0.12121212121212122
0.23333333333333334
0.5661538461538461
0.14285714285714285
0.042105263157894736
0.09047619047619047
0.213768115942029
0.06493506493506493
0.07142857142857142
0.1471861471861472
0.3203463203463203
0.04285714285714286
0.37318840579710144
0.06060606060606061
0.30333333333333334
0.29846153846153844
0.08571428571428572
0.3246753246753247
0.09090909090909091
0.11578947368421053
0.10476190476190476
0.38735177865612647
--------------------------------
top-10
0.12121212121212122
0.45054945054945056
0.21818181818181817
0.022222222222222223
0.03636363636363636
0.14545454545454545
0.4
0.14545454545454545
0.32051282051282054
0.06666666666666667
0.8823529411764706
0.18181818181818182
0.10909090909090909
0.32727272727272727
0.2909090909090909
0.34545454545454546
0.03636363636363636
0.49523809523809526
0.26666666666666666
0.46153846153846156
0.05454545454545454
0.7428571428571429
0.5494505494505495
0.19696969696969696
0.14545454545454545
0.07272727272727272
0.3333333333333333
0.12727272727272726
0.2878787878787879
0.3484848484848485
0.01818181818181818
0.21212121212121213
0.3090909090909091
0.3484848484848485
0.41025641025641024
0.24242424242424243
0.7121212121212122
0.2727272727272727
0.2222222222222222
0.4
0.6222222222222222
0.36363636363636365
0.2222222222222222
0.28205128205128205
0.15151515151515152
0.16363636363636364
0.2
0.2
0.09090909090909091
0.08888888888888889
0.044444444444444446
0.4835164835164835
0.14545454545454545
0.5047619047619047
0.19696969696969696
0.34615384615384615
0.6691176470588235
0.10909090909090909
0.3181818181818182
0.2
0.05454545454545454
0.2545454545454545
0.2222222222222222
0.28205128205128205
0.5238095238095238
0.5333333333333333
0.18181818181818182
0.15151515151515152
0.16666666666666666
0.45054945054945056
0.3484848484848485
0.16363636363636364
0.2727272727272727
0.07272727272727272
0.24444444444444444
0.24444444444444444
0.2222222222222222
0.022222222222222223
0.10909090909090909
0.16363636363636364
0.8
0.19696969696969696
0.07272727272727272
0.24444444444444444
0.08888888888888889
0.06666666666666667
0.06666666666666667
0.12727272727272726
0.38461538461538464
0.022222222222222223
0.43956043956043955
0.044444444444444446
0.358974358974359
0.24242424242424243
0.21212121212121213
0.4725274725274725
0.15555555555555556
0.1111111111111111
0.24444444444444444
0.6583333333333333
--------------------------------
top-5
0.2
0.2
0.5333333333333333
0.0
0.1
0.2
0.38095238095238093
0.13333333333333333
0.2
0.2
1.0
0.7
0.2
0.47619047619047616
0.6190476190476191
0.6190476190476191
0.0
0.26666666666666666
0.4
0.42857142857142855
0.0
0.8055555555555556
0.8095238095238095
0.3
0.2857142857142857
0.1
0.5238095238095238
0.2
0.4666666666666667
0.26666666666666666
0.0
0.13333333333333333
0.6
0.6071428571428571
0.4666666666666667
0.2
0.9166666666666666
0.06666666666666667
0.6
0.6785714285714286
0.9444444444444444
0.5714285714285714
0.3
0.5
0.13333333333333333
0.5333333333333333
0.26666666666666666
0.2857142857142857
0.26666666666666666
0.0
0.1
0.2857142857142857
0.5
0.4
0.06666666666666667
0.5
0.2857142857142857
0.1
0.26666666666666666
0.06666666666666667
0.0
0.4666666666666667
0.4666666666666667
0.2
0.5714285714285714
0.75
0.2
0.4666666666666667
0.0
0.2
0.47619047619047616
0.2
0.2
0.1
0.4
0.6190476190476191
0.13333333333333333
0.1
0.1
0.4
1.0
0.2
0.0
0.4
0.3
0.2
0.1
0.3333333333333333
0.13333333333333333
0.1
0.2857142857142857
0.13333333333333333
0.3333333333333333
0.3333333333333333
0.2
0.5714285714285714
0.4666666666666667
0.13333333333333333
0.5
0.6111111111111112
--------------------------------
top-3
0.3333333333333333
0.16666666666666666
0.6
0.0
0.3333333333333333
0.3333333333333333
0.16666666666666666
0.0
0.16666666666666666
0.16666666666666666
1.0
0.8
0.16666666666666666
0.6
0.7
0.9
0.0
0.16666666666666666
0.8333333333333334
0.16666666666666666
0.0
0.7
1.0
0.3333333333333333
0.0
0.3333333333333333
0.7
0.3333333333333333
0.5
0.6666666666666666
0.0
0.3333333333333333
0.9
0.6
0.5
0.3333333333333333
0.9333333333333333
0.0
0.8
0.7
1.0
0.6
0.3333333333333333
0.8333333333333334
0.3333333333333333
0.6666666666666666
0.3333333333333333
0.0
0.3333333333333333
0.0
0.16666666666666666
0.0
0.5
0.6666666666666666
0.0
0.6666666666666666
0.0
0.3333333333333333
0.3333333333333333
0.0
0.0
0.8333333333333334
0.6
0.16666666666666666
0.3333333333333333
0.9
0.16666666666666666
0.5
0.0
0.0
0.5
0.3333333333333333
0.16666666666666666
0.0
0.6666666666666666
1.0
0.0
0.0
0.3333333333333333
0.5
1.0
0.3333333333333333
0.0
0.16666666666666666
0.5
0.3333333333333333
0.0
1.0
0.3333333333333333
0.0
0.0
0.0
0.5
0.16666666666666666
0.6666666666666666
0.3333333333333333
0.5
0.0
0.5
0.5

Average20: 0.19304675228493237	Count: 100
Average10: 0.2642736413912884	Count: 100
Average5: 0.3364206349206348	Count: 100
Average3: 0.382	Count: 100
