--------------------------------
top-20
0.11428571428571428
0.14492753623188406
0.08421052631578947
0.02857142857142857
0.1038961038961039
0.03684210526315789
0.17391304347826086
0.20346320346320346
0.18095238095238095
0.1225296442687747
0.3466666666666667
0.06666666666666667
0.07368421052631578
0.11956521739130435
0.11428571428571428
0.042105263157894736
0.19833333333333333
0.30434782608695654
0.11578947368421053
0.27705627705627706
0.13405797101449277
0.1956521739130435
0.15151515151515152
0.26811594202898553
0.11428571428571428
0.03333333333333333
0.1368421052631579
0.22134387351778656
0.09473684210526316
0.13333333333333333
0.0735930735930736
0.03684210526315789
0.4166666666666667
0.11578947368421053
0.4068965517241379
0.2554112554112554
0.1
0.1857707509881423
0.13333333333333333
0.2210144927536232
0.21846153846153846
0.05194805194805195
0.14210526315789473
0.0380952380952381
0.1471861471861472
0.11688311688311688
0.0735930735930736
0.09523809523809523
0.10526315789473684
0.05627705627705628
0.08658008658008658
0.2826086956521739
0.08300395256916997
0.06493506493506493
0.23684210526315788
0.1380952380952381
0.33
0.06521739130434782
0.24110671936758893
0.07380952380952381
0.08571428571428572
0.12648221343873517
0.16923076923076924
0.08225108225108226
0.18421052631578946
0.22105263157894736
0.20346320346320346
0.11857707509881422
0.1
0.14285714285714285
0.15942028985507245
0.09047619047619047
0.11462450592885376
0.08095238095238096
0.12105263157894737
0.0761904761904762
0.12554112554112554
0.16996047430830039
0.2077922077922078
0.12648221343873517
0.27705627705627706
0.04736842105263158
0.03684210526315789
0.24285714285714285
0.05714285714285714
0.19523809523809524
0.07792207792207792
0.0761904761904762
0.2
0.13333333333333333
0.1857707509881423
0.05263157894736842
0.11904761904761904
0.19523809523809524
0.02631578947368421
0.2924901185770751
0.13666666666666666
0.3646723646723647
0.07142857142857142
0.2753623188405797
--------------------------------
top-10
0.3333333333333333
0.22727272727272727
0.06666666666666667
0.06666666666666667
0.13333333333333333
0.06666666666666667
0.16666666666666666
0.12727272727272726
0.3181818181818182
0.10909090909090909
0.36363636363636365
0.09090909090909091
0.08888888888888889
0.2
0.28888888888888886
0.03636363636363636
0.022222222222222223
0.2857142857142857
0.16363636363636364
0.4835164835164835
0.09090909090909091
0.15151515151515152
0.36363636363636365
0.05454545454545454
0.18181818181818182
0.022222222222222223
0.41818181818181815
0.1111111111111111
0.16666666666666666
0.3076923076923077
0.03636363636363636
0.06666666666666667
0.6083333333333333
0.16363636363636364
0.24358974358974358
0.22727272727272727
0.2545454545454545
0.2727272727272727
0.2545454545454545
0.5111111111111111
0.19230769230769232
0.01818181818181818
0.16363636363636364
0.06666666666666667
0.12121212121212122
0.044444444444444446
0.05454545454545454
0.14545454545454545
0.4
0.06666666666666667
0.022222222222222223
0.3333333333333333
0.07272727272727272
0.044444444444444446
0.4393939393939394
0.26666666666666666
0.4
0.0
0.18181818181818182
0.09090909090909091
0.12727272727272726
0.14545454545454545
0.06666666666666667
0.044444444444444446
0.25757575757575757
0.358974358974359
0.10606060606060606
0.2222222222222222
0.13636363636363635
0.08888888888888889
0.09090909090909091
0.14545454545454545
0.24444444444444444
0.05454545454545454
0.17777777777777778
0.022222222222222223
0.14545454545454545
0.16363636363636364
0.14545454545454545
0.10606060606060606
0.44871794871794873
0.12121212121212122
0.06666666666666667
0.45454545454545453
0.15555555555555556
0.09090909090909091
0.05454545454545454
0.2
0.22727272727272727
0.35555555555555557
0.10909090909090909
0.022222222222222223
0.2
0.19696969696969696
0.05454545454545454
0.34065934065934067
0.022222222222222223
0.16666666666666666
0.15555555555555556
0.28205128205128205
--------------------------------
top-5
0.6666666666666666
0.2
0.13333333333333333
0.06666666666666667
0.3333333333333333
0.0
0.1
0.1
0.23809523809523808
0.0
0.5238095238095238
0.26666666666666666
0.06666666666666667
0.0
0.5238095238095238
0.1
0.1
0.2
0.4666666666666667
0.44642857142857145
0.1
0.13333333333333333
0.5714285714285714
0.1
0.06666666666666667
0.0
0.5
0.3
0.3333333333333333
0.23809523809523808
0.0
0.1
0.6111111111111112
0.13333333333333333
0.2
0.06666666666666667
0.3333333333333333
0.6
0.8
0.6785714285714286
0.13333333333333333
0.0
0.2
0.2
0.0
0.1
0.2
0.26666666666666666
0.5
0.0
0.1
0.5357142857142857
0.0
0.0
0.5357142857142857
0.2857142857142857
0.26666666666666666
0.0
0.13333333333333333
0.06666666666666667
0.06666666666666667
0.5
0.1
0.2
0.4666666666666667
0.2857142857142857
0.0
0.5
0.0
0.1
0.3
0.4
0.4
0.0
0.4
0.1
0.06666666666666667
0.2
0.2
0.1
0.42857142857142855
0.2
0.13333333333333333
0.6428571428571429
0.3333333333333333
0.1
0.0
0.5333333333333333
0.06666666666666667
0.42857142857142855
0.0
0.1
0.1
0.26666666666666666
0.06666666666666667
0.3
0.0
0.0
0.2
0.2
--------------------------------
top-3
0.8
0.16666666666666666
0.0
0.0
0.75
0.0
0.16666666666666666
0.16666666666666666
0.0
0.0
0.7
0.3333333333333333
0.0
0.0
0.6666666666666666
0.16666666666666666
0.3333333333333333
0.3333333333333333
0.8333333333333334
0.3333333333333333
0.0
0.0
0.7
0.3333333333333333
0.0
0.0
0.5
0.3333333333333333
0.5
0.0
0.0
0.0
0.5
0.16666666666666666
0.16666666666666666
0.0
0.75
0.5
0.9
0.6
0.16666666666666666
0.0
0.16666666666666666
0.3333333333333333
0.0
0.0
0.16666666666666666
1.0
0.5
0.0
0.0
0.5
0.0
0.0
0.5
0.3333333333333333
0.3333333333333333
0.0
0.0
0.0
0.0
0.6666666666666666
0.16666666666666666
0.3333333333333333
0.5
0.3333333333333333
0.0
0.45
0.0
0.16666666666666666
0.5
0.5
0.3333333333333333
0.0
0.3333333333333333
0.0
0.0
0.16666666666666666
0.3333333333333333
0.3333333333333333
0.5
0.0
0.16666666666666666
0.5
0.5
0.16666666666666666
0.0
0.8333333333333334
0.0
0.16666666666666666
0.0
0.3333333333333333
0.3333333333333333
0.16666666666666666
0.0
0.16666666666666666
0.0
0.0
0.3333333333333333
0.6666666666666666

Average20: 0.1469778208156847	Count: 100
Average10: 0.17845496170496158	Count: 100
Average5: 0.22407539682539682	Count: 100
Average3: 0.25649999999999995	Count: 100
