--------------------------------
top-20
0.014285714285714285
0.3415384615384615
0.06842105263157895
0.12857142857142856
0.08102766798418973
0.11904761904761904
0.1523809523809524
0.17142857142857143
0.1
0.20346320346320346
0.38333333333333336
0.08658008658008658
0.023809523809523808
0.30632411067193677
0.06315789473684211
0.07142857142857142
0.09307359307359307
0.38735177865612647
0.07894736842105263
0.20952380952380953
0.25
0.4368421052631579
0.22857142857142856
0.11462450592885376
0.26406926406926406
0.03333333333333333
0.12380952380952381
0.4153846153846154
0.07368421052631578
0.09523809523809523
0.0761904761904762
0.18923076923076923
0.213768115942029
0.20952380952380953
0.3076923076923077
0.07894736842105263
0.12631578947368421
0.18614718614718614
0.31166666666666665
0.12105263157894737
0.14761904761904762
0.02619047619047619
0.11428571428571428
0.06190476190476191
0.26877470355731226
0.06060606060606061
0.15584415584415584
0.21645021645021645
0.09956709956709957
0.14736842105263157
0.014285714285714285
0.36615384615384616
0.047619047619047616
0.46881720430107526
0.15714285714285714
0.2510822510822511
0.4031620553359684
0.0735930735930736
0.22529644268774704
0.2648221343873518
0.13852813852813853
0.21666666666666667
0.08095238095238096
0.26666666666666666
0.28063241106719367
0.1038961038961039
0.2857142857142857
0.005263157894736842
0.09473684210526316
0.17142857142857143
0.34285714285714286
0.08947368421052632
0.031578947368421054
0.14210526315789473
0.0761904761904762
0.09881422924901186
0.24333333333333335
0.28615384615384615
0.16017316017316016
0.13405797101449277
0.5969230769230769
0.16883116883116883
0.12105263157894737
0.06926406926406926
0.16666666666666666
0.07312252964426877
0.06926406926406926
0.06926406926406926
0.35177865612648224
0.047619047619047616
0.09956709956709957
0.030303030303030304
0.25
0.2953846153846154
0.05238095238095238
0.19913419913419914
0.05844155844155844
0.05789473684210526
0.26461538461538464
0.44664031620553357
--------------------------------
top-10
0.022222222222222223
0.2878787878787879
0.15555555555555556
0.10909090909090909
0.07272727272727272
0.2878787878787879
0.3111111111111111
0.3333333333333333
0.19696969696969696
0.37362637362637363
0.5
0.01818181818181818
0.022222222222222223
0.4166666666666667
0.06666666666666667
0.13333333333333333
0.07272727272727272
0.45054945054945056
0.23636363636363636
0.3974358974358974
0.18181818181818182
0.3523809523809524
0.42857142857142855
0.12121212121212122
0.38461538461538464
0.08888888888888889
0.20512820512820512
0.38095238095238093
0.09090909090909091
0.2222222222222222
0.0
0.1111111111111111
0.21794871794871795
0.4696969696969697
0.4
0.05454545454545454
0.25757575757575757
0.2564102564102564
0.23484848484848486
0.38181818181818183
0.24444444444444444
0.06666666666666667
0.26666666666666666
0.022222222222222223
0.34065934065934067
0.08888888888888889
0.2909090909090909
0.25757575757575757
0.19696969696969696
0.08333333333333333
0.0
0.4380952380952381
0.08888888888888889
0.3904761904761905
0.21212121212121213
0.5
0.6043956043956044
0.0
0.2
0.2564102564102564
0.15151515151515152
0.2727272727272727
0.07272727272727272
0.23636363636363636
0.3717948717948718
0.15555555555555556
0.37362637362637363
0.0
0.2
0.2564102564102564
0.6153846153846154
0.1111111111111111
0.09090909090909091
0.15151515151515152
0.10909090909090909
0.2222222222222222
0.3090909090909091
0.2948717948717949
0.16363636363636364
0.15151515151515152
0.8014705882352942
0.16666666666666666
0.37777777777777777
0.13333333333333333
0.06666666666666667
0.03333333333333333
0.12727272727272726
0.15555555555555556
0.32051282051282054
0.09090909090909091
0.05454545454545454
0.044444444444444446
0.3974358974358974
0.3333333333333333
0.12121212121212122
0.32727272727272727
0.022222222222222223
0.07272727272727272
0.14545454545454545
0.675
--------------------------------
top-5
0.1
0.2
0.3333333333333333
0.2
0.06666666666666667
0.2857142857142857
0.3333333333333333
0.3333333333333333
0.2
0.38095238095238093
0.75
0.0
0.0
0.5535714285714286
0.2
0.2
0.06666666666666667
0.5714285714285714
0.2857142857142857
0.5714285714285714
0.13333333333333333
0.13333333333333333
0.5
0.0
0.5357142857142857
0.13333333333333333
0.06666666666666667
0.13333333333333333
0.06666666666666667
0.3333333333333333
0.0
0.2
0.13333333333333333
0.6388888888888888
0.38095238095238093
0.0
0.4666666666666667
0.26666666666666666
0.26666666666666666
0.6071428571428571
0.06666666666666667
0.13333333333333333
0.26666666666666666
0.1
0.06666666666666667
0.2
0.4666666666666667
0.2857142857142857
0.3
0.0
0.0
0.5238095238095238
0.13333333333333333
0.3333333333333333
0.13333333333333333
0.6944444444444444
0.8333333333333334
0.0
0.26666666666666666
0.2
0.2
0.6666666666666666
0.2
0.4666666666666667
0.5714285714285714
0.3333333333333333
0.42857142857142855
0.0
0.3333333333333333
0.2
0.7142857142857143
0.1
0.13333333333333333
0.1
0.1
0.5333333333333333
0.38095238095238093
0.26666666666666666
0.13333333333333333
0.2
0.7777777777777778
0.06666666666666667
0.6666666666666666
0.1
0.2
0.13333333333333333
0.2
0.4
0.5238095238095238
0.1
0.13333333333333333
0.0
0.42857142857142855
0.3333333333333333
0.0
0.47619047619047616
0.0
0.1
0.1
0.7555555555555555
--------------------------------
top-3
0.3333333333333333
0.16666666666666666
0.6666666666666666
0.16666666666666666
0.0
0.16666666666666666
0.16666666666666666
0.3333333333333333
0.16666666666666666
0.16666666666666666
0.8
0.0
0.0
0.55
0.3333333333333333
0.0
0.0
0.5
0.16666666666666666
0.7666666666666667
0.0
0.3333333333333333
0.5
0.0
0.5
0.3333333333333333
0.0
0.0
0.0
0.5833333333333334
0.0
0.16666666666666666
0.16666666666666666
0.6
0.5
0.0
0.75
0.3333333333333333
0.16666666666666666
0.6
0.0
0.0
0.5
0.16666666666666666
0.0
0.16666666666666666
0.5
0.16666666666666666
0.16666666666666666
0.0
0.0
0.5
0.0
0.6666666666666666
0.0
0.7666666666666667
0.8
0.0
0.16666666666666666
0.16666666666666666
0.3333333333333333
0.7
0.16666666666666666
0.8333333333333334
0.7
0.3333333333333333
0.3333333333333333
0.3333333333333333
0.5
0.0
0.8
0.0
0.3333333333333333
0.0
0.3333333333333333
0.7
0.5
0.16666666666666666
0.0
0.6666666666666666
0.8
0.0
0.7
0.3333333333333333
0.3333333333333333
0.16666666666666666
0.3333333333333333
0.8333333333333334
0.5
0.16666666666666666
0.0
0.0
0.5
0.16666666666666666
0.0
0.7
0.5
0.16666666666666666
0.3333333333333333
0.7666666666666667

Average20: 0.17247743384909178	Count: 100
Average10: 0.22631132592897305	Count: 100
Average5: 0.27189285714285716	Count: 100
Average3: 0.3074999999999999	Count: 100
