--------------------------------
top-20
0.08421052631578947
0.3817663817663818
0.08571428571428572
0.021052631578947368
0.05627705627705628
0.06315789473684211
0.05789473684210526
0.08095238095238096
0.05238095238095238
0.05714285714285714
0.2727272727272727
0.11255411255411256
0.08947368421052632
0.1368421052631579
0.12857142857142856
0.06190476190476191
0.010526315789473684
0.10822510822510822
0.09473684210526316
0.08658008658008658
0.05238095238095238
0.15584415584415584
0.13333333333333333
0.20652173913043478
0.11428571428571428
0.21333333333333335
0.1038961038961039
0.27898550724637683
0.14210526315789473
0.11688311688311688
0.1038961038961039
0.0380952380952381
0.09090909090909091
0.16666666666666666
0.15263157894736842
0.10476190476190476
0.11052631578947368
0.0380952380952381
0.1471861471861472
0.023809523809523808
0.042105263157894736
0.14210526315789473
0.15151515151515152
0.05714285714285714
0.10476190476190476
0.12380952380952381
0.18840579710144928
0.02631578947368421
0.06315789473684211
0.06666666666666667
0.0380952380952381
0.21014492753623187
0.10952380952380952
0.5913978494623656
0.15714285714285714
0.05238095238095238
0.32806324110671936
0.14285714285714285
0.05238095238095238
0.08571428571428572
0.0380952380952381
0.11857707509881422
0.11067193675889328
0.3333333333333333
0.11956521739130435
0.12648221343873517
0.14285714285714285
0.1
0.0380952380952381
0.1619047619047619
0.021052631578947368
0.08571428571428572
0.15789473684210525
0.047619047619047616
0.1225296442687747
0.05238095238095238
0.26
0.09523809523809523
0.0380952380952381
0.17391304347826086
0.5138461538461538
0.14285714285714285
0.04736842105263158
0.09523809523809523
0.14285714285714285
0.05194805194805195
0.08421052631578947
0.1422924901185771
0.19047619047619047
0.06926406926406926
0.1645021645021645
0.06493506493506493
0.13043478260869565
0.17786561264822134
0.05263157894736842
0.2683982683982684
0.09523809523809523
0.1
0.10526315789473684
0.13438735177865613
--------------------------------
top-10
0.05454545454545454
0.28205128205128205
0.17777777777777778
0.022222222222222223
0.03636363636363636
0.08888888888888889
0.06666666666666667
0.19696969696969696
0.10909090909090909
0.1111111111111111
0.37362637362637363
0.16363636363636364
0.10909090909090909
0.36363636363636365
0.18181818181818182
0.14545454545454545
0.0
0.16363636363636364
0.23636363636363636
0.14545454545454545
0.0
0.2692307692307692
0.26666666666666666
0.10606060606060606
0.23636363636363636
0.03636363636363636
0.17777777777777778
0.09090909090909091
0.15151515151515152
0.24242424242424243
0.01818181818181818
0.044444444444444446
0.17777777777777778
0.36363636363636365
0.38181818181818183
0.09090909090909091
0.4
0.05454545454545454
0.10909090909090909
0.022222222222222223
0.06666666666666667
0.41818181818181815
0.21818181818181817
0.022222222222222223
0.08888888888888889
0.18181818181818182
0.2
0.0
0.09090909090909091
0.08888888888888889
0.044444444444444446
0.18181818181818182
0.14545454545454545
0.49523809523809526
0.19696969696969696
0.03636363636363636
0.3956043956043956
0.10909090909090909
0.10909090909090909
0.07272727272727272
0.044444444444444446
0.09090909090909091
0.06666666666666667
0.21212121212121213
0.044444444444444446
0.24444444444444444
0.09090909090909091
0.15151515151515152
0.05454545454545454
0.22727272727272727
0.05454545454545454
0.19696969696969696
0.32051282051282054
0.03636363636363636
0.022222222222222223
0.06666666666666667
0.2222222222222222
0.022222222222222223
0.022222222222222223
0.15151515151515152
0.8166666666666667
0.22727272727272727
0.07272727272727272
0.24444444444444444
0.08888888888888889
0.022222222222222223
0.044444444444444446
0.12727272727272726
0.24358974358974358
0.0
0.2692307692307692
0.044444444444444446
0.19696969696969696
0.09090909090909091
0.09090909090909091
0.34065934065934067
0.13333333333333333
0.13333333333333333
0.2222222222222222
0.14545454545454545
--------------------------------
top-5
0.1
0.1
0.4
0.0
0.1
0.2
0.06666666666666667
0.13333333333333333
0.06666666666666667
0.0
0.06666666666666667
0.7
0.2
0.47619047619047616
0.3333333333333333
0.4
0.0
0.06666666666666667
0.4
0.0
0.0
0.13333333333333333
0.5714285714285714
0.1
0.42857142857142855
0.0
0.26666666666666666
0.2
0.13333333333333333
0.06666666666666667
0.0
0.0
0.5
0.6071428571428571
0.5714285714285714
0.2
0.7142857142857143
0.06666666666666667
0.4
0.1
0.13333333333333333
0.5714285714285714
0.3
0.1
0.13333333333333333
0.6
0.26666666666666666
0.0
0.2
0.0
0.1
0.3333333333333333
0.5
0.3333333333333333
0.06666666666666667
0.0
0.2
0.1
0.1
0.06666666666666667
0.0
0.3
0.0
0.26666666666666666
0.0
0.5238095238095238
0.0
0.4666666666666667
0.0
0.13333333333333333
0.06666666666666667
0.1
0.2
0.0
0.1
0.3
0.2
0.1
0.1
0.4
1.0
0.26666666666666666
0.0
0.4
0.3
0.06666666666666667
0.0
0.26666666666666666
0.1
0.0
0.06666666666666667
0.13333333333333333
0.1
0.1
0.2
0.2
0.4666666666666667
0.2857142857142857
0.4
0.13333333333333333
--------------------------------
top-3
0.0
0.3333333333333333
0.6
0.0
0.3333333333333333
0.3333333333333333
0.0
0.0
0.0
0.0
0.0
0.8
0.16666666666666666
0.6
0.3333333333333333
0.5
0.0
0.0
0.8333333333333334
0.0
0.0
0.0
0.7
0.3333333333333333
0.16666666666666666
0.0
0.16666666666666666
0.3333333333333333
0.0
0.0
0.0
0.0
0.6
0.6
0.6
0.3333333333333333
1.0
0.0
0.6666666666666666
0.0
0.3333333333333333
0.6
0.3333333333333333
0.3333333333333333
0.3333333333333333
0.8333333333333334
0.3333333333333333
0.0
0.3333333333333333
0.0
0.16666666666666666
0.16666666666666666
0.5
0.6666666666666666
0.0
0.0
0.0
0.3333333333333333
0.0
0.0
0.0
0.5
0.0
0.3333333333333333
0.0
0.5
0.0
0.5
0.0
0.0
0.0
0.16666666666666666
0.16666666666666666
0.0
0.3333333333333333
1.0
0.3333333333333333
0.0
0.3333333333333333
0.5
1.0
0.16666666666666666
0.0
0.3333333333333333
0.5
0.0
0.0
0.6666666666666666
0.3333333333333333
0.0
0.0
0.0
0.0
0.0
0.6666666666666666
0.16666666666666666
0.5
0.0
0.3333333333333333
0.16666666666666666

Average20: 0.12388560010125663	Count: 100
Average10: 0.15328632478632476	Count: 100
Average5: 0.20716666666666658	Count: 100
Average3: 0.251	Count: 100
