--------------------------------
top-20
0.11428571428571428
0.16666666666666666
0.08421052631578947
0.02857142857142857
0.10822510822510822
0.03684210526315789
0.1956521739130435
0.2077922077922078
0.18095238095238095
0.13438735177865613
0.38
0.06666666666666667
0.07368421052631578
0.14130434782608695
0.11428571428571428
0.042105263157894736
0.23
0.32608695652173914
0.11578947368421053
0.2813852813852814
0.15579710144927536
0.21739130434782608
0.15584415584415584
0.2898550724637681
0.11428571428571428
0.03333333333333333
0.1368421052631579
0.233201581027668
0.09473684210526316
0.13333333333333333
0.07792207792207792
0.03684210526315789
0.45
0.11578947368421053
0.5103448275862069
0.2597402597402597
0.1
0.1976284584980237
0.13333333333333333
0.2427536231884058
0.26461538461538464
0.05627705627705628
0.14210526315789473
0.0380952380952381
0.15151515151515152
0.12121212121212122
0.07792207792207792
0.09523809523809523
0.10526315789473684
0.06060606060606061
0.09090909090909091
0.30434782608695654
0.09486166007905138
0.06926406926406926
0.23684210526315788
0.1380952380952381
0.36333333333333334
0.07509881422924901
0.25296442687747034
0.0761904761904762
0.08571428571428572
0.1383399209486166
0.2153846153846154
0.08658008658008658
0.18421052631578946
0.22105263157894736
0.2077922077922078
0.13043478260869565
0.1
0.1471861471861472
0.18115942028985507
0.09047619047619047
0.12648221343873517
0.08095238095238096
0.12105263157894737
0.0761904761904762
0.12987012987012986
0.18181818181818182
0.21212121212121213
0.1383399209486166
0.2813852813852814
0.04736842105263158
0.03684210526315789
0.24285714285714285
0.05714285714285714
0.19523809523809524
0.08225108225108226
0.0761904761904762
0.2
0.13333333333333333
0.1976284584980237
0.05263157894736842
0.11904761904761904
0.19523809523809524
0.02631578947368421
0.30434782608695654
0.17
0.42450142450142453
0.07142857142857142
0.2971014492753623
--------------------------------
top-10
0.3333333333333333
0.24242424242424243
0.06666666666666667
0.06666666666666667
0.13333333333333333
0.06666666666666667
0.18181818181818182
0.12727272727272726
0.3333333333333333
0.10909090909090909
0.3787878787878788
0.09090909090909091
0.08888888888888889
0.2
0.28888888888888886
0.03636363636363636
0.022222222222222223
0.3516483516483517
0.16363636363636364
0.5494505494505495
0.10606060606060606
0.16666666666666666
0.36363636363636365
0.05454545454545454
0.19696969696969696
0.022222222222222223
0.41818181818181815
0.1111111111111111
0.18181818181818182
0.34615384615384615
0.03636363636363636
0.06666666666666667
0.7333333333333333
0.16363636363636364
0.28205128205128205
0.24242424242424243
0.2545454545454545
0.2878787878787879
0.2545454545454545
0.5111111111111111
0.23076923076923078
0.01818181818181818
0.16363636363636364
0.06666666666666667
0.13636363636363635
0.044444444444444446
0.05454545454545454
0.14545454545454545
0.4
0.06666666666666667
0.022222222222222223
0.3717948717948718
0.07272727272727272
0.044444444444444446
0.45454545454545453
0.26666666666666666
0.49523809523809526
0.0
0.19696969696969696
0.09090909090909091
0.12727272727272726
0.14545454545454545
0.06666666666666667
0.044444444444444446
0.2727272727272727
0.3974358974358974
0.12121212121212122
0.2222222222222222
0.15151515151515152
0.08888888888888889
0.09090909090909091
0.14545454545454545
0.24444444444444444
0.05454545454545454
0.17777777777777778
0.022222222222222223
0.14545454545454545
0.16363636363636364
0.14545454545454545
0.12121212121212122
0.48717948717948717
0.13636363636363635
0.06666666666666667
0.4696969696969697
0.15555555555555556
0.10606060606060606
0.05454545454545454
0.2
0.24242424242424243
0.35555555555555557
0.10909090909090909
0.022222222222222223
0.2
0.21212121212121213
0.05454545454545454
0.4065934065934066
0.022222222222222223
0.20512820512820512
0.15555555555555556
0.32051282051282054
--------------------------------
top-5
0.7142857142857143
0.2
0.13333333333333333
0.06666666666666667
0.3333333333333333
0.0
0.1
0.1
0.2857142857142857
0.0
0.5714285714285714
0.26666666666666666
0.06666666666666667
0.0
0.5714285714285714
0.1
0.1
0.2
0.4666666666666667
0.5357142857142857
0.1
0.13333333333333333
0.6190476190476191
0.1
0.06666666666666667
0.0
0.6071428571428571
0.3
0.3333333333333333
0.2857142857142857
0.0
0.1
0.7777777777777778
0.13333333333333333
0.2
0.06666666666666667
0.3333333333333333
0.6
0.8
0.7857142857142857
0.13333333333333333
0.0
0.2
0.2
0.0
0.1
0.2
0.26666666666666666
0.6071428571428571
0.0
0.1
0.6428571428571429
0.0
0.0
0.6428571428571429
0.3333333333333333
0.26666666666666666
0.0
0.13333333333333333
0.06666666666666667
0.06666666666666667
0.5
0.1
0.2
0.4666666666666667
0.3333333333333333
0.0
0.5714285714285714
0.0
0.1
0.3
0.4
0.4
0.0
0.4
0.1
0.06666666666666667
0.2
0.2
0.1
0.47619047619047616
0.2
0.13333333333333333
0.75
0.3333333333333333
0.1
0.0
0.5333333333333333
0.06666666666666667
0.5357142857142857
0.0
0.1
0.1
0.26666666666666666
0.06666666666666667
0.3
0.0
0.0
0.2
0.2
--------------------------------
top-3
1.0
0.16666666666666666
0.0
0.0
0.8333333333333334
0.0
0.16666666666666666
0.16666666666666666
0.0
0.0
0.8
0.3333333333333333
0.0
0.0
0.6666666666666666
0.16666666666666666
0.3333333333333333
0.3333333333333333
0.8333333333333334
0.3333333333333333
0.0
0.0
0.8
0.3333333333333333
0.0
0.0
0.6
0.3333333333333333
0.5
0.0
0.0
0.0
0.6
0.16666666666666666
0.16666666666666666
0.0
0.8333333333333334
0.6
1.0
0.7
0.16666666666666666
0.0
0.16666666666666666
0.3333333333333333
0.0
0.0
0.16666666666666666
1.0
0.6
0.0
0.0
0.6
0.0
0.0
0.6
0.3333333333333333
0.3333333333333333
0.0
0.0
0.0
0.0
0.6666666666666666
0.16666666666666666
0.3333333333333333
0.6
0.3333333333333333
0.0
0.5
0.0
0.16666666666666666
0.5
0.6
0.3333333333333333
0.0
0.3333333333333333
0.0
0.0
0.16666666666666666
0.3333333333333333
0.3333333333333333
0.5
0.0
0.16666666666666666
0.6
0.5
0.16666666666666666
0.0
0.8333333333333334
0.0
0.16666666666666666
0.0
0.3333333333333333
0.3333333333333333
0.16666666666666666
0.0
0.16666666666666666
0.0
0.0
0.3333333333333333
0.6666666666666666

Average20: 0.1559863249635442	Count: 100
Average10: 0.18904562104562092	Count: 100
Average5: 0.2391349206349206	Count: 100
Average3: 0.2736666666666666	Count: 100
