--------------------------------
top50
0.3569023569023569
0.5106516290726817
0.30957372466806427
0.2590711175616836
0.5136116152450091
0.7824513794663048
0.1003921568627451
0.04816326530612245
0.03836734693877551
0.11529411764705882
0.6050847457627119
0.39057239057239057
0.3277428371767994
0.14588235294117646
0.2677793904208999
0.3326345213137666
0.17420814479638008
0.16156862745098038
0.3172606568832984
0.04653061224489796
0.17571644042232276
0.05714285714285714
0.24528301886792453
0.4511784511784512
0.11764705882352941
0.8459627329192546
0.5311554748941318
0.28664731494920176
0.5523085914669784
0.07673469387755102
0.24455732946298983
0.12627450980392158
0.0563265306122449
0.41363636363636364
0.05877551020408163
0.25036284470246734
0.3256464011180992
0.1607843137254902
0.4279220779220779
0.4383116883116883
0.18401206636500755
0.19532428355957768
0.671602326811211
0.24963715529753266
0.18929110105580693
0.3026124818577649
0.44805194805194803
0.1411764705882353
0.3622895622895623
0.12470588235294118
--------------------------------
top10
0.36363636363636365
0.7435897435897436
0.17777777777777778
0.022222222222222223
0.36363636363636365
0.08888888888888889
0.06666666666666667
0.6212121212121212
0.41818181818181815
0.1111111111111111
0.8351648351648352
0.4909090909090909
0.4
0.7272727272727273
0.509090909090909
0.43636363636363634
0.0
0.38181818181818183
0.4727272727272727
0.41818181818181815
0.0
0.7435897435897436
0.26666666666666666
0.5909090909090909
0.4909090909090909
0.34545454545454546
0.17777777777777778
0.38181818181818183
0.6060606060606061
0.5909090909090909
0.34545454545454546
0.044444444444444446
0.17777777777777778
0.6
0.5636363636363636
0.38181818181818183
0.4
0.38181818181818183
0.41818181818181815
0.022222222222222223
0.06666666666666667
0.6181818181818182
0.4727272727272727
0.022222222222222223
0.08888888888888889
0.509090909090909
0.509090909090909
0.0
0.41818181818181815
0.08888888888888889
--------------------------------
top5
0.1
0.1
0.7333333333333333
0.0
0.1
0.7333333333333333
0.6
0.6
0.6
0.0
0.6
0.7
0.6
0.9047619047619048
0.7333333333333333
0.4
0.0
0.6
0.9333333333333333
0.0
0.0
0.6
0.9523809523809523
0.1
0.8571428571428571
0.0
0.6666666666666666
0.2
0.6
0.6
0.0
0.0
0.5
0.9642857142857143
0.8571428571428571
0.2
0.9523809523809523
0.6
0.4
0.1
0.6666666666666666
0.8571428571428571
0.3
0.1
0.6666666666666666
0.8666666666666667
0.6666666666666666
0.0
0.6666666666666666
0.0
