--------------------------------
top50
0.2948986722571628
0.5294486215538847
0.3723905723905724
0.1568627450980392
0.5226860254083484
0.367003367003367
0.39730639730639733
0.19909502262443438
0.22473604826546004
0.1568627450980392
0.680327868852459
0.2576197387518142
0.37643097643097645
0.3098693759071118
0.40844155844155844
0.2612481857764877
0.7003968253968254
0.3447024673439768
0.4038961038961039
0.21644042232277527
0.22745098039215686
0.22850678733031674
0.2648766328011611
0.3710691823899371
0.2793904208998549
0.23076923076923078
0.5552308591466978
0.43466107617051014
0.2692307692307692
0.3333333333333333
0.16817496229260936
0.23529411764705882
0.12163265306122449
0.5172413793103449
0.3432510885341074
0.5412039742840444
0.43246753246753245
0.18352941176470589
0.44915824915824915
0.5
0.42077922077922075
0.1832579185520362
0.6
0.4053872053872054
0.17254901960784313
0.29027576197387517
0.4943609022556391
0.4080808080808081
0.2706821480406386
0.37037037037037035
--------------------------------
top10
0.022222222222222223
0.5909090909090909
0.15555555555555556
0.43636363636363634
0.4
0.6212121212121212
0.3111111111111111
0.6212121212121212
0.5757575757575758
0.8461538461538461
0.8974358974358975
0.34545454545454546
0.022222222222222223
0.7692307692307693
0.06666666666666667
0.13333333333333333
0.4
0.9120879120879121
0.43636363636363634
0.8076923076923077
0.509090909090909
0.9142857142857143
0.8461538461538461
0.5909090909090909
0.7948717948717948
0.08888888888888889
0.7307692307692307
0.9047619047619048
0.38181818181818183
0.2222222222222222
0.0
0.1111111111111111
0.7435897435897436
0.8181818181818182
0.4
0.34545454545454546
0.6666666666666666
0.782051282051282
0.6515151515151515
0.7090909090909091
0.24444444444444444
0.06666666666666667
0.26666666666666666
0.022222222222222223
0.8461538461538461
0.08888888888888889
0.4727272727272727
0.6060606060606061
0.6212121212121212
0.5909090909090909
--------------------------------
top5
0.1
0.6666666666666666
0.7333333333333333
0.6666666666666666
0.6
0.8571428571428571
0.8571428571428571
0.6666666666666666
0.6
0.8571428571428571
1.0
0.0
0.0
0.9642857142857143
0.2
0.6
0.6
0.9642857142857143
0.8571428571428571
0.9523809523809523
0.6
0.6666666666666666
0.9642857142857143
0.0
0.9642857142857143
0.6666666666666666
0.6
0.6
0.6
0.6
0.0
0.6
0.6666666666666666
1.0
0.9047619047619048
0.0
0.8666666666666667
0.6666666666666666
0.6666666666666666
0.9642857142857143
0.6
0.6
0.8
0.1
0.6
0.6
0.8
0.8571428571428571
0.3
0.0
