1	5	29
2	5	12
3	5	5
4	5	145
5	5	79
6	5	6
7	5	4
8	5	52
9	5	3
10	5	10
11	5	105
12	5	440
13	5	44
14	5	318
15	5	59
16	5	161
17	5	11
18	5	66
19	5	347
20	5	7
21	5	339
22	5	57
23	5	2
24	5	62
25	5	45
26	5	15
27	5	346
28	5	137
29	5	26
30	5	268
31	5	316
32	5	478
33	5	516
34	5	69
35	5	20
36	5	479
37	5	343
38	5	542
39	5	80
40	5	61
41	5	83
42	5	167
43	5	337
44	5	568
45	5	220
46	5	39
47	5	165
48	5	438
49	5	386
50	5	340
51	5	1
52	5	68
53	5	112
54	5	169
55	5	395
56	5	96
57	5	428
58	5	385
59	5	17
60	5	19
61	5	309
62	5	444
63	5	14
64	5	153
65	5	21
66	5	166
67	5	234
68	5	396
69	5	24
70	5	70
71	5	16
72	5	78
73	5	341
74	5	42
75	5	445
76	5	178
77	5	364
78	5	86
79	5	150
80	5	221
81	5	175
82	5	47
83	5	101
84	5	63
85	5	521
86	5	256
87	5	461
88	5	13
89	5	187
90	5	338
91	5	73
92	5	8
93	5	225
94	5	261
95	5	477
96	5	342
97	5	205
98	5	114
99	5	184
100	5	505
101	1	6
102	1	138
103	1	4
104	1	484
105	1	213
106	1	189
107	1	16
108	1	14
109	1	412
110	1	62
111	1	136
112	1	9
113	1	485
114	1	252
115	1	33
116	1	435
117	1	321
118	1	572
119	1	112
120	1	501
121	1	483
122	1	29
123	1	159
124	1	86
125	1	1
126	1	314
127	1	377
128	1	541
129	1	383
130	1	114
131	1	153
132	1	105
133	1	376
134	1	591
135	1	446
136	1	98
137	1	59
138	1	178
139	1	582
140	1	413
141	1	302
142	1	172
143	1	168
144	1	327
145	1	471
146	1	195
147	1	352
148	1	414
149	1	467
150	1	288
151	1	614
152	1	287
153	1	247
154	1	250
155	1	549
156	1	434
157	1	63
158	1	550
159	1	150
160	1	117
161	1	52
162	1	408
163	1	187
164	1	472
165	1	588
166	1	228
167	1	623
168	1	3
169	1	488
170	1	257
171	1	499
172	1	11
173	1	465
174	1	47
175	1	226
176	1	269
177	1	500
178	1	61
179	1	137
180	1	64
181	1	186
182	1	421
183	1	235
184	1	489
185	1	429
186	1	184
187	1	12
188	1	328
189	1	166
190	1	2
191	1	547
192	1	7
193	1	156
194	1	331
195	1	330
196	1	248
197	1	278
198	1	270
199	1	382
200	1	410
201	18	43
202	18	1
203	18	18
204	18	65
205	18	34
206	18	25
207	18	67
208	18	15
209	18	55
210	18	70
211	18	4
212	18	16
213	18	163
214	18	81
215	18	194
216	18	8
217	18	92
218	18	13
219	18	7
220	18	279
221	18	196
222	18	151
223	18	260
224	18	511
225	18	285
226	18	127
227	18	10
228	18	283
229	18	6
230	18	84
231	18	2
232	18	94
233	18	9
234	18	93
235	18	48
236	18	88
237	18	551
238	18	458
239	18	5
240	18	46
241	18	3
242	18	22
243	18	200
244	18	492
245	18	493
246	18	103
247	18	509
248	18	177
249	18	28
250	18	56
251	18	69
252	18	54
253	18	441
254	18	348
255	18	384
256	18	510
257	18	116
258	18	164
259	18	303
260	18	157
261	18	36
262	18	95
263	18	170
264	18	422
265	18	33
266	18	188
267	18	281
268	18	57
269	18	173
270	18	59
271	18	304
272	18	420
273	18	286
274	18	371
275	18	284
276	18	30
277	18	282
278	18	504
279	18	627
280	18	40
281	18	27
282	18	99
283	18	185
284	18	44
285	18	158
286	18	249
287	18	162
288	18	180
289	18	19
290	18	313
291	18	586
292	18	585
293	18	290
294	18	146
295	18	63
296	18	528
297	18	143
298	18	266
299	18	68
300	18	90
301	7	15
302	7	5
303	7	81
304	7	8
305	7	1
306	7	13
307	7	21
308	7	41
309	7	36
310	7	9
311	7	6
312	7	182
313	7	22
314	7	23
315	7	72
316	7	4
317	7	17
318	7	16
319	7	30
320	7	2
321	7	185
322	7	28
323	7	26
324	7	399
325	7	397
326	7	93
327	7	12
328	7	240
329	7	11
330	7	183
331	7	65
332	7	56
333	7	335
334	7	115
335	7	35
336	7	43
337	7	148
338	7	180
339	7	90
340	7	74
341	7	20
342	7	565
343	7	71
344	7	69
345	7	31
346	7	34
347	7	67
348	7	76
349	7	322
350	7	174
351	7	85
352	7	173
353	7	280
354	7	242
355	7	393
356	7	164
357	7	215
358	7	590
359	7	77
360	7	336
361	7	127
362	7	48
363	7	94
364	7	10
365	7	131
366	7	241
367	7	239
368	7	277
369	7	128
370	7	110
371	7	7
372	7	3
373	7	578
374	7	177
375	7	60
376	7	25
377	7	54
378	7	193
379	7	398
380	7	529
381	7	97
382	7	100
383	7	557
384	7	95
385	7	38
386	7	468
387	7	355
388	7	58
389	7	163
390	7	188
391	7	32
392	7	138
393	7	315
394	7	310
395	7	210
396	7	400
397	7	49
398	7	18
399	7	92
400	7	544
401	12	40
402	12	359
403	12	589
404	12	3
405	12	388
406	12	190
407	12	378
408	12	75
409	12	7
410	12	599
411	12	216
412	12	181
413	12	258
414	12	13
415	12	391
416	12	27
417	12	301
418	12	608
419	12	8
420	12	263
421	12	432
422	12	389
423	12	353
424	12	381
425	12	609
426	12	320
427	12	295
428	12	387
429	12	431
430	12	616
431	12	433
432	12	22
433	12	129
434	12	543
435	12	271
436	12	592
437	12	598
438	12	18
439	12	361
440	12	294
441	12	161
442	12	325
443	12	443
444	12	255
445	12	10
446	12	597
447	12	245
448	12	360
449	12	72
450	12	476
451	12	610
452	12	4
453	12	594
454	12	264
455	12	37
456	12	35
457	12	24
458	12	46
459	12	626
460	12	55
461	12	170
462	12	265
463	12	296
464	12	380
465	12	39
466	12	2
467	12	454
468	12	546
469	12	362
470	12	570
471	12	628
472	12	462
473	12	319
474	12	569
475	12	19
476	12	596
477	12	254
478	12	593
479	12	195
480	12	91
481	12	540
482	12	292
483	12	601
484	12	426
485	12	33
486	12	5
487	12	259
488	12	79
489	12	23
490	12	244
491	12	243
492	12	1
493	12	482
494	12	176
495	12	87
496	12	571
497	12	209
498	12	375
499	12	600
500	12	603
501	8	8
502	8	1
503	8	36
504	8	299
505	8	580
506	8	307
507	8	373
508	8	5
509	8	76
510	8	512
511	8	182
512	8	13
513	8	18
514	8	575
515	8	494
516	8	134
517	8	22
518	8	372
519	8	19
520	8	40
521	8	77
522	8	2
523	8	4
524	8	496
525	8	374
526	8	515
527	8	217
528	8	262
529	8	183
530	8	12
531	8	32
532	8	23
533	8	574
534	8	7
535	8	21
536	8	181
537	8	100
538	8	52
539	8	174
540	8	306
541	8	165
542	8	15
543	8	34
544	8	16
545	8	607
546	8	128
547	8	576
548	8	35
549	8	379
550	8	10
551	8	401
552	8	122
553	8	14
554	8	75
555	8	117
556	8	71
557	8	149
558	8	402
559	8	579
560	8	29
561	8	495
562	8	222
563	8	65
564	8	11
565	8	25
566	8	577
567	8	274
568	8	27
569	8	308
570	8	6
571	8	3
572	8	415
573	8	214
574	8	41
575	8	561
576	8	148
577	8	31
578	8	370
579	8	156
580	8	238
581	8	28
582	8	566
583	8	192
584	8	595
585	8	44
586	8	158
587	8	289
588	8	82
589	8	131
590	8	606
591	8	522
592	8	43
593	8	58
594	8	37
595	8	133
596	8	136
597	8	305
598	8	17
599	8	573
600	8	218
601	6	12
602	6	20
603	6	6
604	6	21
605	6	11
606	6	5
607	6	24
608	6	107
609	6	50
610	6	120
611	6	123
612	6	30
613	6	3
614	6	480
615	6	102
616	6	487
617	6	26
618	6	51
619	6	17
620	6	224
621	6	152
622	6	141
623	6	179
624	6	66
625	6	73
626	6	497
627	6	567
628	6	49
629	6	167
630	6	118
631	6	169
632	6	53
633	6	39
634	6	80
635	6	126
636	6	29
637	6	38
638	6	97
639	6	1
640	6	74
641	6	350
642	6	2
643	6	142
644	6	560
645	6	41
646	6	140
647	6	104
648	6	62
649	6	4
650	6	115
651	6	145
652	6	124
653	6	60
654	6	85
655	6	453
656	6	37
657	6	191
658	6	109
659	6	417
660	6	498
661	6	64
662	6	523
663	6	223
664	6	154
665	6	32
666	6	110
667	6	106
668	6	61
669	6	171
670	6	45
671	6	520
672	6	298
673	6	9
674	6	42
675	6	108
676	6	404
677	6	507
678	6	139
679	6	101
680	6	83
681	6	147
682	6	47
683	6	144
684	6	119
685	6	237
686	6	323
687	6	111
688	6	409
689	6	89
690	6	122
691	6	125
692	6	121
693	6	14
694	6	394
695	6	581
696	6	403
697	6	160
698	6	317
699	6	442
700	6	130
701	9	37
702	9	6
703	9	171
704	9	12
705	9	53
706	9	141
707	9	19
708	9	134
709	9	38
710	9	554
711	9	142
712	9	154
713	9	191
714	9	419
715	9	149
716	9	14
717	9	172
718	9	605
719	9	49
720	9	326
721	9	104
722	9	8
723	9	5
724	9	206
725	9	423
726	9	186
727	9	584
728	9	219
729	9	3
730	9	21
731	9	98
732	9	425
733	9	50
734	9	334
735	9	473
736	9	109
737	9	42
738	9	11
739	9	4
740	9	583
741	9	32
742	9	126
743	9	168
744	9	300
745	9	135
746	9	20
747	9	125
748	9	66
749	9	559
750	9	1
751	9	227
752	9	130
753	9	624
754	9	144
755	9	204
756	9	111
757	9	558
758	9	587
759	9	604
760	9	447
761	9	2
762	9	208
763	9	253
764	9	411
765	9	31
766	9	552
767	9	236
768	9	155
769	9	481
770	9	625
771	9	474
772	9	418
773	9	555
774	9	132
775	9	344
776	9	179
777	9	329
778	9	201
779	9	113
780	9	548
781	9	89
782	9	189
783	9	147
784	9	9
785	9	332
786	9	615
787	9	160
788	9	430
789	9	369
790	9	26
791	9	556
792	9	553
793	9	356
794	9	267
795	9	74
796	9	211
797	9	345
798	9	51
799	9	273
800	9	73
801	11	24
802	11	124
803	11	3
804	11	152
805	11	39
806	11	6
807	11	466
808	11	123
809	11	107
810	11	366
811	11	519
812	11	120
813	11	118
814	11	102
815	11	437
816	11	50
817	11	312
818	11	456
819	11	406
820	11	562
821	11	427
822	11	146
823	11	203
824	11	106
825	11	197
826	11	1
827	11	354
828	11	450
829	11	486
830	11	202
831	11	38
832	11	246
833	11	367
834	11	564
835	11	4
836	11	232
837	11	108
838	11	139
839	11	416
840	11	518
841	11	503
842	11	60
843	11	291
844	11	20
845	11	611
846	11	439
847	11	392
848	11	357
849	11	613
850	11	140
851	11	233
852	11	9
853	11	358
854	11	351
855	11	449
856	11	121
857	11	368
858	11	297
859	11	132
860	11	424
861	11	51
862	11	390
863	11	30
864	11	155
865	11	407
866	11	405
867	11	363
868	11	612
869	11	64
870	11	457
871	11	198
872	11	119
873	11	45
874	11	311
875	11	436
876	11	5
877	11	276
878	11	2
879	11	459
880	11	349
881	11	333
882	11	113
883	11	87
884	11	537
885	11	135
886	11	448
887	11	563
888	11	517
889	11	539
890	11	538
891	11	17
892	11	460
893	11	53
894	11	475
895	11	272
896	11	506
897	11	275
898	11	324
899	11	502
900	11	71
901	15	194
902	15	70
903	15	13
904	15	22
905	15	36
906	15	8
907	15	48
908	15	2
909	15	620
910	15	526
911	15	76
912	15	1
913	15	157
914	15	103
915	15	18
916	15	96
917	15	7
918	15	530
919	15	4
920	15	491
921	15	84
922	15	40
923	15	34
924	15	464
925	15	469
926	15	25
927	15	10
928	15	72
929	15	619
930	15	533
931	15	535
932	15	196
933	15	207
934	15	143
935	15	527
936	15	35
937	15	190
938	15	77
939	15	514
940	15	192
941	15	23
942	15	162
943	15	470
944	15	15
945	15	176
946	15	524
947	15	28
948	15	532
949	15	618
950	15	3
951	15	508
952	15	31
953	15	46
954	15	455
955	15	133
956	15	5
957	15	91
958	15	27
959	15	531
960	15	193
961	15	534
962	15	622
963	15	75
964	15	513
965	15	58
966	15	99
967	15	78
968	15	175
969	15	629
970	15	229
971	15	463
972	15	88
973	15	212
974	15	231
975	15	33
976	15	365
977	15	82
978	15	54
979	15	57
980	15	602
981	15	293
982	15	536
983	15	251
984	15	545
985	15	67
986	15	621
987	15	452
988	15	68
989	15	56
990	15	151
991	15	199
992	15	490
993	15	230
994	15	451
995	15	525
996	15	55
997	15	159
998	15	129
999	15	116
1000	15	617