--------------------------------
top-20
0.2967032967032967
0.0
0.2857142857142857
0.0
0.21578947368421053
0.0
0.06315789473684211
0.32967032967032966
0.21052631578947367
0.2736842105263158
0.0
0.06315789473684211
0.0
0.08571428571428572
0.16666666666666666
0.0
0.0
0.41904761904761906
0.11578947368421053
0.19480519480519481
0.2736842105263158
0.02857142857142857
0.10476190476190476
0.010526315789473684
0.005263157894736842
0.12380952380952381
0.37333333333333335
0.11578947368421053
0.0
0.0
0.015789473684210527
0.0
0.26373626373626374
0.18
0.3956043956043956
0.2077922077922078
0.08571428571428572
0.15579710144927536
0.0
0.004761904761904762
0.0
0.2
0.010526315789473684
0.015789473684210527
0.004761904761904762
0.2967032967032967
0.2077922077922078
0.10476190476190476
--------------------------------
top-10
0.42857142857142855
0.42424242424242425
0.3076923076923077
0.0
0.2948717948717949
0.0
0.32727272727272727
0.4175824175824176
0.4
0.5272727272727272
0.5
0.3090909090909091
0.0
0.18181818181818182
0.5151515151515151
0.42424242424242425
0.0
0.45
0.3717948717948718
0.3333333333333333
0.5272727272727272
0.06666666666666667
0.37777777777777777
0.044444444444444446
0.022222222222222223
0.4090909090909091
0.15384615384615385
0.3717948717948718
0.0
0.0
0.044444444444444446
0.42424242424242425
0.3516483516483517
0.24444444444444444
0.4945054945054945
0.41025641025641024
0.28888888888888886
0.16363636363636364
0.0
0.0
0.0
0.2727272727272727
0.022222222222222223
0.0
0.0
0.34615384615384615
0.41025641025641024
0.18181818181818182
--------------------------------
top-5
0.26666666666666666
0.3333333333333333
0.4
0.3333333333333333
0.1
0.0
0.19047619047619047
0.2
0.5357142857142857
0.5555555555555556
0.3333333333333333
0.06666666666666667
0.0
0.0
0.3333333333333333
0.3333333333333333
0.0
0.06666666666666667
0.38095238095238093
0.2
0.5555555555555556
0.3
0.9047619047619048
0.2
0.1
0.26666666666666666
0.13333333333333333
0.38095238095238093
0.0
0.06666666666666667
0.1
0.3333333333333333
0.06666666666666667
0.6666666666666666
0.19047619047619047
0.2
0.38095238095238093
0.3333333333333333
0.0
0.0
0.0
0.38095238095238093
0.0
0.0
0.0
0.32142857142857145
0.2
0.0
--------------------------------
top-3
0.6666666666666666
0.0
0.5
0.0
0.3333333333333333
0.0
0.0
0.3333333333333333
0.4
0.4
0.0
0.0
0.16666666666666666
0.0
0.6666666666666666
0.0
0.0
0.0
0.16666666666666666
0.0
0.4
0.5
0.8
0.3333333333333333
0.3333333333333333
0.5
0.16666666666666666
0.16666666666666666
0.5
0.8333333333333334
0.3333333333333333
0.16666666666666666
0.0
0.5
0.0
0.16666666666666666
0.5
0.6666666666666666
0.0
0.0
0.0
0.16666666666666666
0.0
0.0
0.0
0.16666666666666666
0.16666666666666666
0.0

Average20: 0.12303535471012585	Count: 48
Average10: 0.24669369981869985	Count: 48
Average5: 0.22314814814814812	Count: 48
Average3: 0.2291666666666666	Count: 48
