--------------------------------
top-20
0.7746031746031746
0.14855072463768115
0.6210526315789474
0.15
0.13438735177865613
0.35789473684210527
0.2015810276679842
0.6022988505747127
0.328042328042328
0.010526315789473684
0.1
0.005263157894736842
0.8233618233618234
0.20333333333333334
0.24210526315789474
0.2
0.6827586206896552
0.5471014492753623
0.38405797101449274
0.43
0.46206896551724136
0.12121212121212122
0.6182266009852216
0.09523809523809523
0.5015384615384615
0.7746031746031746
0.09523809523809523
0.03684210526315789
0.7695590327169275
0.17753623188405798
0.015789473684210527
0.17894736842105263
0.1
0.8233618233618234
0.05263157894736842
0.5046153846153846
0.4189723320158103
0.06315789473684211
0.08571428571428572
0.5736842105263158
0.7063492063492064
0.04736842105263158
0.8233618233618234
0.3476923076923077
0.21739130434782608
0.6252873563218391
0.21739130434782608
0.02857142857142857
0.17391304347826086
0.541871921182266
0.2571428571428571
0.6894736842105263
0.1383399209486166
0.22380952380952382
0.28095238095238095
0.8067226890756303
0.8233618233618234
0.03684210526315789
0.11578947368421053
0.6086021505376344
0.042105263157894736
0.04736842105263158
0.3646723646723647
0.05533596837944664
0.24210526315789474
0.3695652173913043
0.35507246376811596
0.16205533596837945
0.042105263157894736
0.2966666666666667
0.6022988505747127
0.6301075268817204
0.5476923076923077
0.5770114942528736
0.23376623376623376
0.37318840579710144
0.23809523809523808
0.05789473684210526
0.21014492753623187
0.23
0.04736842105263158
0.2572463768115942
0.46206896551724136
0.3
0.19473684210526315
0.2727272727272727
0.005263157894736842
0.41333333333333333
0.05238095238095238
0.05714285714285714
0.49783549783549785
0.7714285714285715
0.5471014492753623
0.15
0.24786324786324787
0.047619047619047616
0.1471861471861472
0.6534391534391535
0.1038961038961039
0.6
--------------------------------
top-10
0.6274509803921569
0.07272727272727272
0.6691176470588235
0.0
0.09090909090909091
0.06666666666666667
0.4444444444444444
0.8235294117647058
0.0
0.022222222222222223
0.06666666666666667
0.022222222222222223
0.935672514619883
0.30303030303030304
0.5128205128205128
0.44871794871794873
0.9532163742690059
0.725
0.8205128205128205
0.8791208791208791
0.21794871794871795
0.12121212121212122
0.8954248366013072
0.32727272727272727
0.7647058823529411
0.6274509803921569
0.32727272727272727
0.15555555555555556
0.6535947712418301
0.06666666666666667
0.044444444444444446
0.42857142857142855
0.36363636363636365
0.935672514619883
0.14545454545454545
0.6666666666666666
0.2967032967032967
0.2
0.2727272727272727
0.75
0.9064327485380117
0.05454545454545454
0.935672514619883
0.3484848484848485
0.36363636363636365
0.7083333333333334
0.36363636363636365
0.34615384615384615
0.17777777777777778
0.575
0.27472527472527475
0.7843137254901961
0.25757575757575757
0.31868131868131866
0.3619047619047619
0.7076023391812866
0.935672514619883
0.13333333333333333
0.0
0.7720588235294118
0.0
0.07575757575757576
0.4393939393939394
0.05454545454545454
0.5128205128205128
0.44761904761904764
0.12121212121212122
0.3939393939393939
0.01818181818181818
0.022222222222222223
0.8235294117647058
0.7279411764705882
0.475
0.5714285714285714
0.4358974358974359
0.44761904761904764
0.21212121212121213
0.08888888888888889
0.5454545454545454
0.19230769230769232
0.07575757575757576
0.38181818181818183
0.21794871794871795
0.44761904761904764
0.4090909090909091
0.5303030303030303
0.0
0.5494505494505495
0.0
0.01818181818181818
0.45714285714285713
0.7647058823529411
0.725
0.0
0.0
0.14545454545454545
0.3111111111111111
0.7953216374269005
0.2545454545454545
0.8366013071895425
--------------------------------
top-5
0.6944444444444444
0.2
0.5357142857142857
0.2
0.0
0.1
0.6071428571428571
0.75
0.0
0.1
0.3
0.0
0.9777777777777777
0.75
0.5833333333333334
0.6071428571428571
0.9111111111111111
0.5833333333333334
0.8444444444444444
0.8444444444444444
0.2
0.1
0.9111111111111111
0.6071428571428571
0.6111111111111112
0.6944444444444444
0.6071428571428571
0.3333333333333333
0.7222222222222222
0.06666666666666667
0.2857142857142857
0.3333333333333333
0.2
0.9777777777777777
0.5
0.8666666666666667
0.0
0.4666666666666667
0.26666666666666666
0.75
0.9111111111111111
0.0
0.9777777777777777
0.2
0.5714285714285714
0.8666666666666667
0.5714285714285714
0.06666666666666667
0.3333333333333333
0.5357142857142857
0.4666666666666667
0.75
0.6190476190476191
0.0
0.4
0.7222222222222222
0.9777777777777777
0.26666666666666666
0.06666666666666667
0.9111111111111111
0.0
0.6
0.8571428571428571
0.0
0.5833333333333334
0.4
0.0
0.2857142857142857
0.0
0.0
0.75
0.9111111111111111
0.5
0.8214285714285714
0.75
0.4
0.2857142857142857
0.4
0.6111111111111112
0.2
0.0
0.8928571428571429
0.2
0.26666666666666666
0.3333333333333333
0.39285714285714285
0.3333333333333333
0.42857142857142855
0.0
0.0
0.06666666666666667
0.9333333333333333
0.5833333333333334
0.0
0.7619047619047619
0.4666666666666667
0.9047619047619048
0.5555555555555556
0.26666666666666666
0.75
--------------------------------
top-3
0.6
0.6666666666666666
0.16666666666666666
0.0
0.0
0.3333333333333333
0.7333333333333333
0.6
0.0
0.3333333333333333
0.5
0.0
1.0
1.0
0.5
0.5
0.9333333333333333
0.5
0.8
0.8
0.5
0.3333333333333333
0.9333333333333333
0.5
0.5
0.6
0.5
0.5
0.7
0.0
0.6666666666666666
0.8333333333333334
0.5
1.0
0.8333333333333334
0.8
0.0
0.5
0.6666666666666666
0.6
0.9333333333333333
0.0
1.0
0.5
0.8
0.8
0.8
0.0
0.5
0.16666666666666666
0.5
0.6
0.5
0.0
0.9
0.9333333333333333
1.0
0.5
0.0
0.8
0.0
0.8333333333333334
0.8
0.0
0.5
0.6
0.0
0.3333333333333333
0.0
0.0
0.6
0.8666666666666667
0.16666666666666666
0.8666666666666667
0.6
0.6
0.0
0.8333333333333334
0.5
0.3333333333333333
0.0
0.8666666666666667
0.5
0.8333333333333334
0.6666666666666666
0.16666666666666666
0.16666666666666666
0.16666666666666666
0.0
0.0
0.5
1.0
0.5
0.8333333333333334
0.6
0.5
0.7333333333333333
0.4
0.3333333333333333
0.6

Average20: 0.3263198006847392	Count: 100
Average10: 0.39596503290311325	Count: 100
Average5: 0.45795238095238106	Count: 100
Average3: 0.5046666666666668	Count: 100
