--------------------------------
top-20
0.2967032967032967
0.0
0.2857142857142857
0.0
0.21578947368421053
0.0
0.06315789473684211
0.32967032967032966
0.15789473684210525
0.21052631578947367
0.0
0.06315789473684211
0.0
0.08571428571428572
0.16666666666666666
0.0
0.0
0.41904761904761906
0.11578947368421053
0.19264069264069264
0.21052631578947367
0.02619047619047619
0.10238095238095238
0.010526315789473684
0.005263157894736842
0.12380952380952381
0.3566666666666667
0.11578947368421053
0.0
0.0
0.015789473684210527
0.0
0.26373626373626374
0.15333333333333332
0.3956043956043956
0.20562770562770563
0.08095238095238096
0.13768115942028986
0.0
0.004761904761904762
0.0
0.1368421052631579
0.010526315789473684
0.013157894736842105
0.004761904761904762
0.2967032967032967
0.20562770562770563
0.10476190476190476
--------------------------------
top-10
0.3626373626373626
0.24242424242424243
0.27564102564102566
0.0
0.25
0.0
0.2727272727272727
0.3516483516483517
0.4
0.509090909090909
0.3076923076923077
0.2636363636363636
0.0
0.1590909090909091
0.48484848484848486
0.24242424242424243
0.0
0.375
0.3269230769230769
0.27564102564102566
0.509090909090909
0.06666666666666667
0.37777777777777777
0.044444444444444446
0.022222222222222223
0.36363636363636365
0.15384615384615385
0.3269230769230769
0.0
0.0
0.044444444444444446
0.24242424242424243
0.3076923076923077
0.24444444444444444
0.4230769230769231
0.3333333333333333
0.28888888888888886
0.16363636363636364
0.0
0.0
0.0
0.2545454545454545
0.022222222222222223
0.0
0.0
0.3269230769230769
0.3333333333333333
0.15151515151515152
--------------------------------
top-5
0.26666666666666666
0.2
0.36666666666666664
0.2
0.1
0.0
0.19047619047619047
0.2
0.48214285714285715
0.5
0.2
0.06666666666666667
0.0
0.0
0.30952380952380953
0.2
0.0
0.06666666666666667
0.3333333333333333
0.16666666666666666
0.5
0.3
0.8333333333333334
0.2
0.1
0.26666666666666666
0.13333333333333333
0.3333333333333333
0.0
0.06666666666666667
0.1
0.2
0.06666666666666667
0.5714285714285714
0.19047619047619047
0.2
0.35714285714285715
0.3333333333333333
0.0
0.0
0.0
0.3333333333333333
0.0
0.0
0.0
0.32142857142857145
0.2
0.0
--------------------------------
top-3
0.5833333333333334
0.0
0.5
0.0
0.3333333333333333
0.0
0.0
0.3333333333333333
0.4
0.4
0.0
0.0
0.16666666666666666
0.0
0.6666666666666666
0.0
0.0
0.0
0.16666666666666666
0.0
0.4
0.4166666666666667
0.7
0.3333333333333333
0.3333333333333333
0.5
0.16666666666666666
0.16666666666666666
0.3333333333333333
0.5
0.3333333333333333
0.16666666666666666
0.0
0.45
0.0
0.16666666666666666
0.5
0.5833333333333334
0.0
0.0
0.0
0.16666666666666666
0.0
0.0
0.0
0.16666666666666666
0.16666666666666666
0.0

Average20: 0.11632278317919047	Count: 48
Average10: 0.210427361989862	Count: 48
Average5: 0.19699900793650793	Count: 48
Average3: 0.2104166666666666	Count: 48
