--------------------------------
top-20
0.6190476190476191
0.1286231884057971
0.6210526315789474
0.12166666666666667
0.12450592885375494
0.18421052631578946
0.191699604743083
0.5298850574712644
0.25925925925925924
0.010526315789473684
0.1
0.005263157894736842
0.7663817663817664
0.18666666666666668
0.24210526315789474
0.2
0.5896551724137931
0.5018115942028986
0.3605072463768116
0.3983333333333333
0.3793103448275862
0.12121212121212122
0.5492610837438424
0.09523809523809523
0.46
0.6190476190476191
0.09523809523809523
0.03684210526315789
0.6209103840682788
0.1503623188405797
0.015789473684210527
0.17894736842105263
0.1
0.7663817663817664
0.05263157894736842
0.4646153846153846
0.4051383399209486
0.06315789473684211
0.08571428571428572
0.5736842105263158
0.6415343915343915
0.04736842105263158
0.7663817663817664
0.2953846153846154
0.1956521739130435
0.5379310344827586
0.1956521739130435
0.023809523809523808
0.1539855072463768
0.45689655172413796
0.25
0.6894736842105263
0.12450592885375494
0.21666666666666667
0.27380952380952384
0.646218487394958
0.7663817663817664
0.03684210526315789
0.05789473684210526
0.524731182795699
0.042105263157894736
0.04736842105263158
0.3076923076923077
0.045454545454545456
0.24210526315789474
0.3351449275362319
0.3333333333333333
0.15612648221343872
0.042105263157894736
0.265
0.5298850574712644
0.5473118279569893
0.48307692307692307
0.4793103448275862
0.22943722943722944
0.338768115942029
0.23376623376623376
0.05789473684210526
0.19746376811594202
0.2
0.04736842105263158
0.23731884057971014
0.3793103448275862
0.29285714285714287
0.19473684210526315
0.24308300395256918
0.005263157894736842
0.36333333333333334
0.05238095238095238
0.05714285714285714
0.49567099567099565
0.6166666666666667
0.5018115942028986
0.12166666666666667
0.198005698005698
0.047619047619047616
0.14502164502164502
0.5925925925925926
0.09523809523809523
0.6
--------------------------------
top-10
0.5359477124183006
0.07272727272727272
0.5330882352941176
0.0
0.07575757575757576
0.05555555555555555
0.4444444444444444
0.6875
0.0
0.022222222222222223
0.06666666666666667
0.022222222222222223
0.7339181286549707
0.29545454545454547
0.4807692307692308
0.3974358974358974
0.7573099415204678
0.6375
0.7692307692307693
0.8131868131868132
0.1858974358974359
0.11363636363636363
0.7287581699346405
0.32727272727272727
0.6176470588235294
0.5359477124183006
0.32727272727272727
0.15555555555555556
0.5620915032679739
0.05555555555555555
0.044444444444444446
0.3626373626373626
0.32575757575757575
0.7339181286549707
0.14545454545454545
0.5761904761904761
0.23626373626373626
0.18181818181818182
0.2196969696969697
0.6102941176470589
0.7309941520467836
0.045454545454545456
0.7339181286549707
0.2803030303030303
0.3560606060606061
0.5875
0.3560606060606061
0.23076923076923078
0.17777777777777778
0.4666666666666667
0.24725274725274726
0.6209150326797386
0.25
0.2692307692307692
0.319047619047619
0.6023391812865497
0.7339181286549707
0.13333333333333333
0.0
0.6360294117647058
0.0
0.06818181818181818
0.4318181818181818
0.03636363636363636
0.4807692307692308
0.36666666666666664
0.10606060606060606
0.3106060606060606
0.01818181818181818
0.011111111111111112
0.6875
0.6323529411764706
0.4375
0.5047619047619047
0.41025641025641024
0.36666666666666664
0.20454545454545456
0.08888888888888889
0.5454545454545454
0.16666666666666666
0.06818181818181818
0.38181818181818183
0.1858974358974359
0.38095238095238093
0.38636363636363635
0.5
0.0
0.45054945054945056
0.0
0.01818181818181818
0.37142857142857144
0.6372549019607843
0.6375
0.0
0.0
0.14545454545454545
0.3111111111111111
0.6345029239766082
0.2
0.6666666666666666
--------------------------------
top-5
0.5694444444444444
0.2
0.42857142857142855
0.13333333333333333
0.0
0.1
0.5714285714285714
0.625
0.0
0.1
0.3
0.0
0.7666666666666667
0.6428571428571429
0.5138888888888888
0.5178571428571429
0.7333333333333333
0.5138888888888888
0.7
0.7
0.2
0.1
0.7333333333333333
0.5178571428571429
0.5277777777777778
0.5694444444444444
0.5178571428571429
0.3333333333333333
0.5972222222222222
0.06666666666666667
0.2857142857142857
0.3333333333333333
0.2
0.7666666666666667
0.5
0.7111111111111111
0.0
0.36666666666666664
0.26666666666666666
0.5972222222222222
0.7333333333333333
0.0
0.7666666666666667
0.2
0.5238095238095238
0.7111111111111111
0.5238095238095238
0.06666666666666667
0.3333333333333333
0.42857142857142855
0.36666666666666664
0.5972222222222222
0.5
0.0
0.4
0.6388888888888888
0.7666666666666667
0.26666666666666666
0.06666666666666667
0.7333333333333333
0.0
0.3333333333333333
0.7321428571428571
0.0
0.5138888888888888
0.36666666666666664
0.0
0.2619047619047619
0.0
0.0
0.625
0.7333333333333333
0.4107142857142857
0.7142857142857143
0.6388888888888888
0.36666666666666664
0.23809523809523808
0.4
0.5277777777777778
0.2
0.0
0.75
0.2
0.26666666666666666
0.30952380952380953
0.35714285714285715
0.2
0.375
0.0
0.0
0.06666666666666667
0.7444444444444445
0.5138888888888888
0.0
0.47619047619047616
0.36666666666666664
0.7619047619047619
0.5
0.23333333333333334
0.5972222222222222
--------------------------------
top-3
0.5
0.6666666666666666
0.16666666666666666
0.0
0.0
0.3333333333333333
0.6666666666666666
0.6
0.0
0.3333333333333333
0.5
0.0
0.8
0.8
0.45
0.45
0.7666666666666667
0.45
0.7
0.7
0.4166666666666667
0.3333333333333333
0.7666666666666667
0.45
0.45
0.5
0.45
0.5
0.6
0.0
0.6666666666666666
0.6666666666666666
0.4166666666666667
0.8
0.8333333333333334
0.7
0.0
0.4166666666666667
0.6666666666666666
0.5
0.7666666666666667
0.0
0.8
0.4166666666666667
0.7
0.7
0.7
0.0
0.5
0.16666666666666666
0.45
0.5
0.45
0.0
0.7
0.7666666666666667
0.8
0.5
0.0
0.7
0.0
0.5
0.7
0.0
0.45
0.5
0.0
0.3333333333333333
0.0
0.0
0.6
0.7333333333333333
0.16666666666666666
0.7333333333333333
0.6
0.5
0.0
0.75
0.45
0.3333333333333333
0.0
0.7333333333333333
0.4166666666666667
0.6666666666666666
0.6666666666666666
0.16666666666666666
0.16666666666666666
0.16666666666666666
0.0
0.0
0.3333333333333333
0.8
0.45
0.5
0.6
0.45
0.6666666666666666
0.4
0.3333333333333333
0.5
Average20: 0.2927624165265111	Var: 0.04791343654113717	Count: 100
Average10: 0.3407483459952499	Var: 0.059569311367484404	Count: 100
Average5: 0.38711904761904764	Var: 0.06391705851599899	Count: 100
Average3: 0.43999999999999995	Var: 0.07119444444444442	Count: 100
