--------------------------------
top-20
0.3333333333333333
0.125
0.23715415019762845
0.0
0.0
0.21428571428571427
0.21818181818181817
0.3333333333333333
NaN
0.23809523809523808
0.125
0.0
0.23715415019762845
0.5184615384615384
0.2898550724637681
0.2898550724637681
0.12083333333333333
0.17316017316017315
0.11397058823529412
0.11397058823529412
0.0
0.5
0.0625
0.0
0.2898550724637681
0.3333333333333333
0.0
0.09090909090909091
0.3333333333333333
0.24242424242424243
0.21428571428571427
0.0
0.2692307692307692
0.23715415019762845
0.26666666666666666
0.30238095238095236
0.5105105105105106
0.13736263736263737
0.09523809523809523
0.5105105105105106
0.2898550724637681
0.17316017316017315
0.23715415019762845
0.19444444444444445
0.5413105413105413
0.48160919540229885
0.5213675213675214
0.09523809523809523
0.09090909090909091
0.39886039886039887
0.2510822510822511
0.23715415019762845
0.13736263736263737
0.2510822510822511
0.2510822510822511
0.3333333333333333
0.23715415019762845
0.23809523809523808
0.20454545454545456
0.0
0.0
0.0
0.23214285714285715
0.09090909090909091
0.2898550724637681
0.27380952380952384
0.5105105105105106
0.2898550724637681
0.17316017316017315
0.21428571428571427
0.3333333333333333
0.25
0.09523809523809523
0.1394736842105263
0.0
0.27380952380952384
0.3078947368421053
0.19444444444444445
0.0
0.14285714285714285
0.0
0.09090909090909091
0.0
0.24761904761904763
0.23626373626373626
0.21666666666666667
0.21428571428571427
0.17316017316017315
0.17316017316017315
0.17316017316017315
0.23715415019762845
0.39886039886039887
0.17316017316017315
0.0
0.0
0.0
0.0
0.0
0.2898550724637681
0.23715415019762845
--------------------------------
top-10
0.38461538461538464
0.125
0.38461538461538464
0.0
0.0
0.21428571428571427
0.32727272727272727
0.43956043956043955
NaN
0.23809523809523808
0.125
0.0
0.38461538461538464
0.5228758169934641
0.0
0.0
0.30303030303030304
0.30303030303030304
0.30303030303030304
0.30303030303030304
0.0
0.5
0.1
0.0
0.0
0.38461538461538464
0.0
0.18181818181818182
0.38461538461538464
0.42424242424242425
0.21428571428571427
0.0
0.2636363636363636
0.38461538461538464
0.26666666666666666
0.46794871794871795
0.5147058823529411
0.30303030303030304
0.18181818181818182
0.5147058823529411
0.30303030303030304
0.18181818181818182
0.38461538461538464
0.19444444444444445
0.5294117647058824
0.5147058823529411
0.5
0.18181818181818182
0.18181818181818182
0.47619047619047616
0.0
0.38461538461538464
0.30303030303030304
0.0
0.0
0.38461538461538464
0.38461538461538464
0.23809523809523808
0.3712121212121212
0.0
0.0
0.0
0.23214285714285715
0.18181818181818182
0.0
0.5952380952380952
0.5147058823529411
0.38461538461538464
0.18181818181818182
0.21428571428571427
0.43956043956043955
0.43956043956043955
0.18181818181818182
0.35454545454545455
0.0
0.5952380952380952
0.4166666666666667
0.19444444444444445
0.0
0.14285714285714285
0.0
0.18181818181818182
0.0
0.5714285714285714
0.5576923076923077
0.4621212121212121
0.21428571428571427
0.18181818181818182
0.18181818181818182
0.18181818181818182
0.38461538461538464
0.47619047619047616
0.30303030303030304
0.0
0.0
0.0
0.0
0.0
0.38461538461538464
0.38461538461538464
--------------------------------
top-5
0.47619047619047616
0.3333333333333333
0.3333333333333333
0.0
0.0
0.47619047619047616
0.3333333333333333
0.47619047619047616
NaN
0.47619047619047616
0.3333333333333333
0.0
0.3333333333333333
0.5555555555555556
0.0
0.0
0.3333333333333333
0.47619047619047616
0.47619047619047616
0.47619047619047616
0.0
0.5
0.2
0.0
0.0
0.47619047619047616
0.0
0.3333333333333333
0.47619047619047616
0.3333333333333333
0.47619047619047616
0.0
0.3333333333333333
0.47619047619047616
0.4666666666666667
0.3333333333333333
0.5555555555555556
0.3333333333333333
0.3333333333333333
0.5555555555555556
0.3333333333333333
0.3333333333333333
0.3333333333333333
0.47619047619047616
0.5357142857142857
0.5555555555555556
0.5357142857142857
0.3333333333333333
0.3333333333333333
0.5555555555555556
0.0
0.3333333333333333
0.3333333333333333
0.0
0.0
0.47619047619047616
0.3333333333333333
0.3
0.5357142857142857
0.0
0.0
0.0
0.3333333333333333
0.3333333333333333
0.0
0.5555555555555556
0.5555555555555556
0.47619047619047616
0.3333333333333333
0.47619047619047616
0.47619047619047616
0.3333333333333333
0.3333333333333333
0.6785714285714286
0.0
0.5555555555555556
0.6428571428571429
0.47619047619047616
0.0
0.3333333333333333
0.0
0.0
0.0
0.6111111111111112
0.6607142857142857
0.6428571428571429
0.3333333333333333
0.0
0.3333333333333333
0.3333333333333333
0.3333333333333333
0.5555555555555556
0.47619047619047616
0.0
0.0
0.0
0.0
0.0
0.47619047619047616
0.3333333333333333
--------------------------------
top-3
0.6
0.5
0.0
0.0
0.0
0.5
0.0
0.6
NaN
0.5
0.5
0.0
0.0
0.6
0.0
0.0
0.0
0.6
0.5
0.5
0.0
0.5
0.6666666666666666
0.0
0.0
0.6
0.0
0.5
0.6
0.5
0.0
0.0
0.5
0.5
0.6
0.5
0.6
0.5
0.5
0.6
0.5
0.0
0.0
0.6
0.6
0.6
0.6
0.5
0.5
0.6
0.0
0.0
0.5
0.0
0.0
0.6
0.0
0.6666666666666666
0.6
0.0
0.0
0.0
0.5
0.5
0.0
0.6
0.6
0.6
0.0
0.6
0.6
0.5
0.5
0.6666666666666666
0.0
0.6
0.75
0.6
0.0
0.5
0.0
0.0
0.0
0.6
0.6
0.6
0.0
0.0
0.0
0.0
0.0
0.6
0.6
0.0
0.0
0.0
0.0
0.0
0.6
0.0

Average20: 0.2011629018054818	Var: 0.0202819037848865	Count: 99
Average10: 0.247413949686677	Var: 0.034549699300216244	Count: 99
Average5: 0.3100088183421515	Var: 0.04618088976040187	Count: 99
Average3: 0.3196969696969699	Var: 0.08047903275175981	Count: 99
