--------------------------------
top-20
0.35185185185185186
0.11428571428571428
0.4105263157894737
0.125
0.12055335968379446
0.22631578947368422
0.13636363636363635
0.3888888888888889
0.1908831908831909
0.010526315789473684
0.05238095238095238
0.02619047619047619
0.6381766381766382
0.3448275862068966
0.1368421052631579
0.10526315789473684
0.43538461538461537
0.5543478260869565
0.15810276679841898
0.16996047430830039
0.19538461538461538
0.06521739130434782
0.45692307692307693
0.09523809523809523
0.3516666666666667
0.35185185185185186
0.09523809523809523
0.015789473684210527
0.4474153297682709
0.08695652173913043
0.015789473684210527
0.0380952380952381
0.08421052631578947
0.6524216524216524
0.023809523809523808
0.3862433862433862
0.24025974025974026
0.010526315789473684
0.0880952380952381
0.4236842105263158
0.62
0.010526315789473684
0.6524216524216524
0.2572463768115942
0.2606837606837607
0.39021164021164023
0.2606837606837607
0.015789473684210527
0.05194805194805195
0.11666666666666667
0.22380952380952382
0.46578947368421053
0.049783549783549784
0.21666666666666667
0.24523809523809523
0.35846153846153844
0.6524216524216524
0.021052631578947368
0.05789473684210526
0.5714285714285714
0.014285714285714285
0.042105263157894736
0.21794871794871795
0.005263157894736842
0.1368421052631579
0.22529644268774704
0.23376623376623376
0.11666666666666667
0.0
0.24
0.3888888888888889
0.3233333333333333
0.38153846153846155
0.345
0.22077922077922077
0.22529644268774704
0.2753846153846154
0.02857142857142857
0.23731884057971014
0.16403162055335968
0.042105263157894736
0.21645021645021645
0.19538461538461538
0.2642857142857143
0.12105263157894737
0.07894736842105263
0.005263157894736842
0.23007246376811594
0.03333333333333333
0.03333333333333333
0.3246753246753247
0.39384615384615385
0.5543478260869565
0.125
0.0691699604743083
0.047619047619047616
0.11471861471861472
0.3105263157894737
0.005263157894736842
0.46578947368421053
--------------------------------
top-10
0.16666666666666666
0.07575757575757576
0.47435897435897434
0.0
0.03636363636363636
0.23333333333333334
0.26666666666666666
0.49523809523809526
0.0
0.022222222222222223
0.044444444444444446
0.022222222222222223
0.6929824561403509
0.23626373626373626
0.42948717948717946
0.3484848484848485
0.5686274509803921
0.4869281045751634
0.48484848484848486
0.5303030303030303
0.03636363636363636
0.022222222222222223
0.6503267973856209
0.32727272727272727
0.5183823529411765
0.16666666666666666
0.32727272727272727
0.06666666666666667
0.31868131868131866
0.011111111111111112
0.044444444444444446
0.0
0.26515151515151514
0.6929824561403509
0.044444444444444446
0.46794871794871795
0.14743589743589744
0.022222222222222223
0.19090909090909092
0.5833333333333334
0.6691176470588235
0.0
0.6929824561403509
0.24444444444444444
0.16666666666666666
0.4807692307692308
0.16666666666666666
0.0
0.08888888888888889
0.17272727272727273
0.22527472527472528
0.5833333333333334
0.022222222222222223
0.2692307692307692
0.29120879120879123
0.23626373626373626
0.6929824561403509
0.06666666666666667
0.0
0.6666666666666666
0.0
0.06818181818181818
0.03636363636363636
0.0
0.42948717948717946
0.21153846153846154
0.07575757575757576
0.17272727272727273
0.0
0.02727272727272727
0.49523809523809526
0.25824175824175827
0.37083333333333335
0.27472527472527475
0.48717948717948717
0.21153846153846154
0.3333333333333333
0.044444444444444446
0.6287878787878788
0.12121212121212122
0.06818181818181818
0.4222222222222222
0.03636363636363636
0.3516483516483517
0.3090909090909091
0.24242424242424243
0.0
0.4230769230769231
0.0
0.0
0.30952380952380953
0.3516483516483517
0.4869281045751634
0.0
0.0
0.14545454545454545
0.3111111111111111
0.5904761904761905
0.022222222222222223
0.6794871794871795
--------------------------------
top-5
0.2
0.0
0.23809523809523808
0.0
0.0
0.7
0.7142857142857143
0.30952380952380953
0.0
0.1
0.2
0.0
0.6805555555555556
0.0
0.39285714285714285
0.38095238095238093
0.375
0.32142857142857145
0.35714285714285715
0.32142857142857145
0.0
0.0
0.5277777777777778
0.5178571428571429
0.39285714285714285
0.2
0.5178571428571429
0.3
0.2
0.0
0.2
0.0
0.4
0.6805555555555556
0.2
0.6388888888888888
0.0
0.1
0.2
0.4107142857142857
0.6555555555555556
0.0
0.6805555555555556
0.5
0.0
0.6388888888888888
0.0
0.0
0.4
0.3333333333333333
0.36666666666666664
0.4107142857142857
0.1
0.0
0.2
0.3
0.6805555555555556
0.3
0.0
0.6666666666666666
0.0
0.0
0.0
0.0
0.39285714285714285
0.15
0.0
0.13333333333333333
0.0
0.0
0.30952380952380953
0.16666666666666666
0.35714285714285715
0.16666666666666666
0.6428571428571429
0.15
0.5277777777777778
0.2
0.75
0.1
0.0
0.7142857142857143
0.0
0.16666666666666666
0.3333333333333333
0.06666666666666667
0.0
0.375
0.0
0.0
0.0
0.5238095238095238
0.32142857142857145
0.0
0.0
0.36666666666666664
0.7619047619047619
0.5
0.1
0.5694444444444444
--------------------------------
top-3
0.16666666666666666
0.0
0.0
0.0
0.0
0.75
0.6
0.6666666666666666
0.0
0.3333333333333333
0.6666666666666666
0.0
0.8
0.0
0.3333333333333333
0.3333333333333333
0.16666666666666666
0.16666666666666666
0.16666666666666666
0.16666666666666666
0.0
0.0
0.45
0.45
0.3333333333333333
0.16666666666666666
0.45
0.6666666666666666
0.16666666666666666
0.0
0.6666666666666666
0.0
0.5
0.8
0.3333333333333333
0.7
0.0
0.3333333333333333
0.16666666666666666
0.16666666666666666
0.7
0.0
0.8
0.8333333333333334
0.0
0.7
0.0
0.0
0.6666666666666666
0.5
0.4166666666666667
0.16666666666666666
0.3333333333333333
0.0
0.6666666666666666
0.3333333333333333
0.8
1.0
0.0
0.7
0.0
0.0
0.0
0.0
0.3333333333333333
0.3333333333333333
0.0
0.16666666666666666
0.0
0.0
0.6666666666666666
0.0
0.16666666666666666
0.0
0.6
0.3333333333333333
0.45
0.6666666666666666
0.7
0.3333333333333333
0.0
0.6666666666666666
0.0
0.6666666666666666
0.6666666666666666
0.0
0.0
0.16666666666666666
0.0
0.0
0.0
0.5
0.16666666666666666
0.0
0.0
0.4166666666666667
0.6666666666666666
0.4
0.16666666666666666
0.5
Average20: 0.21773713349939894	Var: 0.03133034661992343	Count: 100
Average10: 0.2525187259421003	Var: 0.048638558407017196	Count: 100
Average5: 0.2585674603174604	Var: 0.057980067696522974	Count: 100
Average3: 0.30016666666666675	Var: 0.0837749722222222	Count: 100
