--------------------------------
top-20
0.24725274725274726
0.3888888888888889
0.24725274725274726
0.5042016806722689
0.22514619883040934
0.3333333333333333
0.07692307692307693
0.24725274725274726
0.0
0.0
0.3888888888888889
0.14102564102564102
0.49910873440285203
0.36666666666666664
0.12857142857142856
0.3888888888888889
0.23809523809523808
0.12857142857142856
0.0
0.09523809523809523
0.0
0.0
0.0
0.3333333333333333
0.19736842105263158
0.12857142857142856
0.22514619883040934
0.0
0.3984615384615385
0.0
0.27380952380952384
0.3888888888888889
0.0
0.125
0.19230769230769232
0.09523809523809523
0.2818181818181818
0.0
0.0
0.0
0.49910873440285203
0.0
0.19736842105263158
0.0
0.0
0.0
0.09523809523809523
0.3476190476190476
--------------------------------
top-10
0.43956043956043955
0.38461538461538464
0.43956043956043955
0.5263157894736842
0.38461538461538464
0.3333333333333333
0.1
0.43956043956043955
0.0
0.0
0.30303030303030304
0.18181818181818182
0.5263157894736842
0.510989010989011
0.30303030303030304
0.38461538461538464
0.23809523809523808
0.30303030303030304
0.0
0.18181818181818182
0.0
0.0
0.0
0.3333333333333333
0.5448717948717948
0.30303030303030304
0.43956043956043955
0.0
0.3712121212121212
0.0
0.30303030303030304
0.38461538461538464
0.0
0.125
0.25555555555555554
0.18181818181818182
0.39090909090909093
0.0
0.0
0.0
0.5263157894736842
0.0
0.5448717948717948
0.0
0.0
0.0
0.18181818181818182
0.4772727272727273
--------------------------------
top-5
0.47619047619047616
0.3333333333333333
0.47619047619047616
0.5555555555555556
0.47619047619047616
0.3333333333333333
0.4666666666666667
0.47619047619047616
0.0
0.0
0.3333333333333333
0.3333333333333333
0.5555555555555556
0.5555555555555556
0.47619047619047616
0.3333333333333333
0.3333333333333333
0.47619047619047616
0.0
0.0
0.0
0.0
0.0
0.3333333333333333
0.5555555555555556
0.47619047619047616
0.47619047619047616
0.0
0.4666666666666667
0.0
0.0
0.3333333333333333
0.0
0.3333333333333333
0.5714285714285714
0.0
0.5357142857142857
0.0
0.0
0.0
0.5555555555555556
0.0
0.5555555555555556
0.0
0.0
0.0
0.0
0.6190476190476191
--------------------------------
top-3
0.6
0.5
0.6
0.6
0.6
0.3333333333333333
0.6666666666666666
0.6
0.0
0.0
0.5
0.5
0.6
0.6
0.6
0.5
0.5
0.6
0.0
0.0
0.0
0.0
0.0
0.3333333333333333
0.6
0.6
0.6
0.0
0.6666666666666666
0.0
0.0
0.5
0.0
0.5
0.5
0.0
0.6
0.0
0.0
0.0
0.6
0.0
0.6
0.0
0.0
0.0
0.0
0.6

Average20: 0.17551216732041042	Count: 48
Average10: 0.236323310583179	Count: 48
Average5: 0.26671626984126984	Count: 48
Average3: 0.3249999999999999	Count: 48
