--------------------------------
top-20
0.5833333333333334
0.25
0.43873517786561267
0.0
0.0
0.42857142857142855
0.43636363636363634
0.5833333333333334
NaN
0.47619047619047616
0.25
0.0
0.43873517786561267
0.803076923076923
0.5217391304347826
0.5217391304347826
0.24166666666666667
0.329004329004329
0.22794117647058823
0.22794117647058823
0.0
1.0
0.125
0.0
0.5217391304347826
0.5833333333333334
0.0
0.18181818181818182
0.5833333333333334
0.48484848484848486
0.42857142857142855
0.0
0.5384615384615384
0.43873517786561267
0.5333333333333333
0.6
0.5870870870870871
0.27472527472527475
0.18571428571428572
0.5870870870870871
0.5217391304347826
0.329004329004329
0.43873517786561267
0.3888888888888889
0.8005698005698005
0.7103448275862069
0.7749287749287749
0.18571428571428572
0.18181818181818182
0.6581196581196581
0.4675324675324675
0.43873517786561267
0.27472527472527475
0.4675324675324675
0.4675324675324675
0.5833333333333334
0.43873517786561267
0.47619047619047616
0.4090909090909091
0.0
0.0
0.0
0.4642857142857143
0.18181818181818182
0.5217391304347826
0.4714285714285714
0.5870870870870871
0.5217391304347826
0.329004329004329
0.42857142857142855
0.5833333333333334
0.5
0.18571428571428572
0.2789473684210526
0.0
0.4714285714285714
0.6157894736842106
0.3888888888888889
0.0
0.2857142857142857
0.0
0.18181818181818182
0.0
0.4142857142857143
0.4725274725274725
0.3476190476190476
0.42857142857142855
0.329004329004329
0.329004329004329
0.329004329004329
0.43873517786561267
0.6581196581196581
0.329004329004329
0.0
0.0
0.0
0.0
0.0
0.5217391304347826
0.43873517786561267
--------------------------------
top-10
0.6538461538461539
0.25
0.6538461538461539
0.0
0.0
0.42857142857142855
0.6
0.7032967032967034
NaN
0.47619047619047616
0.25
0.0
0.6538461538461539
0.6274509803921569
0.0
0.0
0.5454545454545454
0.5454545454545454
0.5454545454545454
0.5454545454545454
0.0
1.0
0.2
0.0
0.0
0.6538461538461539
0.0
0.34545454545454546
0.6538461538461539
0.7272727272727273
0.42857142857142855
0.0
0.4909090909090909
0.6538461538461539
0.5333333333333333
0.7435897435897436
0.6691176470588235
0.5454545454545454
0.34545454545454546
0.6691176470588235
0.5454545454545454
0.34545454545454546
0.6538461538461539
0.3888888888888889
0.6985294117647058
0.6691176470588235
0.7
0.34545454545454546
0.34545454545454546
0.7142857142857143
0.0
0.6538461538461539
0.5454545454545454
0.0
0.0
0.6538461538461539
0.6538461538461539
0.47619047619047616
0.6515151515151515
0.0
0.0
0.0
0.4642857142857143
0.34545454545454546
0.0
0.7142857142857143
0.6691176470588235
0.6538461538461539
0.34545454545454546
0.42857142857142855
0.7032967032967034
0.7032967032967034
0.34545454545454546
0.5636363636363636
0.0
0.7142857142857143
0.717948717948718
0.3888888888888889
0.0
0.2857142857142857
0.0
0.34545454545454546
0.0
0.7032967032967034
0.7307692307692307
0.6515151515151515
0.42857142857142855
0.34545454545454546
0.34545454545454546
0.34545454545454546
0.6538461538461539
0.7142857142857143
0.5454545454545454
0.0
0.0
0.0
0.0
0.0
0.6538461538461539
0.6538461538461539
--------------------------------
top-5
0.7619047619047619
0.6
0.6
0.0
0.0
0.7619047619047619
0.6
0.7619047619047619
NaN
0.7619047619047619
0.6
0.0
0.6
0.6666666666666666
0.0
0.0
0.6
0.7619047619047619
0.7619047619047619
0.7619047619047619
0.0
1.0
0.4
0.0
0.0
0.7619047619047619
0.0
0.6
0.7619047619047619
0.6
0.7619047619047619
0.0
0.6
0.7619047619047619
0.8
0.6
0.6666666666666666
0.6
0.6
0.6666666666666666
0.6
0.6
0.6
0.7619047619047619
0.75
0.5555555555555556
0.75
0.6
0.6
0.6666666666666666
0.0
0.6
0.6
0.0
0.0
0.7619047619047619
0.6
0.6
0.75
0.0
0.0
0.0
0.6
0.6
0.0
0.5555555555555556
0.6666666666666666
0.7619047619047619
0.6
0.7619047619047619
0.7619047619047619
0.6
0.6
0.8214285714285714
0.0
0.5555555555555556
0.8095238095238095
0.7619047619047619
0.0
0.6
0.0
0.0
0.0
0.6666666666666666
0.7857142857142857
0.75
0.6
0.0
0.6
0.6
0.6
0.6666666666666666
0.7619047619047619
0.0
0.0
0.0
0.0
0.0
0.7619047619047619
0.6
--------------------------------
top-3
0.8
0.8333333333333334
0.0
0.0
0.0
0.8333333333333334
0.0
0.8
NaN
0.8333333333333334
0.8333333333333334
0.0
0.0
0.8
0.0
0.0
0.0
0.8
0.8333333333333334
0.8333333333333334
0.0
1.0
0.8333333333333334
0.0
0.0
0.8
0.0
0.8333333333333334
0.8
0.8333333333333334
0.0
0.0
0.8333333333333334
0.8333333333333334
0.8
0.8333333333333334
0.6
0.8333333333333334
0.8333333333333334
0.6
0.8333333333333334
0.0
0.0
0.8
0.8
0.6
0.8
0.8333333333333334
0.8333333333333334
0.6
0.0
0.0
0.8333333333333334
0.0
0.0
0.8
0.0
1.0
0.8
0.0
0.0
0.0
0.8333333333333334
0.8333333333333334
0.0
0.6
0.6
0.8
0.0
0.8
0.8
0.8333333333333334
0.8333333333333334
0.7333333333333333
0.0
0.6
0.9
0.8
0.0
0.8333333333333334
0.0
0.0
0.0
0.6
0.6
0.6
0.0
0.0
0.0
0.0
0.0
0.6
0.8
0.0
0.0
0.0
0.0
0.0
0.8
0.0

Average20: 0.35817260267342754	Count: 99
Average10: 0.40748132998578607	Count: 99
Average5: 0.48107263107263126	Count: 99
Average3: 0.44242424242424244	Count: 99
