--------------------------------
top-20
0.10989010989010989
0.0
0.21428571428571427
0.0
0.17105263157894737
0.0
0.06315789473684211
0.24725274725274726
0.15789473684210525
0.21052631578947367
0.0
0.06315789473684211
0.0
0.10476190476190476
0.1736842105263158
0.0
0.09523809523809523
0.41904761904761906
0.07368421052631578
0.18398268398268397
0.21052631578947367
0.03571428571428571
0.10238095238095238
0.015789473684210527
0.002631578947368421
0.11904761904761904
0.4420289855072464
0.07368421052631578
0.0
0.0
0.013157894736842105
0.0
0.26373626373626374
0.14333333333333334
0.3076923076923077
0.19696969696969696
0.08008658008658008
0.12681159420289856
0.0
0.004761904761904762
0.0
0.1368421052631579
0.010526315789473684
0.013157894736842105
0.004761904761904762
0.2967032967032967
0.19696969696969696
0.10952380952380952
--------------------------------
top-10
0.15151515151515152
0.0
0.21153846153846154
0.0
0.2619047619047619
0.0
0.2727272727272727
0.3076923076923077
0.4
0.509090909090909
0.0
0.2636363636363636
0.0
0.09848484848484848
0.4696969696969697
0.0
0.09523809523809523
0.375
0.2636363636363636
0.25
0.509090909090909
0.06666666666666667
0.37777777777777777
0.06666666666666667
0.011111111111111112
0.3484848484848485
0.27472527472527475
0.2636363636363636
0.0
0.0
0.03333333333333333
0.0
0.3076923076923077
0.12727272727272726
0.3717948717948718
0.3076923076923077
0.2222222222222222
0.16363636363636364
0.0
0.0
0.0
0.2545454545454545
0.022222222222222223
0.0
0.34615384615384615
0.40384615384615385
0.3076923076923077
0.022222222222222223
--------------------------------
top-5
0.0
0.0
0.2
0.0
0.05
0.0
0.19047619047619047
0.06666666666666667
0.48214285714285715
0.5
0.0
0.06666666666666667
0.0
0.06666666666666667
0.2619047619047619
0.0
0.2
0.06666666666666667
0.3333333333333333
0.0
0.5
0.3
0.8333333333333334
0.3
0.05
0.2
0.3333333333333333
0.3333333333333333
0.0
0.0
0.05
0.0
0.06666666666666667
0.3333333333333333
0.19047619047619047
0.06666666666666667
0.2619047619047619
0.3333333333333333
0.0
0.0
0.0
0.3333333333333333
0.0
0.0
0.42857142857142855
0.32142857142857145
0.06666666666666667
0.0
--------------------------------
top-3
0.16666666666666666
0.0
0.6666666666666666
0.0
0.0
0.0
0.0
0.0
0.4
0.4
0.0
0.0
0.0
0.0
0.3333333333333333
0.0
0.4166666666666667
0.0
0.16666666666666666
0.0
0.4
0.4166666666666667
0.7
0.5
0.16666666666666666
0.6666666666666666
0.3333333333333333
0.16666666666666666
0.0
0.0
0.16666666666666666
0.0
0.0
0.16666666666666666
0.0
0.0
0.3333333333333333
0.5833333333333334
0.0
0.0
0.0
0.16666666666666666
0.0
0.0
0.3333333333333333
0.16666666666666666
0.0
0.0

Average20: 0.10821780812627495	Count: 48
Average10: 0.18205515549265547	Count: 48
Average5: 0.1622271825396825	Count: 48
Average3: 0.16284722222222223	Count: 48
