--------------------------------
top-20
0.21978021978021978
0.0
0.27472527472527475
0.0
0.28421052631578947
0.0
0.06315789473684211
0.31868131868131866
0.21052631578947367
0.2736842105263158
0.0
0.06315789473684211
0.0
0.20952380952380953
0.1736842105263158
0.0
0.09523809523809523
0.41904761904761906
0.07368421052631578
0.18614718614718614
0.2736842105263158
0.0380952380952381
0.10476190476190476
0.015789473684210527
0.005263157894736842
0.11904761904761904
0.4927536231884058
0.07368421052631578
0.0
0.0
0.015789473684210527
0.0
0.26373626373626374
0.17
0.4175824175824176
0.19913419913419914
0.08658008658008658
0.14492753623188406
0.0
0.004761904761904762
0.0
0.2
0.010526315789473684
0.015789473684210527
0.004761904761904762
0.2967032967032967
0.19913419913419914
0.21904761904761905
--------------------------------
top-10
0.24242424242424243
0.0
0.2564102564102564
0.0
0.2857142857142857
0.0
0.32727272727272727
0.3956043956043956
0.4
0.5272727272727272
0.0
0.3090909090909091
0.0
0.13636363636363635
0.5
0.0
0.09523809523809523
0.45
0.2727272727272727
0.3076923076923077
0.5272727272727272
0.06666666666666667
0.37777777777777777
0.06666666666666667
0.022222222222222223
0.3939393939393939
0.2967032967032967
0.2727272727272727
0.0
0.0
0.044444444444444446
0.0
0.3516483516483517
0.12727272727272726
0.48717948717948717
0.38461538461538464
0.24444444444444444
0.16363636363636364
0.0
0.0
0.0
0.2727272727272727
0.022222222222222223
0.0
0.5769230769230769
0.5
0.38461538461538464
0.044444444444444446
--------------------------------
top-5
0.0
0.0
0.2
0.0
0.1
0.0
0.19047619047619047
0.06666666666666667
0.5357142857142857
0.5555555555555556
0.0
0.06666666666666667
0.0
0.06666666666666667
0.2857142857142857
0.0
0.2
0.06666666666666667
0.38095238095238093
0.0
0.5555555555555556
0.3
0.9047619047619048
0.3
0.1
0.2
0.38095238095238093
0.38095238095238093
0.0
0.0
0.1
0.0
0.06666666666666667
0.38095238095238093
0.19047619047619047
0.06666666666666667
0.2857142857142857
0.3333333333333333
0.0
0.0
0.0
0.38095238095238093
0.0
0.0
0.5357142857142857
0.32142857142857145
0.06666666666666667
0.0
--------------------------------
top-3
0.16666666666666666
0.0
0.6666666666666666
0.0
0.0
0.0
0.0
0.0
0.4
0.4
0.0
0.0
0.0
0.0
0.3333333333333333
0.0
0.5
0.0
0.16666666666666666
0.0
0.4
0.5
0.8
0.5
0.3333333333333333
0.6666666666666666
0.3333333333333333
0.16666666666666666
0.0
0.0
0.3333333333333333
0.0
0.0
0.16666666666666666
0.0
0.0
0.3333333333333333
0.6666666666666666
0.0
0.0
0.0
0.16666666666666666
0.0
0.0
0.5
0.16666666666666666
0.0
0.0

Average20: 0.1299333940595382	Count: 48
Average10: 0.21112417674917672	Count: 48
Average5: 0.17845568783068785	Count: 48
Average3: 0.18055555555555555	Count: 48
