--------------------------------
top-20
0.4358974358974359
0.11428571428571428
0.5526315789473685
0.15
0.13043478260869565
0.4
0.14285714285714285
0.4358974358974359
0.23646723646723647
0.010526315789473684
0.05238095238095238
0.03333333333333333
0.7150997150997151
0.41133004926108374
0.1368421052631579
0.10526315789473684
0.4676923076923077
0.6413043478260869
0.16996047430830039
0.18181818181818182
0.2276923076923077
0.07509881422924901
0.48
0.09523809523809523
0.38
0.4358974358974359
0.09523809523809523
0.015789473684210527
0.5276292335115864
0.09881422924901186
0.015789473684210527
0.0380952380952381
0.1
0.7378917378917379
0.023809523809523808
0.43915343915343913
0.329004329004329
0.010526315789473684
0.09047619047619047
0.5684210526315789
0.6733333333333333
0.010526315789473684
0.7378917378917379
0.3007246376811594
0.2905982905982906
0.455026455026455
0.2905982905982906
0.015789473684210527
0.05627705627705628
0.14285714285714285
0.2571428571428571
0.6368421052631579
0.06060606060606061
0.22380952380952382
0.28095238095238095
0.4492307692307692
0.7378917378917379
0.021052631578947368
0.11578947368421053
0.7195767195767195
0.014285714285714285
0.042105263157894736
0.27635327635327633
0.005263157894736842
0.1368421052631579
0.2766798418972332
0.2857142857142857
0.1523809523809524
0.0
0.2733333333333333
0.4358974358974359
0.4066666666666667
0.4553846153846154
0.43666666666666665
0.22510822510822512
0.2766798418972332
0.31076923076923074
0.02857142857142857
0.2536231884057971
0.17391304347826086
0.042105263157894736
0.22077922077922077
0.2276923076923077
0.3
0.15789473684210525
0.07894736842105263
0.005263157894736842
0.25
0.03333333333333333
0.03333333333333333
0.4199134199134199
0.48923076923076925
0.6413043478260869
0.15
0.07905138339920949
0.047619047619047616
0.11688311688311688
0.3157894736842105
0.005263157894736842
0.6368421052631579
--------------------------------
top-10
0.1794871794871795
0.09090909090909091
0.5256410256410257
0.0
0.03636363636363636
0.24444444444444444
0.26666666666666666
0.580952380952381
0.0
0.022222222222222223
0.044444444444444446
0.022222222222222223
0.8888888888888888
0.2967032967032967
0.5384615384615384
0.4393939393939394
0.7189542483660131
0.5555555555555556
0.5454545454545454
0.5909090909090909
0.03636363636363636
0.022222222222222223
0.7973856209150327
0.32727272727272727
0.6176470588235294
0.1794871794871795
0.32727272727272727
0.06666666666666667
0.3516483516483517
0.022222222222222223
0.044444444444444446
0.0
0.3333333333333333
0.8888888888888888
0.044444444444444446
0.5
0.1794871794871795
0.022222222222222223
0.23636363636363636
0.6538461538461539
0.7573529411764706
0.0
0.8888888888888888
0.24444444444444444
0.20512820512820512
0.5128205128205128
0.20512820512820512
0.0
0.08888888888888889
0.18181818181818182
0.27472527472527475
0.6538461538461539
0.022222222222222223
0.31868131868131866
0.3626373626373626
0.26373626373626374
0.8888888888888888
0.06666666666666667
0.0
0.8104575163398693
0.0
0.07575757575757576
0.03636363636363636
0.0
0.5384615384615384
0.2564102564102564
0.09090909090909091
0.21818181818181817
0.0
0.03636363636363636
0.580952380952381
0.3076923076923077
0.4083333333333333
0.3076923076923077
0.5897435897435898
0.2564102564102564
0.3484848484848485
0.044444444444444446
0.6363636363636364
0.13636363636363635
0.07575757575757576
0.4222222222222222
0.03636363636363636
0.43956043956043955
0.4
0.25757575757575757
0.0
0.5384615384615384
0.0
0.0
0.38095238095238093
0.38461538461538464
0.5555555555555556
0.0
0.0
0.14545454545454545
0.3111111111111111
0.7047619047619048
0.022222222222222223
0.7692307692307693
--------------------------------
top-5
0.2
0.0
0.2857142857142857
0.0
0.0
0.8
0.8571428571428571
0.3333333333333333
0.0
0.1
0.2
0.0
0.8055555555555556
0.0
0.42857142857142855
0.42857142857142855
0.42857142857142855
0.32142857142857145
0.39285714285714285
0.32142857142857145
0.0
0.0
0.6111111111111112
0.6071428571428571
0.42857142857142855
0.2
0.6071428571428571
0.3
0.2
0.0
0.2
0.0
0.5
0.8055555555555556
0.2
0.7222222222222222
0.0
0.1
0.2
0.5
0.7555555555555555
0.0
0.8055555555555556
0.5333333333333333
0.0
0.7222222222222222
0.0
0.0
0.4
0.3333333333333333
0.4666666666666667
0.5
0.1
0.0
0.4
0.3
0.8055555555555556
0.3
0.0
0.7777777777777778
0.0
0.0
0.0
0.0
0.42857142857142855
0.2
0.0
0.13333333333333333
0.0
0.0
0.3333333333333333
0.2
0.42857142857142855
0.2
0.75
0.2
0.6111111111111112
0.2
0.8333333333333334
0.1
0.0
0.8214285714285714
0.0
0.26666666666666666
0.4
0.06666666666666667
0.0
0.42857142857142855
0.0
0.0
0.0
0.5714285714285714
0.32142857142857145
0.0
0.0
0.4666666666666667
0.9047619047619048
0.5555555555555556
0.1
0.6944444444444444
--------------------------------
top-3
0.16666666666666666
0.0
0.0
0.0
0.0
0.9
0.6
0.6666666666666666
0.0
0.3333333333333333
0.6666666666666666
0.0
1.0
0.0
0.3333333333333333
0.3333333333333333
0.16666666666666666
0.16666666666666666
0.16666666666666666
0.16666666666666666
0.0
0.0
0.5
0.5
0.3333333333333333
0.16666666666666666
0.5
0.8333333333333334
0.16666666666666666
0.0
0.6666666666666666
0.0
0.5
1.0
0.3333333333333333
0.8
0.0
0.3333333333333333
0.16666666666666666
0.16666666666666666
0.8
0.0
1.0
0.8333333333333334
0.0
0.8
0.0
0.0
0.8333333333333334
0.5
0.5
0.16666666666666666
0.3333333333333333
0.0
0.8333333333333334
0.3333333333333333
1.0
1.0
0.0
0.8
0.0
0.0
0.0
0.0
0.3333333333333333
0.3333333333333333
0.0
0.16666666666666666
0.0
0.0
0.6666666666666666
0.0
0.16666666666666666
0.0
0.6
0.3333333333333333
0.5
0.6666666666666666
0.8
0.3333333333333333
0.0
0.7333333333333333
0.0
0.8333333333333334
0.8333333333333334
0.0
0.0
0.16666666666666666
0.0
0.0
0.0
0.5
0.16666666666666666
0.0
0.0
0.5
0.7333333333333333
0.4
0.16666666666666666
0.6

Average20: 0.2550258806267148	Count: 100
Average10: 0.29297998406821923	Count: 100
Average5: 0.29500793650793644	Count: 100
Average3: 0.32899999999999996	Count: 100
