--------------------------------
top-20
0.15810276679841898
0.14761904761904762
0.12318840579710146
0.13043478260869565
0.18614718614718614
0.07368421052631578
0.04285714285714286
0.11462450592885376
0.10822510822510822
0.10822510822510822
0.08095238095238096
0.11038961038961038
0.11428571428571428
0.20652173913043478
0.08658008658008658
0.12987012987012986
0.13333333333333333
0.08225108225108226
0.07142857142857142
0.1471861471861472
0.17786561264822134
0.1383399209486166
0.21428571428571427
0.31666666666666665
0.14285714285714285
0.08658008658008658
0.16666666666666666
0.2210144927536232
0.19047619047619047
0.16600790513833993
0.11255411255411256
0.4689655172413793
0.0761904761904762
0.17142857142857143
0.2733333333333333
0.4656084656084656
0.09956709956709957
0.14285714285714285
0.15942028985507245
0.12987012987012986
0.05714285714285714
0.05238095238095238
0.15217391304347827
0.21739130434782608
0.17391304347826086
0.1857707509881423
0.11428571428571428
0.16600790513833993
0.15579710144927536
0.06493506493506493
0.08658008658008658
0.23809523809523808
0.1541501976284585
0.08225108225108226
0.1341991341991342
0.18095238095238095
0.09956709956709957
0.17753623188405798
0.09881422924901186
0.11857707509881422
0.031578947368421054
0.19927536231884058
0.10276679841897234
0.13852813852813853
0.13852813852813853
0.07142857142857142
0.14285714285714285
0.14285714285714285
0.09881422924901186
0.07142857142857142
0.09047619047619047
0.17028985507246377
0.047619047619047616
0.5311942959001783
0.29846153846153844
0.2246376811594203
0.11038961038961038
0.05238095238095238
0.24110671936758893
0.1
0.14285714285714285
0.10822510822510822
0.021052631578947368
0.1038961038961039
0.2028985507246377
0.24761904761904763
0.21739130434782608
0.08095238095238096
0.15714285714285714
0.1761904761904762
0.04736842105263158
0.04285714285714286
0.1380952380952381
0.03463203463203463
0.10952380952380952
0.18774703557312253
0.161231884057971
0.1038961038961039
0.05263157894736842
0.17786561264822134
--------------------------------
top-10
0.15555555555555556
0.21212121212121213
0.08888888888888889
0.07272727272727272
0.37362637362637363
0.15555555555555556
0.06666666666666667
0.21818181818181817
0.14545454545454545
0.1111111111111111
0.2727272727272727
0.09090909090909091
0.12727272727272726
0.15555555555555556
0.05454545454545454
0.10909090909090909
0.20512820512820512
0.07272727272727272
0.13333333333333333
0.3111111111111111
0.14545454545454545
0.09090909090909091
0.1858974358974359
0.15151515151515152
0.32727272727272727
0.03636363636363636
0.3181818181818182
0.23076923076923078
0.26666666666666666
0.2
0.18181818181818182
0.4857142857142857
0.15555555555555556
0.12121212121212122
0.14545454545454545
0.6373626373626373
0.10909090909090909
0.022222222222222223
0.044444444444444446
0.022222222222222223
0.0
0.08888888888888889
0.10909090909090909
0.25757575757575757
0.09090909090909091
0.2727272727272727
0.14545454545454545
0.2
0.09090909090909091
0.07272727272727272
0.022222222222222223
0.27472527472527475
0.08888888888888889
0.10909090909090909
0.2
0.3333333333333333
0.07272727272727272
0.10909090909090909
0.07272727272727272
0.07272727272727272
0.022222222222222223
0.20512820512820512
0.09090909090909091
0.16363636363636364
0.16363636363636364
0.08888888888888889
0.28888888888888886
0.23076923076923078
0.05454545454545454
0.022222222222222223
0.10909090909090909
0.28888888888888886
0.022222222222222223
0.3626373626373626
0.20512820512820512
0.19696969696969696
0.16363636363636364
0.044444444444444446
0.09090909090909091
0.06666666666666667
0.07272727272727272
0.044444444444444446
0.022222222222222223
0.14545454545454545
0.22727272727272727
0.5897435897435898
0.20512820512820512
0.1111111111111111
0.2
0.24358974358974358
0.1111111111111111
0.0
0.24242424242424243
0.0
0.022222222222222223
0.38181818181818183
0.10909090909090909
0.06666666666666667
0.09090909090909091
0.2545454545454545
--------------------------------
top-5
0.2857142857142857
0.38095238095238093
0.1
0.0
0.4
0.7
0.0
0.26666666666666666
0.13333333333333333
0.26666666666666666
0.2
0.0
0.1
0.26666666666666666
0.0
0.06666666666666667
0.0
0.1
0.6
0.23809523809523808
0.06666666666666667
0.0
0.0
0.06666666666666667
0.47619047619047616
0.1
0.3333333333333333
0.06666666666666667
0.42857142857142855
0.2
0.13333333333333333
0.5357142857142857
0.26666666666666666
0.3
0.06666666666666667
0.7777777777777778
0.0
0.1
0.0
0.0
0.0
0.13333333333333333
0.3
0.2857142857142857
0.2
0.6666666666666666
0.2
0.06666666666666667
0.0
0.1
0.0
0.13333333333333333
0.13333333333333333
0.2
0.3333333333333333
0.26666666666666666
0.13333333333333333
0.2
0.06666666666666667
0.13333333333333333
0.0
0.0
0.0
0.06666666666666667
0.1
0.0
0.7333333333333333
0.13333333333333333
0.0
0.0
0.3333333333333333
0.26666666666666666
0.0
0.47619047619047616
0.0
0.5
0.13333333333333333
0.06666666666666667
0.0
0.13333333333333333
0.06666666666666667
0.0
0.0
0.23809523809523808
0.5333333333333333
0.6388888888888888
0.2
0.2
0.2
0.1
0.3
0.0
0.06666666666666667
0.0
0.0
0.38095238095238093
0.13333333333333333
0.2
0.2
0.3333333333333333
--------------------------------
top-3
0.16666666666666666
0.3333333333333333
0.3333333333333333
0.0
0.5
0.7
0.0
0.16666666666666666
0.3333333333333333
0.5
0.0
0.0
0.0
0.3333333333333333
0.0
0.0
0.0
0.16666666666666666
0.7
0.0
0.0
0.0
0.0
0.0
0.5
0.0
0.3333333333333333
0.0
0.3333333333333333
0.16666666666666666
0.3333333333333333
0.5
0.16666666666666666
0.5
0.0
0.8
0.0
0.3333333333333333
0.0
0.0
0.0
0.0
0.3333333333333333
0.16666666666666666
0.16666666666666666
0.7
0.3333333333333333
0.0
0.0
0.0
0.0
0.3333333333333333
0.0
0.16666666666666666
0.3333333333333333
0.5
0.0
0.3333333333333333
0.0
0.16666666666666666
0.0
0.0
0.0
0.0
0.3333333333333333
0.0
0.8
0.3333333333333333
0.0
0.0
0.16666666666666666
0.6666666666666666
0.0
0.5
0.0
0.5
0.3333333333333333
0.0
0.0
0.0
0.0
0.0
0.0
0.0
0.5
0.6
0.0
0.6666666666666666
0.16666666666666666
0.16666666666666666
0.16666666666666666
0.0
0.0
0.0
0.0
0.3333333333333333
0.0
0.16666666666666666
0.16666666666666666
0.5

Average20: 0.14505677358990904	Count: 100
Average10: 0.15716156066156062	Count: 100
Average5: 0.183095238095238	Count: 100
Average3: 0.18800000000000008	Count: 100
