--------------------------------
top-20
0.18972332015810275
0.1383399209486166
0.23715415019762845
0.17
0.13438735177865613
0.1471861471861472
0.05627705627705628
0.12648221343873517
0.2123076923076923
0.1067193675889328
0.17786561264822134
0.19202898550724637
0.2964426877470356
0.17333333333333334
0.08658008658008658
0.36507936507936506
0.22282608695652173
0.15584415584415584
0.15833333333333333
0.18614718614718614
0.2028985507246377
0.18614718614718614
0.21739130434782608
0.31666666666666665
0.2648221343873518
0.13333333333333333
0.411231884057971
0.3463203463203463
0.2463768115942029
0.28063241106719367
0.3115942028985507
0.10822510822510822
0.14624505928853754
0.12857142857142856
0.3230769230769231
0.19367588932806323
0.1956521739130435
0.2676923076923077
0.12987012987012986
0.12554112554112554
0.09523809523809523
0.2987012987012987
0.20652173913043478
0.24666666666666667
0.21739130434782608
0.2898550724637681
0.2648221343873518
0.25666666666666665
0.32
0.3261538461538461
0.1067193675889328
0.19913419913419914
0.2924901185770751
0.15019762845849802
0.275
0.09523809523809523
0.14624505928853754
0.19927536231884058
0.18614718614718614
0.18181818181818182
0.16996047430830039
0.31384615384615383
0.22924901185770752
0.19047619047619047
0.22333333333333333
0.19
0.24110671936758893
0.14624505928853754
0.1225296442687747
0.1976284584980237
0.16600790513833993
0.24
0.09090909090909091
0.1380952380952381
0.20833333333333334
0.09523809523809523
0.24769230769230768
0.3723076923076923
0.41534391534391535
0.16205533596837945
0.16883116883116883
0.19202898550724637
0.15217391304347827
0.28347578347578345
0.15942028985507245
0.1761904761904762
0.22134387351778656
0.13852813852813853
0.1761904761904762
0.22134387351778656
0.15810276679841898
0.11904761904761904
0.3115942028985507
0.23384615384615384
0.13333333333333333
0.2761904761904762
0.25691699604743085
0.12554112554112554
0.19333333333333333
0.19913419913419914
--------------------------------
top-10
0.18181818181818182
0.28888888888888886
0.34545454545454546
0.09090909090909091
0.12121212121212122
0.2878787878787879
0.1111111111111111
0.10909090909090909
0.14545454545454545
0.022222222222222223
0.12121212121212122
0.16363636363636364
0.4166666666666667
0.2
0.10909090909090909
0.20512820512820512
0.17307692307692307
0.07272727272727272
0.08888888888888889
0.22727272727272727
0.21818181818181817
0.15151515151515152
0.15151515151515152
0.358974358974359
0.41818181818181815
0.09090909090909091
0.4523809523809524
0.4095238095238095
0.16363636363636364
0.20512820512820512
0.28205128205128205
0.14545454545454545
0.3090909090909091
0.3090909090909091
0.28205128205128205
0.22727272727272727
0.16666666666666666
0.12121212121212122
0.044444444444444446
0.022222222222222223
0.044444444444444446
0.41025641025641024
0.2727272727272727
0.18181818181818182
0.2
0.3181818181818182
0.34615384615384615
0.2727272727272727
0.3076923076923077
0.32051282051282054
0.05454545454545454
0.2727272727272727
0.31868131868131866
0.16666666666666666
0.12727272727272726
0.03636363636363636
0.15151515151515152
0.23636363636363636
0.2
0.21818181818181817
0.10909090909090909
0.5303030303030303
0.3717948717948718
0.21212121212121213
0.16666666666666666
0.06666666666666667
0.3090909090909091
0.21794871794871795
0.07272727272727272
0.24444444444444444
0.2727272727272727
0.32967032967032966
0.06666666666666667
0.21818181818181817
0.17777777777777778
0.12727272727272726
0.25757575757575757
0.2564102564102564
0.4
0.16666666666666666
0.26666666666666666
0.23636363636363636
0.08888888888888889
0.24242424242424243
0.16363636363636364
0.42424242424242425
0.3333333333333333
0.23636363636363636
0.28205128205128205
0.1794871794871795
0.2727272727272727
0.18181818181818182
0.38461538461538464
0.044444444444444446
0.13333333333333333
0.4015151515151515
0.17424242424242425
0.14545454545454545
0.15555555555555556
0.3333333333333333
--------------------------------
top-5
0.3
0.5714285714285714
0.4642857142857143
0.06666666666666667
0.1
0.26666666666666666
0.1
0.2
0.2
0.1
0.1
0.13333333333333333
0.4642857142857143
0.42857142857142855
0.2
0.0
0.06666666666666667
0.0
0.2
0.4
0.26666666666666666
0.26666666666666666
0.0
0.2857142857142857
0.4642857142857143
0.0
0.3333333333333333
0.3333333333333333
0.06666666666666667
0.13333333333333333
0.1
0.26666666666666666
0.6190476190476191
0.6666666666666666
0.13333333333333333
0.3333333333333333
0.26666666666666666
0.1
0.0
0.0
0.1
0.4642857142857143
0.42857142857142855
0.3333333333333333
0.13333333333333333
0.5238095238095238
0.2857142857142857
0.2
0.06666666666666667
0.13333333333333333
0.0
0.5714285714285714
0.06666666666666667
0.1
0.26666666666666666
0.06666666666666667
0.26666666666666666
0.4
0.23809523809523808
0.3333333333333333
0.0
0.5
0.2857142857142857
0.13333333333333333
0.1
0.13333333333333333
0.3333333333333333
0.2
0.0
0.3333333333333333
0.13333333333333333
0.06666666666666667
0.1
0.5333333333333333
0.06666666666666667
0.13333333333333333
0.3333333333333333
0.06666666666666667
0.38095238095238093
0.13333333333333333
0.2857142857142857
0.3333333333333333
0.0
0.2
0.26666666666666666
0.6666666666666666
0.3333333333333333
0.13333333333333333
0.4666666666666667
0.1
0.06666666666666667
0.13333333333333333
0.3333333333333333
0.0
0.26666666666666666
0.4107142857142857
0.06666666666666667
0.2
0.26666666666666666
0.3333333333333333
--------------------------------
top-3
0.3333333333333333
0.7
0.3333333333333333
0.0
0.16666666666666666
0.5
0.3333333333333333
0.16666666666666666
0.3333333333333333
0.3333333333333333
0.16666666666666666
0.3333333333333333
0.3333333333333333
0.5
0.6666666666666666
0.0
0.0
0.0
0.16666666666666666
0.5
0.3333333333333333
0.16666666666666666
0.0
0.16666666666666666
0.3333333333333333
0.0
0.6666666666666666
0.6666666666666666
0.0
0.0
0.3333333333333333
0.16666666666666666
0.8
0.8
0.16666666666666666
0.3333333333333333
0.5
0.0
0.0
0.0
0.16666666666666666
0.3333333333333333
0.16666666666666666
0.16666666666666666
0.3333333333333333
0.7
0.3333333333333333
0.0
0.0
0.0
0.0
0.5
0.0
0.3333333333333333
0.3333333333333333
0.0
0.3333333333333333
0.5
0.0
0.16666666666666666
0.0
0.5
0.3333333333333333
0.0
0.16666666666666666
0.3333333333333333
0.3333333333333333
0.3333333333333333
0.0
0.3333333333333333
0.16666666666666666
0.0
0.16666666666666666
0.5
0.0
0.16666666666666666
0.3333333333333333
0.0
0.5
0.0
0.16666666666666666
0.16666666666666666
0.0
0.3333333333333333
0.16666666666666666
1.0
0.16666666666666666
0.0
0.7
0.0
0.0
0.0
0.6666666666666666
0.0
0.3333333333333333
0.16666666666666666
0.0
0.3333333333333333
0.16666666666666666
0.6666666666666666

Average20: 0.20480230196534535	Count: 100
Average10: 0.21722377622377625	Count: 100
Average5: 0.22805952380952368	Count: 100
Average3: 0.24866666666666673	Count: 100
