--------------------------------
top-20
0.1523809523809524
0.21212121212121213
0.08300395256916997
0.14624505928853754
0.27666666666666667
0.09047619047619047
0.2987012987012987
0.21739130434782608
0.1383399209486166
0.1383399209486166
0.20346320346320346
0.0761904761904762
0.09740259740259741
0.19384615384615383
0.09956709956709957
0.27076923076923076
0.17142857142857143
0.15151515151515152
0.09956709956709957
0.3079710144927536
0.2608695652173913
0.22943722943722944
0.17984189723320157
0.31
0.11904761904761904
0.15217391304347827
0.21541501976284586
0.20333333333333334
0.1471861471861472
0.30434782608695654
0.19202898550724637
0.13852813852813853
0.13333333333333333
0.29523809523809524
0.2964426877470356
0.2134387351778656
0.22134387351778656
0.23
0.18115942028985507
0.14285714285714285
0.09523809523809523
0.2134387351778656
0.09523809523809523
0.27898550724637683
0.18614718614718614
0.2015810276679842
0.09523809523809523
0.20948616600790515
0.22153846153846155
0.24
0.08658008658008658
0.16842105263157894
0.3188405797101449
0.10822510822510822
0.13438735177865613
0.2554112554112554
0.19927536231884058
0.16205533596837945
0.10822510822510822
0.11904761904761904
0.2
0.32971014492753625
0.17028985507246377
0.1541501976284585
0.12121212121212122
0.10822510822510822
0.14761904761904762
0.1645021645021645
0.09523809523809523
0.18181818181818182
0.1976284584980237
0.2015810276679842
0.06666666666666667
0.12554112554112554
0.18095238095238095
0.17753623188405798
0.25333333333333335
0.2463768115942029
0.4881720430107527
0.09047619047619047
0.22943722943722944
0.16017316017316016
0.11038961038961038
0.33994708994708994
0.17666666666666667
0.3333333333333333
0.3
0.12554112554112554
0.24285714285714285
0.11067193675889328
0.15151515151515152
0.10476190476190476
0.3359683794466403
0.2
0.09523809523809523
0.16666666666666666
0.16403162055335968
0.12554112554112554
0.12105263157894737
0.11428571428571428
--------------------------------
top-10
0.3090909090909091
0.30303030303030304
0.08888888888888889
0.03636363636363636
0.2
0.2909090909090909
0.26373626373626374
0.2727272727272727
0.14545454545454545
0.17777777777777778
0.24242424242424243
0.08888888888888889
0.05454545454545454
0.08888888888888889
0.07272727272727272
0.10606060606060606
0.30303030303030304
0.07272727272727272
0.15555555555555556
0.37362637362637363
0.2948717948717949
0.13636363636363635
0.23484848484848486
0.18181818181818182
0.21818181818181817
0.12121212121212122
0.2909090909090909
0.18181818181818182
0.10909090909090909
0.2857142857142857
0.18181818181818182
0.3333333333333333
0.24242424242424243
0.3076923076923077
0.34065934065934067
0.22727272727272727
0.3974358974358974
0.3181818181818182
0.044444444444444446
0.044444444444444446
0.06666666666666667
0.24242424242424243
0.16363636363636364
0.3076923076923077
0.2564102564102564
0.36363636363636365
0.14545454545454545
0.34545454545454546
0.10606060606060606
0.16666666666666666
0.03636363636363636
0.22727272727272727
0.20512820512820512
0.12727272727272726
0.10909090909090909
0.4230769230769231
0.25757575757575757
0.09090909090909091
0.03636363636363636
0.15555555555555556
0.24358974358974358
0.5523809523809524
0.16363636363636364
0.10909090909090909
0.16363636363636364
0.1111111111111111
0.3090909090909091
0.28205128205128205
0.09090909090909091
0.05454545454545454
0.30303030303030304
0.2909090909090909
0.022222222222222223
0.18181818181818182
0.2
0.18181818181818182
0.2909090909090909
0.19230769230769232
0.31868131868131866
0.06666666666666667
0.13636363636363635
0.2
0.18181818181818182
0.18181818181818182
0.09090909090909091
0.38461538461538464
0.2857142857142857
0.26666666666666666
0.2727272727272727
0.13636363636363635
0.16363636363636364
0.12727272727272726
0.5494505494505495
0.05454545454545454
0.06666666666666667
0.2909090909090909
0.12727272727272726
0.08888888888888889
0.2909090909090909
0.1111111111111111
--------------------------------
top-5
0.3333333333333333
0.2857142857142857
0.1
0.0
0.3333333333333333
0.42857142857142855
0.13333333333333333
0.3333333333333333
0.13333333333333333
0.3333333333333333
0.06666666666666667
0.2
0.0
0.0
0.0
0.06666666666666667
0.2
0.1
0.3333333333333333
0.6666666666666666
0.6
0.0
0.13333333333333333
0.0
0.4
0.0
0.3333333333333333
0.13333333333333333
0.1
0.26666666666666666
0.0
0.6666666666666666
0.13333333333333333
0.2
0.26666666666666666
0.3333333333333333
0.23809523809523808
0.6071428571428571
0.0
0.0
0.3
0.2857142857142857
0.1
0.3333333333333333
0.2
0.2857142857142857
0.13333333333333333
0.13333333333333333
0.0
0.13333333333333333
0.0
0.2
0.0
0.2
0.3
0.6071428571428571
0.2
0.13333333333333333
0.06666666666666667
0.2
0.0
0.6071428571428571
0.2
0.13333333333333333
0.1
0.13333333333333333
0.7333333333333333
0.26666666666666666
0.13333333333333333
0.0
0.3333333333333333
0.3333333333333333
0.0
0.2
0.42857142857142855
0.3333333333333333
0.38095238095238093
0.0
0.2
0.13333333333333333
0.06666666666666667
0.06666666666666667
0.0
0.26666666666666666
0.13333333333333333
0.6666666666666666
0.2
0.47619047619047616
0.3333333333333333
0.3
0.2
0.2
0.6428571428571429
0.0
0.0
0.2857142857142857
0.13333333333333333
0.2
0.3333333333333333
0.3
--------------------------------
top-3
0.16666666666666666
0.16666666666666666
0.3333333333333333
0.0
0.3333333333333333
0.16666666666666666
0.3333333333333333
0.6666666666666666
0.3333333333333333
0.6666666666666666
0.0
0.6666666666666666
0.0
0.0
0.0
0.0
0.16666666666666666
0.16666666666666666
0.3333333333333333
0.8
0.8
0.0
0.16666666666666666
0.0
0.5
0.0
0.3333333333333333
0.3333333333333333
0.3333333333333333
0.16666666666666666
0.0
0.7
0.16666666666666666
0.3333333333333333
0.5
0.16666666666666666
0.0
0.7
0.0
0.0
0.16666666666666666
0.3333333333333333
0.16666666666666666
0.3333333333333333
0.16666666666666666
0.16666666666666666
0.3333333333333333
0.0
0.0
0.0
0.0
0.3333333333333333
0.0
0.16666666666666666
0.3333333333333333
0.5
0.3333333333333333
0.3333333333333333
0.0
0.6666666666666666
0.0
0.7
0.6666666666666666
0.16666666666666666
0.0
0.0
0.8
0.3333333333333333
0.0
0.0
0.16666666666666666
1.0
0.0
0.16666666666666666
0.5
0.3333333333333333
0.5
0.0
0.3333333333333333
0.0
0.0
0.0
0.0
0.5
0.0
0.8333333333333334
0.16666666666666666
0.5
0.3333333333333333
1.0
0.16666666666666666
0.0
0.5
0.0
0.0
0.16666666666666666
0.0
0.16666666666666666
0.16666666666666666
0.3333333333333333

Average20: 0.1849787803919272	Count: 100
Average10: 0.20107764457764454	Count: 100
Average5: 0.21726190476190463	Count: 100
Average3: 0.2533333333333333	Count: 100
