--------------------------------
top-20
0.32666666666666666
0.22666666666666666
0.266304347826087
0.24307692307692308
0.358695652173913
0.1645021645021645
0.047619047619047616
0.24666666666666667
0.2564102564102564
0.17786561264822134
0.2898550724637681
0.27
0.37333333333333335
0.2169230769230769
0.1383399209486166
0.41133004926108374
0.31833333333333336
0.15810276679841898
0.22332015810276679
0.23715415019762845
0.2633333333333333
0.2723076923076923
0.301994301994302
0.3446153846153846
0.2554347826086957
0.1857707509881423
0.495
0.39
0.36
0.2733333333333333
0.35
0.5246305418719212
0.20166666666666666
0.22666666666666666
0.2849002849002849
0.4843304843304843
0.28615384615384615
0.36243386243386244
0.11428571428571428
0.1541501976284585
0.11688311688311688
0.3188405797101449
0.2676923076923077
0.28307692307692306
0.3415384615384615
0.3353846153846154
0.3333333333333333
0.39855072463768115
0.3333333333333333
0.3169230769230769
0.15
0.33
0.3333333333333333
0.1225296442687747
0.45076923076923076
0.16017316017316016
0.2727272727272727
0.25333333333333335
0.18181818181818182
0.235
0.25833333333333336
0.38461538461538464
0.2845849802371542
0.3433333333333333
0.3247863247863248
0.27350427350427353
0.2766798418972332
0.16017316017316016
0.18181818181818182
0.34057971014492755
0.36752136752136755
0.3292307692307692
0.11067193675889328
0.5284090909090909
0.34523809523809523
0.25
0.355
0.36324786324786323
0.396011396011396
0.2676923076923077
0.2554112554112554
0.23550724637681159
0.20355731225296442
0.37666666666666665
0.3007246376811594
0.308300395256917
0.28063241106719367
0.1645021645021645
0.2987012987012987
0.4266666666666667
0.26
0.16017316017316016
0.4533333333333333
0.24786324786324787
0.20553359683794467
0.4782608695652174
0.36923076923076925
0.16883116883116883
0.24333333333333335
0.3557312252964427
--------------------------------
top-10
0.46153846153846156
0.24242424242424243
0.3787878787878788
0.09090909090909091
0.5083333333333333
0.3333333333333333
0.05454545454545454
0.2727272727272727
0.2
0.13333333333333333
0.2948717948717949
0.22727272727272727
0.4935897435897436
0.2222222222222222
0.14545454545454545
0.2857142857142857
0.25
0.05454545454545454
0.1111111111111111
0.46153846153846156
0.2727272727272727
0.16666666666666666
0.19696969696969696
0.30303030303030304
0.5
0.16363636363636364
0.5791666666666667
0.32051282051282054
0.42857142857142855
0.24358974358974358
0.3956043956043956
0.5166666666666667
0.3090909090909091
0.23636363636363636
0.2
0.6833333333333333
0.21794871794871795
0.23076923076923078
0.08888888888888889
0.15555555555555556
0.13333333333333333
0.48717948717948717
0.3484848484848485
0.3333333333333333
0.3076923076923077
0.3939393939393939
0.27472527472527475
0.38461538461538464
0.31868131868131866
0.28205128205128205
0.07272727272727272
0.22727272727272727
0.38095238095238093
0.10909090909090909
0.46703296703296704
0.2222222222222222
0.18181818181818182
0.22727272727272727
0.12727272727272726
0.2545454545454545
0.09090909090909091
0.5333333333333333
0.3717948717948718
0.3956043956043956
0.2564102564102564
0.12727272727272726
0.36363636363636365
0.16666666666666666
0.18181818181818182
0.47435897435897434
0.38461538461538464
0.5047619047619047
0.15555555555555556
0.4
0.18181818181818182
0.2878787878787879
0.391025641025641
0.34065934065934067
0.5494505494505495
0.2564102564102564
0.4
0.2
0.05454545454545454
0.45604395604395603
0.3076923076923077
0.5824175824175825
0.4175824175824176
0.18181818181818182
0.4230769230769231
0.45054945054945056
0.4090909090909091
0.2727272727272727
0.4380952380952381
0.05454545454545454
0.09090909090909091
0.44505494505494503
0.40476190476190477
0.15151515151515152
0.18181818181818182
0.4857142857142857
--------------------------------
top-5
0.47619047619047616
0.5714285714285714
0.2857142857142857
0.06666666666666667
0.5238095238095238
0.4666666666666667
0.1
0.3333333333333333
0.26666666666666666
0.2
0.2
0.2
0.5
0.47619047619047616
0.3
0.0
0.26666666666666666
0.0
0.2
0.47619047619047616
0.13333333333333333
0.0
0.0
0.3333333333333333
0.5
0.2
0.48214285714285715
0.2
0.4642857142857143
0.06666666666666667
0.13333333333333333
0.3333333333333333
0.7142857142857143
0.26666666666666666
0.26666666666666666
0.8055555555555556
0.2
0.2
0.13333333333333333
0.38095238095238093
0.3333333333333333
0.5357142857142857
0.4642857142857143
0.5238095238095238
0.13333333333333333
0.9333333333333333
0.13333333333333333
0.13333333333333333
0.13333333333333333
0.2
0.1
0.4
0.06666666666666667
0.1
0.47619047619047616
0.4666666666666667
0.26666666666666666
0.2
0.13333333333333333
0.3333333333333333
0.0
0.5
0.47619047619047616
0.2857142857142857
0.1
0.26666666666666666
0.3333333333333333
0.06666666666666667
0.26666666666666666
0.6111111111111112
0.26666666666666666
0.6071428571428571
0.3333333333333333
0.4666666666666667
0.06666666666666667
0.5238095238095238
0.47619047619047616
0.13333333333333333
0.7222222222222222
0.13333333333333333
0.42857142857142855
0.3333333333333333
0.06666666666666667
0.2857142857142857
0.4
0.75
0.47619047619047616
0.13333333333333333
0.47619047619047616
0.42857142857142855
0.38095238095238093
0.3333333333333333
0.38095238095238093
0.0
0.2
0.35714285714285715
0.30952380952380953
0.1
0.2
0.5714285714285714
--------------------------------
top-3
0.6666666666666666
0.7
0.3333333333333333
0.0
0.7
1.0
0.0
0.16666666666666666
0.3333333333333333
0.3333333333333333
0.16666666666666666
0.3333333333333333
0.5
0.5
0.6666666666666666
0.0
0.5
0.0
0.16666666666666666
0.8333333333333334
0.3333333333333333
0.0
0.0
0.16666666666666666
0.5
0.0
0.5
0.3333333333333333
0.3333333333333333
0.0
0.3333333333333333
0.3333333333333333
0.8
0.5
0.3333333333333333
0.8
0.0
0.3333333333333333
0.0
0.3333333333333333
0.5
0.5
0.3333333333333333
0.6
0.3333333333333333
0.8
0.3333333333333333
0.0
0.0
0.0
0.3333333333333333
0.5
0.0
0.3333333333333333
0.3333333333333333
1.0
0.3333333333333333
0.3333333333333333
0.16666666666666666
0.16666666666666666
0.0
0.5
0.5
0.16666666666666666
0.3333333333333333
0.5
0.16666666666666666
0.0
0.5
0.5
0.5
0.7
0.3333333333333333
0.5
0.0
0.5
0.5
0.16666666666666666
0.8
0.0
0.5
0.3333333333333333
0.0
0.3333333333333333
0.5
0.8
0.6
0.0
0.7
0.16666666666666666
0.16666666666666666
0.3333333333333333
0.3333333333333333
0.0
0.3333333333333333
0.3333333333333333
0.16666666666666666
0.3333333333333333
0.3333333333333333
0.8333333333333334

Average20: 0.2855180644817451	Count: 100
Average10: 0.2978752775002775	Count: 100
Average5: 0.31037698412698383	Count: 100
Average3: 0.35000000000000014	Count: 100
