--------------------------------
top-20
0.05238095238095238
0.09523809523809523
0.16666666666666666
0.042105263157894736
0.03684210526315789
0.27666666666666667
0.11067193675889328
0.6160919540229886
0.0735930735930736
0.09047619047619047
0.06842105263157895
0.06842105263157895
0.5564516129032258
0.2554112554112554
0.06315789473684211
0.1619047619047619
0.11857707509881422
0.11067193675889328
0.2813852813852814
0.07142857142857142
0.0380952380952381
0.13333333333333333
0.08095238095238096
0.06666666666666667
0.05714285714285714
0.16304347826086957
0.3
0.015789473684210527
0.10952380952380952
0.391304347826087
0.12380952380952381
0.08225108225108226
0.08421052631578947
0.1619047619047619
0.1038961038961039
0.2683982683982684
0.08421052631578947
0.09523809523809523
0.12554112554112554
0.1038961038961039
0.2766798418972332
0.09523809523809523
0.1067193675889328
0.15584415584415584
0.07792207792207792
0.12631578947368421
0.6491935483870968
0.04285714285714286
0.12554112554112554
--------------------------------
top-10
0.07272727272727272
0.13636363636363635
0.20512820512820512
0.022222222222222223
0.03636363636363636
0.18181818181818182
0.07272727272727272
0.7205882352941176
0.022222222222222223
0.23636363636363636
0.12727272727272726
0.13636363636363635
0.12121212121212122
0.24358974358974358
0.18181818181818182
0.22727272727272727
0.10909090909090909
0.022222222222222223
0.47435897435897434
0.1111111111111111
0.08888888888888889
0.2948717948717949
0.07272727272727272
0.14545454545454545
0.03636363636363636
0.07272727272727272
0.44871794871794873
0.022222222222222223
0.09090909090909091
0.6373626373626373
0.21818181818181817
0.07272727272727272
0.14545454545454545
0.13636363636363635
0.1111111111111111
0.34065934065934067
0.2
0.15555555555555556
0.044444444444444446
0.17777777777777778
0.23076923076923078
0.09090909090909091
0.03636363636363636
0.2692307692307692
0.05454545454545454
0.4444444444444444
0.5904761904761905
0.09090909090909091
0.06666666666666667
--------------------------------
top-5
0.1
0.0
0.06666666666666667
0.0
0.0
0.26666666666666666
0.1
0.6071428571428571
0.1
0.4
0.2
0.1
0.06666666666666667
0.0
0.26666666666666666
0.13333333333333333
0.0
0.0
0.8214285714285714
0.2
0.13333333333333333
0.3333333333333333
0.06666666666666667
0.13333333333333333
0.06666666666666667
0.0
0.6428571428571429
0.0
0.13333333333333333
0.8888888888888888
0.13333333333333333
0.1
0.06666666666666667
0.13333333333333333
0.3333333333333333
0.2
0.26666666666666666
0.4666666666666667
0.2
0.5
0.1
0.1
0.0
0.13333333333333333
0.2
0.5238095238095238
0.42857142857142855
0.1
0.06666666666666667
--------------------------------
top-3
0.3333333333333333
0.0
0.0
0.0
0.0
0.3333333333333333
0.3333333333333333
0.5
0.0
0.3333333333333333
0.3333333333333333
0.0
0.0
0.0
0.16666666666666666
0.0
0.0
0.0
1.0
0.16666666666666666
0.0
0.3333333333333333
0.0
0.0
0.0
0.0
0.6
0.0
0.0
1.0
0.0
0.3333333333333333
0.0
0.0
0.3333333333333333
0.16666666666666666
0.3333333333333333
0.8
0.16666666666666666
0.6
0.16666666666666666
0.16666666666666666
0.0
0.0
0.6666666666666666
0.5
0.5
0.0
0.0

Average20: 0.1543282091207556	Count: 49
Average10: 0.18056474004853354	Count: 49
Average5: 0.20161969549724648	Count: 49
Average3: 0.20748299319727886	Count: 49
