--------------------------------
top-20
0.014285714285714285
0.11594202898550725
0.27717391304347827
0.04736842105263158
0.18181818181818182
0.1422924901185771
0.20333333333333334
0.5517241379310345
0.08225108225108226
0.10476190476190476
0.18181818181818182
0.21212121212121213
0.42943548387096775
0.09523809523809523
0.04736842105263158
0.17142857142857143
0.17833333333333334
0.2490118577075099
0.4276923076923077
0.2885375494071146
0.36231884057971014
0.5494252873563218
0.2028985507246377
0.31601731601731603
0.2813852813852814
0.24675324675324675
0.2766798418972332
0.021052631578947368
0.1
0.42333333333333334
0.0735930735930736
0.19047619047619047
0.2578947368421053
0.18181818181818182
0.18478260869565216
0.19913419913419914
0.10526315789473684
0.07142857142857142
0.08571428571428572
0.08225108225108226
0.16600790513833993
0.06666666666666667
0.042105263157894736
0.4368421052631579
0.15714285714285714
0.02619047619047619
0.5141129032258065
0.06719367588932806
0.4408866995073892
--------------------------------
top-10
0.0
0.06666666666666667
0.28205128205128205
0.05454545454545454
0.22727272727272727
0.13636363636363635
0.18181818181818182
0.6470588235294118
0.022222222222222223
0.14545454545454545
0.22727272727272727
0.36363636363636365
0.12878787878787878
0.10606060606060606
0.07272727272727272
0.2564102564102564
0.08888888888888889
0.38461538461538464
0.49523809523809526
0.24358974358974358
0.5
0.6764705882352942
0.3484848484848485
0.42857142857142855
0.42857142857142855
0.23076923076923078
0.4696969696969697
0.044444444444444446
0.1111111111111111
0.6190476190476191
0.12727272727272726
0.21212121212121213
0.47435897435897434
0.21212121212121213
0.0
0.32727272727272727
0.2727272727272727
0.06666666666666667
0.05454545454545454
0.06666666666666667
0.09090909090909091
0.12727272727272726
0.0
0.3523809523809524
0.11363636363636363
0.06666666666666667
0.5
0.022222222222222223
0.43333333333333335
--------------------------------
top-5
0.0
0.2
0.26666666666666666
0.1
0.2
0.3
0.1
0.6111111111111112
0.0
0.4
0.26666666666666666
0.6428571428571429
0.4
0.1
0.0
0.2
0.0
0.5333333333333333
0.75
0.26666666666666666
0.5238095238095238
0.7444444444444445
0.5238095238095238
0.42857142857142855
0.3333333333333333
0.13333333333333333
0.6190476190476191
0.0
0.2
0.6944444444444444
0.0
0.26666666666666666
0.3333333333333333
0.2
0.0
0.47619047619047616
0.26666666666666666
0.06666666666666667
0.0
0.1
0.1
0.3
0.0
0.13333333333333333
0.1
0.13333333333333333
0.5714285714285714
0.0
0.2857142857142857
--------------------------------
top-3
0.0
0.3333333333333333
0.3333333333333333
0.0
0.16666666666666666
0.3333333333333333
0.3333333333333333
0.5
0.0
0.6666666666666666
0.3333333333333333
0.7
0.3333333333333333
0.3333333333333333
0.0
0.0
0.0
0.7
0.8
0.16666666666666666
0.7
0.7666666666666667
0.5
0.3333333333333333
0.16666666666666666
0.3333333333333333
0.8
0.0
0.6666666666666666
0.8
0.0
0.3333333333333333
0.16666666666666666
0.16666666666666666
0.0
0.7
0.16666666666666666
0.0
0.0
0.3333333333333333
0.0
0.16666666666666666
0.0
0.3333333333333333
0.3333333333333333
0.0
0.6
0.0
0.16666666666666666

Average20: 0.20676133042668152	Count: 49
Average10: 0.2348576060460815	Count: 49
Average5: 0.26268221574344025	Count: 49
Average3: 0.2972789115646258	Count: 49
