--------------------------------
top-20
0.05238095238095238
0.09090909090909091
0.16666666666666666
0.042105263157894736
0.03684210526315789
0.24333333333333335
0.09881422924901186
0.5126436781609195
0.06926406926406926
0.09047619047619047
0.06842105263157895
0.06842105263157895
0.4254032258064516
0.2510822510822511
0.06315789473684211
0.1619047619047619
0.1067193675889328
0.09881422924901186
0.27705627705627706
0.07142857142857142
0.0380952380952381
0.13333333333333333
0.08095238095238096
0.06666666666666667
0.05714285714285714
0.14130434782608695
0.3
0.015789473684210527
0.10952380952380952
0.3695652173913043
0.12380952380952381
0.07792207792207792
0.08421052631578947
0.1619047619047619
0.09956709956709957
0.26406926406926406
0.08421052631578947
0.09523809523809523
0.12121212121212122
0.09956709956709957
0.2648221343873518
0.09090909090909091
0.09486166007905138
0.15151515151515152
0.07142857142857142
0.12631578947368421
0.5161290322580645
0.04285714285714286
0.12121212121212122
--------------------------------
top-10
0.07272727272727272
0.12121212121212122
0.17307692307692307
0.022222222222222223
0.03636363636363636
0.16666666666666666
0.07272727272727272
0.5661764705882353
0.022222222222222223
0.23636363636363636
0.12727272727272726
0.12121212121212122
0.10606060606060606
0.20512820512820512
0.18181818181818182
0.21212121212121213
0.10909090909090909
0.022222222222222223
0.4358974358974359
0.1111111111111111
0.08888888888888889
0.2564102564102564
0.07272727272727272
0.14545454545454545
0.03636363636363636
0.07272727272727272
0.41025641025641024
0.022222222222222223
0.09090909090909091
0.5714285714285714
0.21818181818181817
0.07272727272727272
0.14545454545454545
0.12121212121212122
0.1111111111111111
0.27472527472527475
0.2
0.15555555555555556
0.044444444444444446
0.17777777777777778
0.19230769230769232
0.09090909090909091
0.03636363636363636
0.23076923076923078
0.05454545454545454
0.4444444444444444
0.49523809523809526
0.09090909090909091
0.06666666666666667
--------------------------------
top-5
0.1
0.0
0.06666666666666667
0.0
0.0
0.26666666666666666
0.1
0.5
0.1
0.4
0.2
0.1
0.06666666666666667
0.0
0.26666666666666666
0.13333333333333333
0.0
0.0
0.7142857142857143
0.2
0.13333333333333333
0.2857142857142857
0.06666666666666667
0.13333333333333333
0.06666666666666667
0.0
0.5357142857142857
0.0
0.13333333333333333
0.7222222222222222
0.13333333333333333
0.1
0.06666666666666667
0.13333333333333333
0.3333333333333333
0.2
0.26666666666666666
0.4666666666666667
0.2
0.5
0.1
0.1
0.0
0.13333333333333333
0.2
0.5
0.38095238095238093
0.1
0.06666666666666667
--------------------------------
top-3
0.3333333333333333
0.0
0.0
0.0
0.0
0.3333333333333333
0.3333333333333333
0.5
0.0
0.3333333333333333
0.3333333333333333
0.0
0.0
0.0
0.16666666666666666
0.0
0.0
0.0
0.8
0.16666666666666666
0.0
0.3333333333333333
0.0
0.0
0.0
0.0
0.5
0.0
0.0
0.8
0.0
0.3333333333333333
0.0
0.0
0.3333333333333333
0.16666666666666666
0.3333333333333333
0.7
0.16666666666666666
0.5
0.16666666666666666
0.16666666666666666
0.0
0.0
0.6666666666666666
0.45
0.5
0.0
0.0

Average20: 0.14285672199255683	Count: 49
Average10: 0.1655596870782945	Count: 49
Average5: 0.18922902494331065	Count: 49
Average3: 0.1921768707482993	Count: 49
