--------------------------------
top-20
0.015789473684210527
0.09956709956709957
0.29333333333333333
0.20652173913043478
0.13333333333333333
0.07792207792207792
0.12121212121212122
0.13852813852813853
0.2923076923076923
0.10952380952380952
0.2
0.15263157894736842
0.1956521739130435
0.11688311688311688
0.06315789473684211
0.11255411255411256
0.26811594202898553
0.2134387351778656
0.14285714285714285
0.13438735177865613
0.36182336182336183
0.39492753623188404
0.12380952380952381
0.1523809523809524
0.17316017316017315
0.09523809523809523
0.19047619047619047
0.06060606060606061
0.021052631578947368
0.16996047430830039
0.10822510822510822
0.16017316017316016
0.1380952380952381
0.07142857142857142
0.1341991341991342
0.12987012987012986
0.1341991341991342
0.06926406926406926
0.2391304347826087
0.09956709956709957
0.0380952380952381
0.02631578947368421
0.0380952380952381
0.308300395256917
0.36923076923076925
0.023809523809523808
0.19480519480519481
0.014285714285714285
0.21014492753623187
--------------------------------
top-10
0.022222222222222223
0.24444444444444444
0.14545454545454545
0.38181818181818183
0.2
0.07272727272727272
0.12727272727272726
0.2727272727272727
0.0
0.18181818181818182
0.14545454545454545
0.2878787878787879
0.022222222222222223
0.23636363636363636
0.05454545454545454
0.2
0.13636363636363635
0.18181818181818182
0.18181818181818182
0.24444444444444444
0.14545454545454545
0.5054945054945055
0.23636363636363636
0.2727272727272727
0.14545454545454545
0.03636363636363636
0.2692307692307692
0.1111111111111111
0.0
0.1111111111111111
0.044444444444444446
0.21212121212121213
0.22727272727272727
0.12727272727272726
0.0
0.21818181818181817
0.26666666666666666
0.10909090909090909
0.22727272727272727
0.13636363636363635
0.06666666666666667
0.022222222222222223
0.0
0.5824175824175825
0.4380952380952381
0.022222222222222223
0.4393939393939394
0.0
0.12727272727272726
--------------------------------
top-5
0.1
0.26666666666666666
0.0
0.75
0.2
0.1
0.2
0.47619047619047616
0.0
0.1
0.0
0.6190476190476191
0.0
0.3333333333333333
0.13333333333333333
0.13333333333333333
0.1
0.2
0.0
0.42857142857142855
0.06666666666666667
0.38095238095238093
0.4
0.4
0.13333333333333333
0.0
0.26666666666666666
0.2
0.0
0.13333333333333333
0.2
0.4
0.13333333333333333
0.2
0.0
0.3333333333333333
0.47619047619047616
0.2
0.13333333333333333
0.1
0.0
0.0
0.0
0.42857142857142855
0.1
0.0
0.42857142857142855
0.0
0.2857142857142857
--------------------------------
top-3
0.3333333333333333
0.3333333333333333
0.0
0.8
0.3333333333333333
0.3333333333333333
0.16666666666666666
0.3333333333333333
0.0
0.0
0.0
0.8
0.0
0.16666666666666666
0.0
0.3333333333333333
0.0
0.3333333333333333
0.0
0.16666666666666666
0.0
0.6666666666666666
0.3333333333333333
0.16666666666666666
0.0
0.0
0.16666666666666666
0.16666666666666666
0.0
0.0
0.16666666666666666
0.5
0.16666666666666666
0.16666666666666666
0.0
0.6666666666666666
0.3333333333333333
0.3333333333333333
0.16666666666666666
0.16666666666666666
0.0
0.0
0.0
0.16666666666666666
0.16666666666666666
0.0
0.3333333333333333
0.0
0.0

Average20: 0.14976299464133958	Count: 49
Average10: 0.17223841917719465	Count: 49
Average5: 0.19470359572400395	Count: 49
Average3: 0.1891156462585034	Count: 49
