--------------------------------
top-20
0.08571428571428572
0.18614718614718614
0.09473684210526316
0.08225108225108226
0.12857142857142856
0.05238095238095238
0.1
0.09956709956709957
0.03333333333333333
0.12554112554112554
0.2510822510822511
0.07142857142857142
0.14673913043478262
0.20476190476190476
0.07894736842105263
0.14285714285714285
0.20333333333333334
0.22
0.2015810276679842
0.2
0.43448275862068964
0.22077922077922077
0.0380952380952381
0.19480519480519481
0.4069264069264069
0.16205533596837945
0.12987012987012986
0.24923076923076923
0.042105263157894736
0.12648221343873517
0.0761904761904762
0.1341991341991342
0.15714285714285714
0.05238095238095238
0.05714285714285714
0.2924901185770751
0.15019762845849802
0.2523809523809524
0.17786561264822134
0.05714285714285714
0.21212121212121213
0.02631578947368421
0.04285714285714286
0.1956521739130435
0.09473684210526316
0.047619047619047616
0.14761904761904762
0.10952380952380952
0.09486166007905138
--------------------------------
top-10
0.2545454545454545
0.4696969696969697
0.14545454545454545
0.10909090909090909
0.1111111111111111
0.03636363636363636
0.2
0.28888888888888886
0.022222222222222223
0.23636363636363636
0.2564102564102564
0.14545454545454545
0.2
0.20512820512820512
0.05454545454545454
0.08888888888888889
0.10606060606060606
0.16363636363636364
0.2948717948717949
0.18181818181818182
0.2857142857142857
0.2545454545454545
0.03636363636363636
0.2878787878787879
0.38095238095238093
0.19696969696969696
0.2545454545454545
0.13333333333333333
0.03636363636363636
0.21818181818181817
0.044444444444444446
0.19696969696969696
0.19696969696969696
0.12727272727272726
0.0
0.34065934065934067
0.3111111111111111
0.5934065934065934
0.18181818181818182
0.10909090909090909
0.16666666666666666
0.044444444444444446
0.022222222222222223
0.15151515151515152
0.07272727272727272
0.03636363636363636
0.34545454545454546
0.01818181818181818
0.10909090909090909
--------------------------------
top-5
0.38095238095238093
0.7142857142857143
0.13333333333333333
0.06666666666666667
0.2
0.1
0.06666666666666667
0.47619047619047616
0.1
0.6
0.06666666666666667
0.1
0.42857142857142855
0.06666666666666667
0.06666666666666667
0.1
0.2
0.3333333333333333
0.06666666666666667
0.2
0.2
0.3333333333333333
0.0
0.2
0.06666666666666667
0.2
0.3333333333333333
0.1
0.1
0.26666666666666666
0.2
0.2
0.13333333333333333
0.3
0.0
0.3
0.5357142857142857
0.6944444444444444
0.0
0.4
0.1
0.0
0.0
0.13333333333333333
0.1
0.0
0.5357142857142857
0.0
0.2
--------------------------------
top-3
0.3333333333333333
0.8
0.0
0.0
0.3333333333333333
0.3333333333333333
0.0
0.5
0.16666666666666666
0.7
0.0
0.3333333333333333
0.3333333333333333
0.0
0.0
0.16666666666666666
0.16666666666666666
0.5
0.0
0.16666666666666666
0.16666666666666666
0.3333333333333333
0.0
0.16666666666666666
0.0
0.0
0.5
0.16666666666666666
0.3333333333333333
0.16666666666666666
0.3333333333333333
0.3333333333333333
0.0
0.3333333333333333
0.0
0.16666666666666666
0.5
0.8
0.0
0.6666666666666666
0.0
0.0
0.0
0.0
0.16666666666666666
0.0
0.6
0.0
0.6666666666666666

Average20: 0.1447397299605433	Count: 49
Average10: 0.1780369290573372	Count: 49
Average5: 0.20610625202461935	Count: 49
Average3: 0.22925170068027206	Count: 49
