--------------------------------
top-20
0.05238095238095238
0.12121212121212122
0.13333333333333333
0.1619047619047619
0.2964426877470356
0.2608695652173913
0.15019762845849802
0.6193548387096774
0.12121212121212122
0.1523809523809524
0.19367588932806323
0.13333333333333333
0.23550724637681159
0.19047619047619047
0.05263157894736842
0.2571428571428571
0.23550724637681159
0.22529644268774704
0.5042735042735043
0.09523809523809523
0.4646153846153846
0.38666666666666666
0.1038961038961039
0.30303030303030304
0.24333333333333335
0.2572463768115942
0.2813852813852814
0.021052631578947368
0.0761904761904762
0.4528985507246377
0.10476190476190476
0.15019762845849802
0.18421052631578946
0.18571428571428572
0.1341991341991342
0.3246753246753247
0.06315789473684211
0.09523809523809523
0.25296442687747034
0.13438735177865613
0.2727272727272727
0.0761904761904762
0.09523809523809523
0.4866666666666667
0.12380952380952381
0.1225296442687747
0.6344086021505376
0.05238095238095238
0.12121212121212122
--------------------------------
top-10
0.09090909090909091
0.19696969696969696
0.2727272727272727
0.32727272727272727
0.24242424242424243
0.16666666666666666
0.10909090909090909
0.7058823529411765
0.05454545454545454
0.2727272727272727
0.23636363636363636
0.21212121212121213
0.20512820512820512
0.03636363636363636
0.18181818181818182
0.45054945054945056
0.20512820512820512
0.16363636363636364
0.5897435897435898
0.08888888888888889
0.725
0.5824175824175825
0.12727272727272726
0.5054945054945055
0.16363636363636364
0.2727272727272727
0.4358974358974359
0.044444444444444446
0.09090909090909091
0.8131868131868132
0.12727272727272726
0.14545454545454545
0.23636363636363636
0.23076923076923078
0.1111111111111111
0.4725274725274725
0.1111111111111111
0.15555555555555556
0.13636363636363635
0.15555555555555556
0.23076923076923078
0.10909090909090909
0.13636363636363635
0.7428571428571429
0.14545454545454545
0.37777777777777777
0.6190476190476191
0.08888888888888889
0.1111111111111111
--------------------------------
top-5
0.13333333333333333
0.2
0.5357142857142857
0.6428571428571429
0.3333333333333333
0.26666666666666666
0.2
0.5714285714285714
0.13333333333333333
0.06666666666666667
0.4666666666666667
0.3333333333333333
0.06666666666666667
0.0
0.26666666666666666
0.2
0.0
0.2857142857142857
0.8055555555555556
0.13333333333333333
0.8888888888888888
0.8055555555555556
0.06666666666666667
0.5714285714285714
0.4
0.3333333333333333
0.5238095238095238
0.0
0.13333333333333333
0.9722222222222222
0.1
0.4
0.13333333333333333
0.2
0.3333333333333333
0.5714285714285714
0.2
0.4666666666666667
0.1
0.5
0.1
0.2
0.0
0.8055555555555556
0.3
0.5238095238095238
0.5238095238095238
0.1
0.06666666666666667
--------------------------------
top-3
0.3333333333333333
0.16666666666666666
0.3333333333333333
0.6
0.3333333333333333
0.6666666666666666
0.3333333333333333
0.3333333333333333
0.0
0.0
0.6666666666666666
0.3333333333333333
0.0
0.0
0.16666666666666666
0.0
0.0
0.0
0.7
0.0
1.0
0.7
0.0
0.3333333333333333
0.5
0.16666666666666666
0.6
0.0
0.0
1.0
0.0
0.6
0.0
0.16666666666666666
0.3333333333333333
0.3333333333333333
0.3333333333333333
0.8
0.16666666666666666
0.6
0.16666666666666666
0.16666666666666666
0.0
0.7
0.6666666666666666
0.5
0.5
0.0
0.0

Average20: 0.21219094657899543	Count: 49
Average10: 0.2655793619479092	Count: 49
Average5: 0.3257369614512471	Count: 49
Average3: 0.31224489795918364	Count: 49
