--------------------------------
top-20
0.02631578947368421
0.05238095238095238
0.20995670995670995
0.18571428571428572
0.15263157894736842
0.1380952380952381
0.17391304347826086
0.5241379310344828
0.08571428571428572
0.12380952380952381
0.1541501976284585
0.04736842105263158
0.11904761904761904
0.191699604743083
0.05263157894736842
0.23809523809523808
0.13157894736842105
0.17391304347826086
0.4338461538461538
0.2845849802371542
0.17391304347826086
0.2866666666666667
0.10822510822510822
0.2727272727272727
0.21645021645021645
0.1857707509881423
0.2683982683982684
0.03684210526315789
0.12631578947368421
0.30434782608695654
0.08225108225108226
0.23715415019762845
0.11578947368421053
0.18571428571428572
0.08095238095238096
0.15019762845849802
0.06315789473684211
0.09047619047619047
0.25
0.07894736842105263
0.1857707509881423
0.05714285714285714
0.1645021645021645
0.43666666666666665
0.0380952380952381
0.02857142857142857
0.4881720430107527
0.01904761904761905
0.34472934472934474
--------------------------------
top-10
0.0
0.022222222222222223
0.18181818181818182
0.41818181818181815
0.21212121212121213
0.12727272727272726
0.19696969696969696
0.6470588235294118
0.03636363636363636
0.2
0.12121212121212122
0.12727272727272726
0.09090909090909091
0.10606060606060606
0.08888888888888889
0.32967032967032966
0.10606060606060606
0.18181818181818182
0.43956043956043955
0.2948717948717949
0.12727272727272726
0.38181818181818183
0.3333333333333333
0.32967032967032966
0.43956043956043955
0.15151515151515152
0.3787878787878788
0.044444444444444446
0.1111111111111111
0.4358974358974359
0.16363636363636364
0.24358974358974358
0.21212121212121213
0.19696969696969696
0.022222222222222223
0.10909090909090909
0.14545454545454545
0.1111111111111111
0.05454545454545454
0.06666666666666667
0.09090909090909091
0.09090909090909091
0.19230769230769232
0.47619047619047616
0.044444444444444446
0.044444444444444446
0.49166666666666664
0.01818181818181818
0.33974358974358976
--------------------------------
top-5
0.0
0.0
0.43333333333333335
0.5357142857142857
0.13333333333333333
0.26666666666666666
0.1
0.6111111111111112
0.0
0.3333333333333333
0.1
0.13333333333333333
0.2
0.1
0.0
0.13333333333333333
0.0
0.06666666666666667
0.5238095238095238
0.26666666666666666
0.13333333333333333
0.6428571428571429
0.23809523809523808
0.26666666666666666
0.5238095238095238
0.2
0.4
0.0
0.2
0.4642857142857143
0.0
0.2
0.06666666666666667
0.06666666666666667
0.1
0.1
0.2
0.06666666666666667
0.0
0.1
0.1
0.2
0.0
0.42857142857142855
0.0
0.13333333333333333
0.38095238095238093
0.0
0.13333333333333333
--------------------------------
top-3
0.0
0.0
0.45
0.5
0.3333333333333333
0.16666666666666666
0.3333333333333333
0.5
0.0
0.6666666666666666
0.0
0.0
0.3333333333333333
0.3333333333333333
0.0
0.0
0.0
0.0
0.7
0.16666666666666666
0.0
0.6
0.0
0.16666666666666666
0.6
0.3333333333333333
0.6666666666666666
0.0
0.6666666666666666
0.3333333333333333
0.0
0.16666666666666666
0.0
0.0
0.0
0.16666666666666666
0.16666666666666666
0.0
0.0
0.3333333333333333
0.0
0.16666666666666666
0.0
0.6666666666666666
0.0
0.0
0.3333333333333333
0.0
0.16666666666666666

Average20: 0.1750322599684347	Count: 49
Average10: 0.19950917096775436	Count: 49
Average5: 0.1894395853579527	Count: 49
Average3: 0.20442176870748294	Count: 49
