--------------------------------
top-20
0.015789473684210527
0.09523809523809523
0.26
0.18478260869565216
0.13333333333333333
0.0735930735930736
0.11688311688311688
0.1341991341991342
0.24615384615384617
0.10952380952380952
0.2
0.15263157894736842
0.17391304347826086
0.11255411255411256
0.06315789473684211
0.10822510822510822
0.2463768115942029
0.2015810276679842
0.13852813852813853
0.1225296442687747
0.301994301994302
0.375
0.12380952380952381
0.1523809523809524
0.16883116883116883
0.09090909090909091
0.18614718614718614
0.05627705627705628
0.021052631578947368
0.15810276679841898
0.1038961038961039
0.15584415584415584
0.1380952380952381
0.07142857142857142
0.12987012987012986
0.12554112554112554
0.12987012987012986
0.06493506493506493
0.21739130434782608
0.09523809523809523
0.0380952380952381
0.02631578947368421
0.0380952380952381
0.2964426877470356
0.3230769230769231
0.023809523809523808
0.19047619047619047
0.014285714285714285
0.18840579710144928
--------------------------------
top-10
0.022222222222222223
0.24444444444444444
0.14545454545454545
0.38181818181818183
0.2
0.07272727272727272
0.12727272727272726
0.2727272727272727
0.0
0.16666666666666666
0.14545454545454545
0.2727272727272727
0.022222222222222223
0.23636363636363636
0.05454545454545454
0.2
0.12121212121212122
0.18181818181818182
0.18181818181818182
0.24444444444444444
0.14545454545454545
0.44505494505494503
0.23636363636363636
0.2727272727272727
0.14545454545454545
0.03636363636363636
0.23076923076923078
0.1111111111111111
0.0
0.1111111111111111
0.044444444444444446
0.19696969696969696
0.21212121212121213
0.12727272727272726
0.0
0.21818181818181817
0.26666666666666666
0.10909090909090909
0.21212121212121213
0.12121212121212122
0.06666666666666667
0.022222222222222223
0.0
0.5164835164835165
0.34285714285714286
0.022222222222222223
0.42424242424242425
0.0
0.12727272727272726
--------------------------------
top-5
0.1
0.26666666666666666
0.0
0.6428571428571429
0.2
0.1
0.2
0.42857142857142855
0.0
0.1
0.0
0.5714285714285714
0.0
0.3333333333333333
0.13333333333333333
0.13333333333333333
0.1
0.2
0.0
0.38095238095238093
0.06666666666666667
0.3333333333333333
0.4
0.4
0.13333333333333333
0.0
0.26666666666666666
0.2
0.0
0.13333333333333333
0.2
0.4
0.13333333333333333
0.2
0.0
0.3333333333333333
0.42857142857142855
0.2
0.13333333333333333
0.1
0.0
0.0
0.0
0.38095238095238093
0.1
0.0
0.38095238095238093
0.0
0.23809523809523808
--------------------------------
top-3
0.3333333333333333
0.3333333333333333
0.0
0.7
0.3333333333333333
0.3333333333333333
0.16666666666666666
0.3333333333333333
0.0
0.0
0.0
0.7
0.0
0.16666666666666666
0.0
0.3333333333333333
0.0
0.3333333333333333
0.0
0.16666666666666666
0.0
0.6666666666666666
0.3333333333333333
0.16666666666666666
0.0
0.0
0.16666666666666666
0.16666666666666666
0.0
0.0
0.16666666666666666
0.5
0.16666666666666666
0.16666666666666666
0.0
0.6666666666666666
0.3333333333333333
0.3333333333333333
0.16666666666666666
0.16666666666666666
0.0
0.0
0.0
0.16666666666666666
0.16666666666666666
0.0
0.3333333333333333
0.0
0.0

Average20: 0.14070635818896218	Count: 49
Average10: 0.16445708486524807	Count: 49
Average5: 0.18474246841593783	Count: 49
Average3: 0.18503401360544217	Count: 49
