--------------------------------
top-20
0.02631578947368421
0.05238095238095238
0.21645021645021645
0.18571428571428572
0.15263157894736842
0.1380952380952381
0.1956521739130435
0.6275862068965518
0.08571428571428572
0.12380952380952381
0.16600790513833993
0.04736842105263158
0.12380952380952381
0.2015810276679842
0.05263157894736842
0.23809523809523808
0.13157894736842105
0.1956521739130435
0.48
0.2964426877470356
0.1857707509881423
0.3233333333333333
0.11255411255411256
0.2845849802371542
0.22077922077922077
0.1976284584980237
0.2727272727272727
0.03684210526315789
0.12631578947368421
0.32608695652173914
0.08658008658008658
0.2490118577075099
0.11578947368421053
0.18571428571428572
0.08095238095238096
0.16205533596837945
0.06315789473684211
0.09047619047619047
0.2717391304347826
0.07894736842105263
0.1976284584980237
0.05714285714285714
0.16883116883116883
0.47
0.0380952380952381
0.03333333333333333
0.6064516129032258
0.01904761904761905
0.4045584045584046
--------------------------------
top-10
0.0
0.022222222222222223
0.19696969696969696
0.41818181818181815
0.22727272727272727
0.12727272727272726
0.21212121212121213
0.8014705882352942
0.03636363636363636
0.2
0.13636363636363635
0.12727272727272726
0.09090909090909091
0.12121212121212122
0.08888888888888889
0.3956043956043956
0.12121212121212122
0.18181818181818182
0.5054945054945055
0.3333333333333333
0.12727272727272726
0.4
0.3333333333333333
0.3956043956043956
0.5054945054945055
0.16666666666666666
0.3939393939393939
0.044444444444444446
0.1111111111111111
0.47435897435897434
0.16363636363636364
0.28205128205128205
0.22727272727272727
0.21212121212121213
0.022222222222222223
0.10909090909090909
0.14545454545454545
0.1111111111111111
0.05454545454545454
0.06666666666666667
0.10606060606060606
0.09090909090909091
0.23076923076923078
0.5714285714285714
0.044444444444444446
0.044444444444444446
0.6166666666666667
0.01818181818181818
0.3717948717948718
--------------------------------
top-5
0.0
0.0
0.4666666666666667
0.6428571428571429
0.13333333333333333
0.26666666666666666
0.1
0.7777777777777778
0.0
0.3333333333333333
0.1
0.13333333333333333
0.2
0.1
0.0
0.13333333333333333
0.0
0.06666666666666667
0.5714285714285714
0.26666666666666666
0.13333333333333333
0.7142857142857143
0.2857142857142857
0.26666666666666666
0.5714285714285714
0.2
0.4
0.0
0.2
0.5714285714285714
0.0
0.2
0.06666666666666667
0.06666666666666667
0.1
0.1
0.2
0.06666666666666667
0.0
0.1
0.1
0.2
0.0
0.47619047619047616
0.0
0.13333333333333333
0.42857142857142855
0.0
0.13333333333333333
--------------------------------
top-3
0.0
0.0
0.5
0.6
0.3333333333333333
0.16666666666666666
0.3333333333333333
0.6
0.0
0.6666666666666666
0.0
0.0
0.3333333333333333
0.3333333333333333
0.0
0.0
0.0
0.0
0.8
0.16666666666666666
0.0
0.7
0.0
0.16666666666666666
0.7
0.3333333333333333
0.6666666666666666
0.0
0.6666666666666666
0.3333333333333333
0.0
0.16666666666666666
0.0
0.0
0.0
0.16666666666666666
0.16666666666666666
0.0
0.0
0.3333333333333333
0.0
0.16666666666666666
0.0
0.6666666666666666
0.0
0.0
0.3333333333333333
0.0
0.16666666666666666

Average20: 0.18782966188971775	Count: 49
Average10: 0.22010370248665564	Count: 49
Average5: 0.2042112082928409	Count: 49
Average3: 0.21564625850340136	Count: 49
