--------------------------------
top-20
0.014285714285714285
0.13768115942028986
0.29347826086956524
0.04736842105263158
0.19367588932806323
0.1541501976284585
0.23666666666666666
0.6551724137931034
0.08658008658008658
0.10476190476190476
0.19367588932806323
0.21645021645021645
0.5604838709677419
0.09523809523809523
0.04736842105263158
0.17142857142857143
0.21
0.2608695652173913
0.47384615384615386
0.30039525691699603
0.38405797101449274
0.6482758620689655
0.2246376811594203
0.3203463203463203
0.2857142857142857
0.2510822510822511
0.2885375494071146
0.021052631578947368
0.1
0.45666666666666667
0.07792207792207792
0.19047619047619047
0.2578947368421053
0.18614718614718614
0.20652173913043478
0.20346320346320346
0.10526315789473684
0.07142857142857142
0.08571428571428572
0.08658008658008658
0.17786561264822134
0.06666666666666667
0.042105263157894736
0.4368421052631579
0.15714285714285714
0.02857142857142857
0.6471774193548387
0.07905138339920949
0.5270935960591133
--------------------------------
top-10
0.0
0.06666666666666667
0.32051282051282054
0.05454545454545454
0.24242424242424243
0.15151515151515152
0.19696969696969696
0.8014705882352942
0.022222222222222223
0.14545454545454545
0.24242424242424243
0.3787878787878788
0.13636363636363635
0.12121212121212122
0.07272727272727272
0.2948717948717949
0.08888888888888889
0.45054945054945056
0.5904761904761905
0.28205128205128205
0.625
0.8161764705882353
0.36363636363636365
0.4945054945054945
0.4945054945054945
0.2692307692307692
0.48484848484848486
0.044444444444444446
0.1111111111111111
0.7142857142857143
0.12727272727272726
0.22727272727272727
0.5128205128205128
0.22727272727272727
0.0
0.32727272727272727
0.2727272727272727
0.06666666666666667
0.05454545454545454
0.06666666666666667
0.10606060606060606
0.12727272727272726
0.0
0.44761904761904764
0.12121212121212122
0.06666666666666667
0.625
0.022222222222222223
0.5238095238095238
--------------------------------
top-5
0.0
0.2
0.26666666666666666
0.1
0.2
0.3
0.1
0.7777777777777778
0.0
0.4
0.26666666666666666
0.75
0.4
0.1
0.0
0.2
0.0
0.5333333333333333
0.8571428571428571
0.26666666666666666
0.5714285714285714
0.9333333333333333
0.5714285714285714
0.47619047619047616
0.38095238095238093
0.13333333333333333
0.6666666666666666
0.0
0.2
0.8611111111111112
0.0
0.26666666666666666
0.38095238095238093
0.2
0.0
0.5238095238095238
0.26666666666666666
0.06666666666666667
0.0
0.1
0.1
0.3
0.0
0.13333333333333333
0.1
0.13333333333333333
0.6785714285714286
0.0
0.3333333333333333
--------------------------------
top-3
0.0
0.3333333333333333
0.3333333333333333
0.0
0.16666666666666666
0.3333333333333333
0.3333333333333333
0.6
0.0
0.6666666666666666
0.3333333333333333
0.8
0.3333333333333333
0.3333333333333333
0.0
0.0
0.0
0.8
1.0
0.16666666666666666
0.8
0.9333333333333333
0.5
0.3333333333333333
0.16666666666666666
0.3333333333333333
0.9
0.0
0.6666666666666666
0.9
0.0
0.3333333333333333
0.16666666666666666
0.16666666666666666
0.0
0.8
0.16666666666666666
0.0
0.0
0.3333333333333333
0.0
0.16666666666666666
0.0
0.3333333333333333
0.3333333333333333
0.0
0.7
0.0
0.16666666666666666

Average20: 0.225875011055777	Count: 49
Average10: 0.2653114059476604	Count: 49
Average5: 0.28767411726595393	Count: 49
Average3: 0.32108843537414966	Count: 49
