--------------------------------
top-20
0.08571428571428572
0.19047619047619047
0.09473684210526316
0.08658008658008658
0.12857142857142856
0.05238095238095238
0.1
0.1038961038961039
0.03333333333333333
0.12987012987012986
0.2554112554112554
0.07142857142857142
0.16304347826086957
0.20476190476190476
0.07894736842105263
0.1471861471861472
0.23666666666666666
0.25333333333333335
0.2134387351778656
0.2
0.5379310344827586
0.22510822510822512
0.0380952380952381
0.19913419913419914
0.41125541125541126
0.17391304347826086
0.1341991341991342
0.2953846153846154
0.042105263157894736
0.1383399209486166
0.0761904761904762
0.13852813852813853
0.15714285714285714
0.05238095238095238
0.05714285714285714
0.30434782608695654
0.16205533596837945
0.2523809523809524
0.18972332015810275
0.05714285714285714
0.21645021645021645
0.02631578947368421
0.04285714285714286
0.21739130434782608
0.09473684210526316
0.047619047619047616
0.14761904761904762
0.10952380952380952
0.1067193675889328
--------------------------------
top-10
0.2545454545454545
0.48484848484848486
0.14545454545454545
0.10909090909090909
0.1111111111111111
0.03636363636363636
0.2
0.28888888888888886
0.022222222222222223
0.23636363636363636
0.2948717948717949
0.14545454545454545
0.2
0.24358974358974358
0.05454545454545454
0.08888888888888889
0.12121212121212122
0.16363636363636364
0.3333333333333333
0.18181818181818182
0.3516483516483517
0.2545454545454545
0.03636363636363636
0.30303030303030304
0.47619047619047616
0.21212121212121213
0.2545454545454545
0.13333333333333333
0.03636363636363636
0.21818181818181817
0.044444444444444446
0.21212121212121213
0.21212121212121213
0.12727272727272726
0.0
0.4065934065934066
0.3111111111111111
0.6593406593406593
0.19696969696969696
0.10909090909090909
0.20512820512820512
0.044444444444444446
0.022222222222222223
0.16666666666666666
0.07272727272727272
0.03636363636363636
0.34545454545454546
0.01818181818181818
0.10909090909090909
--------------------------------
top-5
0.42857142857142855
0.8214285714285714
0.13333333333333333
0.06666666666666667
0.2
0.1
0.06666666666666667
0.5238095238095238
0.1
0.6
0.06666666666666667
0.1
0.47619047619047616
0.06666666666666667
0.06666666666666667
0.1
0.2
0.3333333333333333
0.06666666666666667
0.2
0.2
0.38095238095238093
0.0
0.2
0.06666666666666667
0.2
0.3333333333333333
0.1
0.1
0.26666666666666666
0.2
0.2
0.13333333333333333
0.3
0.0
0.3
0.6428571428571429
0.8611111111111112
0.0
0.4
0.1
0.0
0.0
0.13333333333333333
0.1
0.0
0.6428571428571429
0.0
0.2
--------------------------------
top-3
0.3333333333333333
1.0
0.0
0.0
0.3333333333333333
0.3333333333333333
0.0
0.5
0.16666666666666666
0.8
0.0
0.3333333333333333
0.3333333333333333
0.0
0.0
0.16666666666666666
0.16666666666666666
0.6
0.0
0.16666666666666666
0.16666666666666666
0.3333333333333333
0.0
0.16666666666666666
0.0
0.0
0.5
0.16666666666666666
0.3333333333333333
0.16666666666666666
0.3333333333333333
0.3333333333333333
0.0
0.3333333333333333
0.0
0.16666666666666666
0.6
1.0
0.0
0.6666666666666666
0.0
0.0
0.0
0.0
0.16666666666666666
0.0
0.7
0.0
0.6666666666666666

Average20: 0.15268389876586314	Count: 49
Average10: 0.18963077738587938	Count: 49
Average5: 0.21995464852607707	Count: 49
Average3: 0.24557823129251696	Count: 49
