--------------------------------
top-20
0.05238095238095238
0.11688311688311688
0.13333333333333333
0.1619047619047619
0.2845849802371542
0.2391304347826087
0.1383399209486166
0.5010752688172043
0.11688311688311688
0.1523809523809524
0.18181818181818182
0.13333333333333333
0.21014492753623187
0.18614718614718614
0.05263157894736842
0.2571428571428571
0.21557971014492755
0.2134387351778656
0.4444444444444444
0.09523809523809523
0.41846153846153844
0.35333333333333333
0.09956709956709957
0.2987012987012987
0.21
0.23550724637681159
0.27705627705627706
0.021052631578947368
0.0761904761904762
0.4311594202898551
0.10476190476190476
0.1383399209486166
0.18421052631578946
0.18571428571428572
0.12987012987012986
0.3203463203463203
0.06315789473684211
0.09523809523809523
0.24110671936758893
0.1225296442687747
0.2608695652173913
0.0761904761904762
0.09523809523809523
0.4533333333333333
0.12380952380952381
0.116600790513834
0.5161290322580645
0.05238095238095238
0.11688311688311688
--------------------------------
top-10
0.09090909090909091
0.18181818181818182
0.2727272727272727
0.32727272727272727
0.22727272727272727
0.15151515151515152
0.10909090909090909
0.5514705882352942
0.05454545454545454
0.2727272727272727
0.23636363636363636
0.19696969696969696
0.17307692307692307
0.03636363636363636
0.18181818181818182
0.38461538461538464
0.16666666666666666
0.16363636363636364
0.5512820512820513
0.08888888888888889
0.6
0.5164835164835165
0.12727272727272726
0.43956043956043955
0.16363636363636364
0.25757575757575757
0.3974358974358974
0.044444444444444446
0.09090909090909091
0.7472527472527473
0.12727272727272726
0.14545454545454545
0.23636363636363636
0.19230769230769232
0.1111111111111111
0.4065934065934066
0.1111111111111111
0.15555555555555556
0.12121212121212122
0.15555555555555556
0.19230769230769232
0.10909090909090909
0.12121212121212122
0.6476190476190476
0.14545454545454545
0.37777777777777777
0.5238095238095238
0.08888888888888889
0.1111111111111111
--------------------------------
top-5
0.13333333333333333
0.2
0.44642857142857145
0.5357142857142857
0.3333333333333333
0.26666666666666666
0.2
0.4642857142857143
0.13333333333333333
0.06666666666666667
0.4666666666666667
0.3333333333333333
0.06666666666666667
0.0
0.26666666666666666
0.2
0.0
0.23809523809523808
0.6388888888888888
0.13333333333333333
0.7222222222222222
0.6388888888888888
0.06666666666666667
0.4642857142857143
0.4
0.2857142857142857
0.47619047619047616
0.0
0.13333333333333333
0.8055555555555556
0.1
0.4
0.13333333333333333
0.2
0.3333333333333333
0.4642857142857143
0.2
0.4666666666666667
0.1
0.5
0.1
0.2
0.0
0.6388888888888888
0.3
0.5
0.47619047619047616
0.1
0.06666666666666667
--------------------------------
top-3
0.3333333333333333
0.16666666666666666
0.3333333333333333
0.5
0.3333333333333333
0.6666666666666666
0.3333333333333333
0.3333333333333333
0.0
0.0
0.6666666666666666
0.3333333333333333
0.0
0.0
0.16666666666666666
0.0
0.0
0.0
0.6
0.0
0.8
0.6
0.0
0.3333333333333333
0.5
0.16666666666666666
0.5
0.0
0.0
0.8
0.0
0.5
0.0
0.16666666666666666
0.3333333333333333
0.3333333333333333
0.3333333333333333
0.7
0.16666666666666666
0.5
0.16666666666666666
0.16666666666666666
0.0
0.6
0.6666666666666666
0.45
0.5
0.0
0.0

Average20: 0.1980521538251241	Count: 49
Average10: 0.24251858918725655	Count: 49
Average5: 0.29378846776805956	Count: 49
Average3: 0.28673469387755096	Count: 49
