--------------------------------
top-20
0.37
0.3233333333333333
0.255
0.2
0.4656084656084656
0.2727272727272727
0.31620553359683795
0.42063492063492064
0.24786324786324787
0.2028985507246377
0.47293447293447294
0.24666666666666667
0.3831908831908832
0.2353846153846154
0.17786561264822134
0.42758620689655175
0.3532608695652174
0.12987012987012986
0.25181159420289856
0.4766666666666667
0.3789173789173789
0.4031339031339031
0.29333333333333333
0.335978835978836
0.24094202898550723
0.22924901185770752
0.49833333333333335
0.40217391304347827
0.36333333333333334
0.31521739130434784
0.35333333333333333
0.5172413793103449
0.27166666666666667
0.322463768115942
0.3076923076923077
0.48615384615384616
0.3933333333333333
0.42450142450142453
0.10476190476190476
0.09956709956709957
0.11904761904761904
0.33695652173913043
0.24666666666666667
0.2536231884057971
0.30666666666666664
0.4553846153846154
0.32971014492753625
0.37
0.3476923076923077
0.3446153846153846
--------------------------------
top-10
0.5714285714285714
0.47435897435897434
0.2909090909090909
0.09090909090909091
0.580952380952381
0.6153846153846154
0.2857142857142857
0.5047619047619047
0.18181818181818182
0.2222222222222222
0.5142857142857142
0.24242424242424243
0.5064102564102564
0.2909090909090909
0.2564102564102564
0.25274725274725274
0.35714285714285715
0.05454545454545454
0.3333333333333333
0.7166666666666667
0.5256410256410257
0.3516483516483517
0.23076923076923078
0.30303030303030304
0.48484848484848486
0.23076923076923078
0.6041666666666666
0.2948717948717949
0.4358974358974359
0.3076923076923077
0.3626373626373626
0.4857142857142857
0.46153846153846156
0.45454545454545453
0.23636363636363636
0.6666666666666666
0.4666666666666667
0.5333333333333333
0.022222222222222223
0.0
0.1111111111111111
0.5384615384615384
0.3181818181818182
0.3333333333333333
0.3076923076923077
0.580952380952381
0.3076923076923077
0.3516483516483517
0.3626373626373626
0.31868131868131866
--------------------------------
top-5
0.6666666666666666
0.6785714285714286
0.2857142857142857
0.13333333333333333
0.6666666666666666
0.6944444444444444
0.26666666666666666
0.5714285714285714
0.26666666666666666
0.6
0.42857142857142855
0.13333333333333333
0.5
0.47619047619047616
0.3
0.0
0.4666666666666667
0.0
0.6190476190476191
0.7777777777777778
0.6785714285714286
0.2857142857142857
0.1
0.38095238095238093
0.5
0.1
0.48214285714285715
0.2
0.38095238095238093
0.38095238095238093
0.2
0.3333333333333333
0.6428571428571429
0.6785714285714286
0.3333333333333333
0.7777777777777778
0.38095238095238093
0.7857142857142857
0.0
0.0
0.26666666666666666
0.5357142857142857
0.42857142857142855
0.5714285714285714
0.2
0.7222222222222222
0.1
0.13333333333333333
0.2
0.13333333333333333
--------------------------------
top-3
0.7
0.8
0.3333333333333333
0.0
0.7
0.8
0.3333333333333333
0.7
0.3333333333333333
0.8333333333333334
0.16666666666666666
0.3333333333333333
0.5
0.5
0.5
0.0
0.3333333333333333
0.0
0.8
0.8
0.8
0.16666666666666666
0.16666666666666666
0.3333333333333333
0.5
0.0
0.5
0.3333333333333333
0.3333333333333333
0.5
0.3333333333333333
0.3333333333333333
0.8
0.8
0.6666666666666666
0.8
0.5
0.8
0.0
0.0
0.16666666666666666
0.5
0.16666666666666666
0.6
0.3333333333333333
0.8
0.3333333333333333
0.0
0.16666666666666666
0.0

Average20: 0.3216239936863625	Count: 50
Average10: 0.3666549839049838	Count: 50
Average5: 0.3888968253968254	Count: 50
Average3: 0.4240000000000002	Count: 50
