--------------------------------
top-20
0.24333333333333335
0.23809523809523808
0.12681159420289856
0.14333333333333334
0.16600790513833993
0.17894736842105263
0.27692307692307694
0.23715415019762845
0.09090909090909091
0.1038961038961039
0.15579710144927536
0.12554112554112554
0.10822510822510822
0.19202898550724637
0.12121212121212122
0.1380952380952381
0.18571428571428572
0.08658008658008658
0.06190476190476191
0.2536231884057971
0.3007246376811594
0.2536231884057971
0.23376623376623376
0.31666666666666665
0.1380952380952381
0.12987012987012986
0.1619047619047619
0.2210144927536232
0.1976190476190476
0.18181818181818182
0.12121212121212122
0.49195402298850577
0.11428571428571428
0.27705627705627706
0.2866666666666667
0.4656084656084656
0.25296442687747034
0.2683982683982684
0.1541501976284585
0.11688311688311688
0.05263157894736842
0.04736842105263158
0.15217391304347827
0.2318840579710145
0.16996047430830039
0.3476190476190476
0.11428571428571428
0.17391304347826086
0.11904761904761904
0.09523809523809523
--------------------------------
top-10
0.12121212121212122
0.25757575757575757
0.08888888888888889
0.10909090909090909
0.21818181818181817
0.3076923076923077
0.12121212121212122
0.3090909090909091
0.14545454545454545
0.06666666666666667
0.16666666666666666
0.12727272727272726
0.10909090909090909
0.09090909090909091
0.15151515151515152
0.12727272727272726
0.28205128205128205
0.07272727272727272
0.13333333333333333
0.32727272727272727
0.30303030303030304
0.2564102564102564
0.20512820512820512
0.18181818181818182
0.2909090909090909
0.13636363636363635
0.2878787878787879
0.23076923076923078
0.28888888888888886
0.2727272727272727
0.21212121212121213
0.5523809523809524
0.1794871794871795
0.23076923076923078
0.18181818181818182
0.6373626373626373
0.34615384615384615
0.4696969696969697
0.044444444444444446
0.0
0.0
0.08888888888888889
0.15151515151515152
0.30303030303030304
0.13636363636363635
0.3974358974358974
0.14545454545454545
0.2545454545454545
0.10909090909090909
0.09090909090909091
--------------------------------
top-5
0.06666666666666667
0.06666666666666667
0.1
0.1
0.26666666666666666
0.23809523809523808
0.13333333333333333
0.42857142857142855
0.13333333333333333
0.13333333333333333
0.4
0.3
0.1
0.1
0.3
0.06666666666666667
0.2
0.1
0.26666666666666666
0.2857142857142857
0.5333333333333333
0.06666666666666667
0.06666666666666667
0.13333333333333333
0.42857142857142855
0.1
0.26666666666666666
0.06666666666666667
0.42857142857142855
0.26666666666666666
0.2
0.7222222222222222
0.13333333333333333
0.3333333333333333
0.13333333333333333
0.7777777777777778
0.13333333333333333
0.6111111111111112
0.0
0.0
0.0
0.13333333333333333
0.3
0.3333333333333333
0.2
0.38095238095238093
0.2
0.06666666666666667
0.1
0.1
--------------------------------
top-3
0.0
0.0
0.3333333333333333
0.0
0.5
0.0
0.3333333333333333
0.6666666666666666
0.3333333333333333
0.16666666666666666
0.16666666666666666
0.5
0.0
0.3333333333333333
0.3333333333333333
0.0
0.3333333333333333
0.16666666666666666
0.16666666666666666
0.3333333333333333
0.7
0.0
0.0
0.3333333333333333
0.5
0.0
0.3333333333333333
0.0
0.3333333333333333
0.3333333333333333
0.0
0.8
0.16666666666666666
0.5
0.0
0.8
0.0
0.5
0.0
0.0
0.0
0.0
0.3333333333333333
0.16666666666666666
0.16666666666666666
0.16666666666666666
0.3333333333333333
0.0
0.16666666666666666
0.0

Average20: 0.18845074036525158	Count: 50
Average10: 0.20637140637140639	Count: 50
Average5: 0.22003174603174602	Count: 50
Average3: 0.22599999999999998	Count: 50
