--------------------------------
top50
0.16688311688311688
0.10784313725490197
0.17884278199883108
0.06612244897959184
0.12337662337662338
0.19717514124293786
0.1474493361285814
0.13425253991291727
0.05176470588235294
0.08646616541353383
0.2559906487434249
0.10454545454545454
0.09350649350649351
0.07239819004524888
0.1292207792207792
0.12764670296430733
0.1090146750524109
0.14513788098693758
0.1016949152542373
0.14804063860667635
0.10196078431372549
0.11529411764705882
0.07946127946127945
0.11137254901960784
0.07372549019607844
0.1484511981297487
0.18819403857393338
0.17543859649122806
0.1271186440677966
0.09351432880844646
0.34961555857078247
0.10558069381598793
0.10285714285714286
0.10227936879018118
0.19738751814223512
0.27978883861236803
0.17704918032786884
0.12089447938504543
0.11842105263157894
0.08672699849170437
0.07616892911010557
0.18518518518518517
0.07619738751814223
0.16604010025062657
0.06638714185883997
0.2081967213114754
0.15082956259426847
0.1027450980392157
0.11312764670296431
0.14352941176470588
0.08944793850454227
0.17851959361393324
0.34527162977867204
0.13732607380520268
0.06823529411764706
0.06966618287373004
0.18701298701298702
0.12272727272727273
0.12772133526850507
0.1357142857142857
0.10823529411764705
0.14395527603074773
0.11716791979949874
0.16779661016949152
0.11465892597968069
0.23691168693812797
0.11030478955007257
0.1771043771043771
0.2261072261072261
0.14223512336719885
0.08635703918722787
0.03843466107617051
0.09803921568627451
0.09993011879804332
0.28240165631469977
0.30261136712749614
0.10885341074020319
0.13909774436090225
0.11010558069381599
0.10168350168350168
0.14814814814814814
0.1033182503770739
0.06892230576441102
0.12053872053872054
0.1851179673321234
0.10586811857229281
0.06988120195667366
0.15486993345432548
0.10935143288084465
0.1746031746031746
0.09220779220779221
0.09586466165413533
0.11756168359941944
0.19172932330827067
0.1565309360126917
0.07088989441930618
0.06196078431372549
0.08106219426974144
0.12159329140461216
0.10633484162895927
--------------------------------
top10
0.022222222222222223
0.2692307692307692
0.14545454545454545
0.044444444444444446
0.044444444444444446
0.2
0.3626373626373626
0.18181818181818182
0.2
0.15151515151515152
0.3484848484848485
0.07272727272727272
0.12727272727272726
0.23636363636363636
0.08888888888888889
0.09090909090909091
0.03636363636363636
0.2727272727272727
0.12727272727272726
0.16666666666666666
0.24444444444444444
0.5274725274725275
0.44871794871794873
0.07575757575757576
0.2727272727272727
0.0
0.41818181818181815
0.09090909090909091
0.5333333333333333
0.18181818181818182
0.022222222222222223
0.2
0.475
0.2
0.18181818181818182
0.34285714285714286
0.14545454545454545
0.12727272727272726
0.15151515151515152
0.2909090909090909
0.3484848484848485
0.06666666666666667
0.07272727272727272
0.06666666666666667
0.23076923076923078
0.13333333333333333
0.0
0.12727272727272726
0.08888888888888889
0.044444444444444446
0.01818181818181818
0.3076923076923077
0.09090909090909091
0.2222222222222222
0.2878787878787879
0.13333333333333333
0.17777777777777778
0.03636363636363636
0.3090909090909091
0.24358974358974358
0.13636363636363635
0.24444444444444444
0.044444444444444446
0.06666666666666667
0.30303030303030304
0.14545454545454545
0.12121212121212122
0.13333333333333333
0.19696969696969696
0.2
0.2
0.09090909090909091
0.3974358974358974
0.09090909090909091
0.06666666666666667
0.06666666666666667
0.08888888888888889
0.16363636363636364
0.2564102564102564
0.15555555555555556
0.2878787878787879
0.24242424242424243
0.19696969696969696
0.09090909090909091
0.08888888888888889
0.0
0.10909090909090909
0.06666666666666667
0.22727272727272727
0.2222222222222222
0.07272727272727272
0.08888888888888889
0.14545454545454545
0.28205128205128205
0.05454545454545454
0.21818181818181817
0.18181818181818182
0.03636363636363636
0.10909090909090909
0.2692307692307692
--------------------------------
top5
0.1
0.2
0.26666666666666666
0.06666666666666667
0.0
0.26666666666666666
0.2857142857142857
0.26666666666666666
0.2
0.06666666666666667
0.23809523809523808
0.2
0.06666666666666667
0.1
0.2
0.1
0.0
0.42857142857142855
0.26666666666666666
0.2857142857142857
0.23809523809523808
0.3333333333333333
0.5
0.0
0.26666666666666666
0.0
0.47619047619047616
0.0
0.5
0.13333333333333333
0.1
0.26666666666666666
0.38095238095238093
0.13333333333333333
0.4
0.06666666666666667
0.0
0.4
0.3
0.2
0.3333333333333333
0.13333333333333333
0.1
0.2
0.2
0.3333333333333333
0.0
0.3
0.2
0.0
0.0
0.3333333333333333
0.13333333333333333
0.2
0.42857142857142855
0.26666666666666666
0.23809523809523808
0.06666666666666667
0.23809523809523808
0.06666666666666667
0.13333333333333333
0.6
0.2
0.2
0.3333333333333333
0.26666666666666666
0.0
0.2857142857142857
0.06666666666666667
0.13333333333333333
0.2
0.06666666666666667
0.42857142857142855
0.2
0.1
0.2
0.13333333333333333
0.2
0.23809523809523808
0.2
0.23809523809523808
0.26666666666666666
0.2
0.13333333333333333
0.2
0.0
0.13333333333333333
0.2
0.3333333333333333
0.2857142857142857
0.13333333333333333
0.2
0.2
0.3333333333333333
0.0
0.3333333333333333
0.06666666666666667
0.0
0.06666666666666667
0.19047619047619047
