--------------------------------
top50
0.19540229885057472
0.18483709273182958
0.07878787878787878
0.10449927431059507
0.1782583284628872
0.062409288824383166
0.12969924812030076
0.08081632653061224
0.13046757164404224
0.07428571428571429
0.3487012987012987
0.10168350168350168
0.09224318658280922
0.0899854862119013
0.18518518518518517
0.2321523003701745
0.07811447811447811
0.18051948051948052
0.053544494720965306
0.07541478129713423
0.1262699564586357
0.1625544267053701
0.07138047138047138
0.21168831168831168
0.07529411764705882
0.08200290275761973
0.28743169398907104
0.18787878787878787
0.11967418546365914
0.08708272859216255
0.03215686274509804
0.09577677224736049
0.11843137254901961
0.1500302480338778
0.2869674185463659
0.08896103896103896
0.050072568940493466
0.1515837104072398
0.15373864430468204
0.08506493506493507
0.08220211161387632
0.0420899854862119
0.1711864406779661
0.21525423728813559
0.08521870286576169
0.26705446853516657
0.23278688524590163
0.12019566736547868
0.08333333333333333
0.061952861952861954
0.036284470246734396
0.2278127183787561
0.052525252525252523
0.5270175438596492
0.14640048396854205
0.04470588235294118
0.1974025974025974
0.06636500754147813
0.09506531204644413
0.10761705101327743
0.12156862745098039
0.15912518853695323
0.16423144360023378
0.3550429669832655
0.05333333333333334
0.1355111917725348
0.18099231306778477
0.08235294117647059
0.08925979680696662
0.19056261343012704
0.14675052410901468
0.05079825834542816
0.1548801870251315
0.1223529411764706
0.19903206291591047
0.11716791979949874
0.16835016835016836
0.1386066763425254
0.12255892255892256
0.237468671679198
0.31311475409836065
0.11529411764705882
0.08069381598793364
0.1253246753246753
0.23638286620835536
0.1808832425892317
0.05224963715529753
0.13793103448275862
0.07607843137254902
0.09962406015037593
0.0726764500349406
0.0693815987933635
0.1574746008708273
0.17420814479638008
0.116701607267645
0.08282828282828283
0.14348370927318296
0.03619909502262444
0.09803921568627451
0.1191553544494721
--------------------------------
top10
0.03636363636363636
0.3717948717948718
0.08888888888888889
0.05454545454545454
0.09090909090909091
0.14545454545454545
0.12727272727272726
0.23636363636363636
0.10606060606060606
0.2
0.45
0.01818181818181818
0.022222222222222223
0.2727272727272727
0.13333333333333333
0.2909090909090909
0.08888888888888889
0.22727272727272727
0.2727272727272727
0.14545454545454545
0.14545454545454545
0.42857142857142855
0.3181818181818182
0.05454545454545454
0.2878787878787879
0.06666666666666667
0.2564102564102564
0.23076923076923078
0.19230769230769232
0.06666666666666667
0.022222222222222223
0.1111111111111111
0.24242424242424243
0.36363636363636365
0.4696969696969697
0.18181818181818182
0.19696969696969696
0.21212121212121213
0.21794871794871795
0.12727272727272726
0.4666666666666667
0.044444444444444446
0.3333333333333333
0.24358974358974358
0.28205128205128205
0.10909090909090909
0.3111111111111111
0.3333333333333333
0.14545454545454545
0.022222222222222223
0.0
0.2727272727272727
0.12727272727272726
0.3333333333333333
0.24242424242424243
0.2
0.5256410256410257
0.0
0.23636363636363636
0.13636363636363635
0.14545454545454545
0.16666666666666666
0.16363636363636364
0.2878787878787879
0.12727272727272726
0.022222222222222223
0.3181818181818182
0.0
0.03636363636363636
0.3626373626373626
0.28205128205128205
0.12121212121212122
0.3076923076923077
0.07575757575757576
0.32727272727272727
0.06666666666666667
0.3090909090909091
0.22727272727272727
0.09090909090909091
0.044444444444444446
0.3333333333333333
0.07272727272727272
0.1111111111111111
0.08888888888888889
0.08888888888888889
0.08888888888888889
0.022222222222222223
0.1111111111111111
0.05454545454545454
0.05454545454545454
0.13333333333333333
0.044444444444444446
0.3484848484848485
0.2
0.12121212121212122
0.10909090909090909
0.0
0.06666666666666667
0.14545454545454545
0.10606060606060606
--------------------------------
top5
0.0
0.42857142857142855
0.13333333333333333
0.0
0.06666666666666667
0.06666666666666667
0.06666666666666667
0.2
0.0
0.3333333333333333
0.42857142857142855
0.0
0.0
0.2857142857142857
0.2
0.47619047619047616
0.06666666666666667
0.13333333333333333
0.42857142857142855
0.0
0.13333333333333333
0.38095238095238093
0.23809523809523808
0.1
0.3333333333333333
0.06666666666666667
0.26666666666666666
0.1
0.0
0.0
0.0
0.2
0.42857142857142855
0.4642857142857143
0.5357142857142857
0.0
0.2
0.1
0.2
0.06666666666666667
0.7142857142857143
0.13333333333333333
0.4
0.3
0.06666666666666667
0.26666666666666666
0.4666666666666667
0.19047619047619047
0.2
0.0
0.0
0.38095238095238093
0.13333333333333333
0.4
0.13333333333333333
0.23809523809523808
0.6388888888888888
0.0
0.13333333333333333
0.06666666666666667
0.2
0.0
0.26666666666666666
0.5333333333333333
0.4
0.0
0.38095238095238093
0.0
0.1
0.13333333333333333
0.23809523809523808
0.0
0.23809523809523808
0.0
0.26666666666666666
0.2
0.23809523809523808
0.26666666666666666
0.13333333333333333
0.1
0.42857142857142855
0.0
0.06666666666666667
0.1
0.2
0.26666666666666666
0.1
0.26666666666666666
0.06666666666666667
0.1
0.1
0.0
0.5333333333333333
0.2
0.0
0.1
0.0
0.13333333333333333
0.0
0.2
