--------------------------------
top50
0.17337662337662338
0.2832080200501253
0.08484848484848485
0.06259426847662142
0.18922305764411027
0.26433566433566436
0.09803921568627451
0.04897959183673469
0.11510204081632654
0.0326530612244898
0.35378106821787414
0.0992313067784766
0.11428571428571428
0.04244897959183674
0.23859126984126985
0.17301875378100423
0.06801346801346801
0.18577648766328012
0.08888888888888889
0.0946938775510204
0.0899854862119013
0.17387755102040817
0.07692307692307693
0.22431372549019607
0.05656108597285068
0.3492957746478873
0.32575356953992596
0.10030165912518854
0.1538961038961039
0.08571428571428572
0.04644412191582003
0.10745098039215686
0.08653061224489796
0.12727272727272726
0.2828282828282828
0.07922077922077922
0.1191919191919192
0.13647058823529412
0.07477288609364081
0.16666666666666666
0.07727272727272727
0.08246753246753247
0.2087431693989071
0.2739375320020481
0.0792156862745098
0.1586303284416492
0.23479640401903754
0.09725490196078432
0.09480519480519481
0.0593990216631726
0.05568627450980392
0.25
0.06568832983927324
0.5322807017543859
0.16696914700544466
0.0784313725490196
0.19077568134171907
0.08315863032844165
0.06693877551020408
0.08925979680696662
0.06666666666666667
0.12549019607843137
0.16696914700544466
0.3547785547785548
0.07755102040816327
0.10831586303284417
0.17051013277428373
0.05203619909502263
0.13500876680303917
0.21581920903954802
0.07111756168359942
0.03092006033182504
0.11433756805807622
0.1138763197586727
0.2396259497369959
0.12336719883889695
0.14155844155844155
0.16400580551523947
0.07767722473604827
0.2615819209039548
0.27796610169491526
0.08244897959183674
0.08441558441558442
0.1090146750524109
0.28186144896879956
0.18984962406015038
0.05660377358490566
0.16091954022988506
0.10196078431372549
0.10584415584415584
0.12191582002902758
0.08563134978229318
0.17571644042232276
0.23076923076923078
0.10482180293501048
0.1331168831168831
0.15664160401002505
0.06966618287373004
0.050980392156862744
0.1740041928721174
--------------------------------
top10
0.10606060606060606
0.37362637362637363
0.21818181818181817
0.022222222222222223
0.01818181818181818
0.14545454545454545
0.4
0.14545454545454545
0.2564102564102564
0.06666666666666667
0.6985294117647058
0.18181818181818182
0.10909090909090909
0.32727272727272727
0.2909090909090909
0.34545454545454546
0.03636363636363636
0.3904761904761905
0.26666666666666666
0.4230769230769231
0.05454545454545454
0.5714285714285714
0.45054945054945056
0.19696969696969696
0.14545454545454545
0.07272727272727272
0.3333333333333333
0.12727272727272726
0.25757575757575757
0.3333333333333333
0.01818181818181818
0.19696969696969696
0.3090909090909091
0.3181818181818182
0.38461538461538464
0.24242424242424243
0.7121212121212122
0.24242424242424243
0.2222222222222222
0.4
0.6222222222222222
0.36363636363636365
0.2222222222222222
0.2564102564102564
0.15151515151515152
0.16363636363636364
0.2
0.2
0.09090909090909091
0.08888888888888889
0.044444444444444446
0.3626373626373626
0.14545454545454545
0.3619047619047619
0.18181818181818182
0.2692307692307692
0.49264705882352944
0.07272727272727272
0.30303030303030304
0.2
0.05454545454545454
0.2545454545454545
0.2222222222222222
0.2564102564102564
0.4
0.5333333333333333
0.16666666666666666
0.13636363636363635
0.15151515151515152
0.3626373626373626
0.3181818181818182
0.16363636363636364
0.2727272727272727
0.07272727272727272
0.24444444444444444
0.24444444444444444
0.2222222222222222
0.022222222222222223
0.10909090909090909
0.16363636363636364
0.6571428571428571
0.18181818181818182
0.07272727272727272
0.24444444444444444
0.08888888888888889
0.044444444444444446
0.06666666666666667
0.12727272727272726
0.31868131868131866
0.022222222222222223
0.38461538461538464
0.044444444444444446
0.3333333333333333
0.22727272727272727
0.18181818181818182
0.37362637362637363
0.15555555555555556
0.1111111111111111
0.24444444444444444
0.5583333333333333
--------------------------------
top5
0.2
0.2
0.5333333333333333
0.0
0.1
0.2
0.38095238095238093
0.13333333333333333
0.2
0.2
0.8
0.7
0.2
0.42857142857142855
0.5714285714285714
0.5714285714285714
0.0
0.26666666666666666
0.4
0.38095238095238093
0.0
0.5
0.8095238095238095
0.3
0.23809523809523808
0.1
0.5238095238095238
0.2
0.4666666666666667
0.26666666666666666
0.0
0.13333333333333333
0.6
0.4642857142857143
0.4666666666666667
0.2
0.8333333333333334
0.06666666666666667
0.6
0.5714285714285714
0.6666666666666666
0.5238095238095238
0.3
0.5
0.13333333333333333
0.5333333333333333
0.26666666666666666
0.19047619047619047
0.26666666666666666
0.0
0.1
0.19047619047619047
0.5
0.4
0.06666666666666667
0.5
0.2857142857142857
0.1
0.26666666666666666
0.06666666666666667
0.0
0.4666666666666667
0.4666666666666667
0.2
0.39285714285714285
0.6785714285714286
0.2
0.26666666666666666
0.0
0.2
0.47619047619047616
0.2
0.2
0.1
0.4
0.5238095238095238
0.13333333333333333
0.1
0.1
0.4
0.6888888888888889
0.2
0.0
0.4
0.3
0.13333333333333333
0.1
0.3333333333333333
0.13333333333333333
0.1
0.23809523809523808
0.13333333333333333
0.3333333333333333
0.3333333333333333
0.2
0.42857142857142855
0.26666666666666666
0.13333333333333333
0.5
0.5555555555555556
