--------------------------------
top50
0.06531986531986532
0.07058823529411765
0.12409288824383163
0.03764705882352941
0.1282051282051282
0.09158249158249158
0.102322206095791
0.09579100145137881
0.06431372549019608
0.09935064935064936
0.25084745762711863
0.08080808080808081
0.033936651583710405
0.06693877551020408
0.17613927291346645
0.03996983408748114
0.09276018099547512
0.1919191919191919
0.062409288824383166
0.1592156862745098
0.18775510204081633
0.09653092006033183
0.06676342525399129
0.12816326530612246
0.05803921568627451
0.12457912457912458
0.1721311475409836
0.14612794612794613
0.042232277526395176
0.08446455505279035
0.1603145795523291
0.04816326530612245
0.14530612244897959
0.07017543859649122
0.17198838896952104
0.10633484162895927
0.09154437456324249
0.09577677224736049
0.09494949494949495
0.09200603318250378
0.09176470588235294
0.10275689223057644
0.04751131221719457
0.13636363636363635
0.04862119013062409
0.20095187731359068
0.08392156862745098
0.09647058823529411
0.03764705882352941
0.13795918367346938
0.09728506787330317
0.14545454545454545
0.24682395644283123
0.0987012987012987
0.15789473684210525
0.055152394775036286
0.18855218855218855
0.07329462989840348
0.09568627450980392
0.08345428156748912
0.07239819004524888
0.11901306240928883
0.1872025383395029
0.1554646405610754
0.08200290275761973
0.12857142857142856
0.102322206095791
0.0784313725490196
0.14377556984219755
0.07692307692307693
0.08446455505279035
0.03294117647058824
0.20928961748633879
0.06711915535444947
0.17906836055656383
0.11085972850678733
0.0965166908563135
0.10621942697414395
0.12508735150244585
0.07256894049346879
0.1420875420875421
0.09803921568627451
0.02588235294117647
0.08653061224489796
0.19298245614035087
0.07764705882352942
0.07003367003367003
0.13909774436090225
0.11828737300435414
0.07402031930333818
0.08897243107769423
0.040638606676342524
0.08853410740203194
0.17077922077922078
0.2153846153846154
0.09333333333333334
0.08081632653061224
0.13906359189378056
0.16696914700544466
0.18980392156862744
--------------------------------
top10
0.3333333333333333
0.22727272727272727
0.06666666666666667
0.06666666666666667
0.13333333333333333
0.06666666666666667
0.16666666666666666
0.12727272727272726
0.3181818181818182
0.10909090909090909
0.3484848484848485
0.09090909090909091
0.08888888888888889
0.2
0.28888888888888886
0.03636363636363636
0.022222222222222223
0.25274725274725274
0.16363636363636364
0.46153846153846156
0.07575757575757576
0.15151515151515152
0.36363636363636365
0.05454545454545454
0.19696969696969696
0.022222222222222223
0.41818181818181815
0.1111111111111111
0.15151515151515152
0.28205128205128205
0.03636363636363636
0.06666666666666667
0.6
0.16363636363636364
0.20512820512820512
0.22727272727272727
0.2545454545454545
0.2727272727272727
0.2545454545454545
0.5111111111111111
0.15384615384615385
0.01818181818181818
0.16363636363636364
0.06666666666666667
0.12121212121212122
0.044444444444444446
0.05454545454545454
0.14545454545454545
0.4
0.06666666666666667
0.022222222222222223
0.32051282051282054
0.07272727272727272
0.044444444444444446
0.45454545454545453
0.26666666666666666
0.38095238095238093
0.0
0.18181818181818182
0.09090909090909091
0.12727272727272726
0.14545454545454545
0.06666666666666667
0.044444444444444446
0.25757575757575757
0.34615384615384615
0.09090909090909091
0.2222222222222222
0.13636363636363635
0.08888888888888889
0.09090909090909091
0.14545454545454545
0.24444444444444444
0.05454545454545454
0.17777777777777778
0.022222222222222223
0.14545454545454545
0.16363636363636364
0.14545454545454545
0.10606060606060606
0.44871794871794873
0.12121212121212122
0.06666666666666667
0.4393939393939394
0.15555555555555556
0.07575757575757576
0.05454545454545454
0.2
0.22727272727272727
0.35555555555555557
0.10909090909090909
0.022222222222222223
0.2
0.19696969696969696
0.05454545454545454
0.2967032967032967
0.022222222222222223
0.14102564102564102
0.15555555555555556
0.24358974358974358
--------------------------------
top5
0.6190476190476191
0.2
0.13333333333333333
0.06666666666666667
0.3333333333333333
0.0
0.1
0.1
0.23809523809523808
0.0
0.5238095238095238
0.26666666666666666
0.06666666666666667
0.0
0.5238095238095238
0.1
0.1
0.2
0.4666666666666667
0.35714285714285715
0.1
0.13333333333333333
0.5238095238095238
0.1
0.06666666666666667
0.0
0.5
0.3
0.3333333333333333
0.23809523809523808
0.0
0.1
0.6666666666666666
0.13333333333333333
0.2
0.06666666666666667
0.3333333333333333
0.6
0.8
0.7142857142857143
0.13333333333333333
0.0
0.2
0.2
0.0
0.1
0.2
0.26666666666666666
0.5
0.0
0.1
0.5
0.0
0.0
0.5714285714285714
0.2857142857142857
0.26666666666666666
0.0
0.13333333333333333
0.06666666666666667
0.06666666666666667
0.5
0.1
0.2
0.4666666666666667
0.2857142857142857
0.0
0.42857142857142855
0.0
0.1
0.3
0.4
0.4
0.0
0.4
0.1
0.06666666666666667
0.2
0.2
0.1
0.38095238095238093
0.2
0.13333333333333333
0.5357142857142857
0.3333333333333333
0.1
0.0
0.5333333333333333
0.06666666666666667
0.35714285714285715
0.0
0.1
0.1
0.26666666666666666
0.06666666666666667
0.3
0.0
0.0
0.2
0.2
