--------------------------------
top50
0.04472396925227114
0.25626566416040103
0.07205387205387205
0.08
0.15910465819721717
0.08215488215488216
0.10235690235690235
0.08069381598793364
0.08144796380090498
0.10431372549019607
0.285792349726776
0.07692307692307693
0.07811447811447811
0.10304789550072568
0.06558441558441558
0.06894049346879536
0.14682539682539683
0.15602322206095792
0.07142857142857142
0.07390648567119155
0.15529411764705883
0.09577677224736049
0.06386066763425254
0.13836477987421383
0.09506531204644413
0.029753265602322207
0.12507305669199298
0.22571628232005592
0.08127721335268505
0.07337526205450734
0.024132730015082957
0.1607843137254902
0.12163265306122449
0.1542649727767695
0.20029027576197386
0.12741087083576855
0.09480519480519481
0.12862745098039216
0.14343434343434344
0.13784461152882205
0.06883116883116883
0.04524886877828054
0.17966101694915254
0.12323232323232323
0.09725490196078432
0.08780841799709724
0.15977443609022557
0.14612794612794613
0.07111756168359942
0.07272727272727272
0.03607843137254902
0.31245791245791243
0.0363382250174703
0.42525879917184267
0.10761705101327743
0.08784313725490196
0.19124579124579125
0.06894049346879536
0.07239819004524888
0.09049773755656108
0.09490196078431372
0.23058823529411765
0.06862745098039216
0.3211216644052465
0.0792156862745098
0.10062893081761007
0.15555555555555556
0.09176470588235294
0.04862119013062409
0.13430127041742287
0.15844155844155844
0.03996983408748114
0.05224963715529753
0.08295625942684766
0.12038717483363581
0.07127882599580712
0.1795946890286513
0.19057239057239056
0.12053872053872054
0.22272727272727272
0.39322033898305087
0.1244343891402715
0.07910014513788098
0.1013277428371768
0.12844702467343977
0.15789473684210525
0.04934687953555878
0.08549019607843138
0.13411764705882354
0.05805515239477504
0.06638714185883997
0.03607843137254902
0.12844702467343977
0.2249158249158249
0.14545454545454545
0.08315863032844165
0.0962962962962963
0.0602322206095791
0.0784313725490196
0.20363408521303258
--------------------------------
top10
0.022222222222222223
0.30303030303030304
0.15555555555555556
0.10909090909090909
0.05454545454545454
0.2727272727272727
0.3111111111111111
0.3484848484848485
0.18181818181818182
0.3076923076923077
0.5
0.01818181818181818
0.022222222222222223
0.3974358974358974
0.06666666666666667
0.13333333333333333
0.07272727272727272
0.43956043956043955
0.23636363636363636
0.3974358974358974
0.18181818181818182
0.34285714285714286
0.3956043956043956
0.10606060606060606
0.38461538461538464
0.08888888888888889
0.20512820512820512
0.38095238095238093
0.09090909090909091
0.2222222222222222
0.0
0.1111111111111111
0.20512820512820512
0.45454545454545453
0.4
0.05454545454545454
0.25757575757575757
0.28205128205128205
0.24242424242424243
0.38181818181818183
0.24444444444444444
0.06666666666666667
0.26666666666666666
0.022222222222222223
0.34065934065934067
0.08888888888888889
0.2909090909090909
0.25757575757575757
0.19696969696969696
0.07575757575757576
0.0
0.3619047619047619
0.08888888888888889
0.3142857142857143
0.22727272727272727
0.47435897435897434
0.5934065934065934
0.0
0.2
0.23076923076923078
0.15151515151515152
0.2727272727272727
0.07272727272727272
0.23636363636363636
0.34615384615384615
0.15555555555555556
0.34065934065934067
0.0
0.2
0.24358974358974358
0.6153846153846154
0.1111111111111111
0.09090909090909091
0.15151515151515152
0.10909090909090909
0.2222222222222222
0.3090909090909091
0.2564102564102564
0.16363636363636364
0.13636363636363635
0.7867647058823529
0.18181818181818182
0.37777777777777777
0.13333333333333333
0.06666666666666667
0.022222222222222223
0.12727272727272726
0.15555555555555556
0.3076923076923077
0.09090909090909091
0.05454545454545454
0.044444444444444446
0.3717948717948718
0.3181818181818182
0.10606060606060606
0.32727272727272727
0.022222222222222223
0.07272727272727272
0.14545454545454545
0.5833333333333334
--------------------------------
top5
0.1
0.2
0.3333333333333333
0.2
0.06666666666666667
0.2857142857142857
0.3333333333333333
0.3333333333333333
0.2
0.3333333333333333
0.5833333333333334
0.0
0.0
0.5
0.2
0.2
0.06666666666666667
0.5
0.3333333333333333
0.5714285714285714
0.13333333333333333
0.13333333333333333
0.42857142857142855
0.0
0.5357142857142857
0.13333333333333333
0.06666666666666667
0.13333333333333333
0.06666666666666667
0.3333333333333333
0.0
0.2
0.13333333333333333
0.5833333333333334
0.38095238095238093
0.0
0.4666666666666667
0.26666666666666666
0.26666666666666666
0.6071428571428571
0.06666666666666667
0.13333333333333333
0.26666666666666666
0.1
0.06666666666666667
0.2
0.4666666666666667
0.23809523809523808
0.3
0.0
0.0
0.47619047619047616
0.13333333333333333
0.3333333333333333
0.13333333333333333
0.5555555555555556
0.6666666666666666
0.0
0.26666666666666666
0.2
0.2
0.6666666666666666
0.2
0.4666666666666667
0.5238095238095238
0.3333333333333333
0.38095238095238093
0.0
0.3333333333333333
0.2
0.6428571428571429
0.1
0.13333333333333333
0.1
0.1
0.5333333333333333
0.3333333333333333
0.26666666666666666
0.13333333333333333
0.2
0.6666666666666666
0.06666666666666667
0.6666666666666666
0.1
0.2
0.06666666666666667
0.2
0.4
0.47619047619047616
0.1
0.13333333333333333
0.0
0.38095238095238093
0.3333333333333333
0.0
0.42857142857142855
0.0
0.1
0.1
0.5777777777777777
