--------------------------------
top50
0.059932659932659935
0.25375939849624063
0.06289308176100629
0.05297532656023222
0.16696914700544466
0.22704658525554047
0.023529411764705882
0.04816326530612245
0.03836734693877551
0.0392156862745098
0.22598870056497175
0.10572390572390572
0.09154437456324249
0.06823529411764706
0.08200290275761973
0.0992313067784766
0.03092006033182504
0.08941176470588236
0.07197763801537387
0.04653061224489796
0.032428355957767725
0.05714285714285714
0.05079825834542816
0.19057239057239056
0.04392156862745098
0.3333333333333333
0.14458560193587416
0.09869375907111756
0.17533606078316774
0.07673469387755102
0.04354136429608128
0.05803921568627451
0.0563265306122449
0.12337662337662338
0.05877551020408163
0.06894049346879536
0.07127882599580712
0.08784313725490196
0.08831168831168831
0.1474025974025974
0.04072398190045249
0.05052790346907994
0.2332099418297197
0.09433962264150944
0.043740573152337855
0.10014513788098693
0.1512987012987013
0.06901960784313725
0.07878787878787878
0.05803921568627451
0.03294117647058824
0.212406015037594
0.04147812971342383
0.4215686274509804
0.18022598870056497
0.04470588235294118
0.11683599419448476
0.07256894049346879
0.02980392156862745
0.05297532656023222
0.053061224489795916
0.06485671191553545
0.10377358490566038
0.33801580333625986
0.05647058823529412
0.09084556254367575
0.08055152394775036
0.14415584415584415
0.10844155844155844
0.13611615245009073
0.02790346907993967
0.04
0.09276018099547512
0.08069381598793364
0.15312046444121916
0.06745098039215686
0.13046757164404224
0.07541478129713423
0.04392156862745098
0.2559906487434249
0.2656641604010025
0.07102040816326531
0.06568832983927324
0.10202655485674354
0.11756168359941944
0.16333938294010888
0.05185185185185185
0.16363636363636364
0.0792156862745098
0.11215538847117794
0.0880503144654088
0.08665269042627533
0.0602322206095791
0.14027149321266968
0.05224963715529753
0.11043771043771043
0.12368972746331237
0.08385744234800839
0.050980392156862744
0.060408163265306125
--------------------------------
top10
0.05454545454545454
0.2564102564102564
0.17777777777777778
0.022222222222222223
0.01818181818181818
0.08888888888888889
0.06666666666666667
0.16666666666666666
0.10909090909090909
0.1111111111111111
0.31868131868131866
0.16363636363636364
0.10909090909090909
0.3484848484848485
0.18181818181818182
0.14545454545454545
0.0
0.16363636363636364
0.23636363636363636
0.12727272727272726
0.0
0.23076923076923078
0.26666666666666666
0.10606060606060606
0.23636363636363636
0.03636363636363636
0.17777777777777778
0.09090909090909091
0.12121212121212122
0.24242424242424243
0.01818181818181818
0.044444444444444446
0.17777777777777778
0.36363636363636365
0.38181818181818183
0.09090909090909091
0.4
0.05454545454545454
0.10909090909090909
0.022222222222222223
0.06666666666666667
0.41818181818181815
0.21818181818181817
0.022222222222222223
0.08888888888888889
0.18181818181818182
0.2
0.0
0.09090909090909091
0.08888888888888889
0.044444444444444446
0.18181818181818182
0.14545454545454545
0.3523809523809524
0.18181818181818182
0.03636363636363636
0.3076923076923077
0.10909090909090909
0.10909090909090909
0.07272727272727272
0.044444444444444446
0.09090909090909091
0.06666666666666667
0.19696969696969696
0.044444444444444446
0.24444444444444444
0.09090909090909091
0.13636363636363635
0.05454545454545454
0.21212121212121213
0.05454545454545454
0.16666666666666666
0.2692307692307692
0.03636363636363636
0.022222222222222223
0.06666666666666667
0.2222222222222222
0.022222222222222223
0.022222222222222223
0.12121212121212122
0.6416666666666667
0.21212121212121213
0.07272727272727272
0.24444444444444444
0.08888888888888889
0.0
0.044444444444444446
0.12727272727272726
0.19230769230769232
0.0
0.21794871794871795
0.044444444444444446
0.18181818181818182
0.09090909090909091
0.09090909090909091
0.23076923076923078
0.13333333333333333
0.13333333333333333
0.2222222222222222
0.14545454545454545
--------------------------------
top5
0.1
0.1
0.4
0.0
0.1
0.2
0.06666666666666667
0.13333333333333333
0.06666666666666667
0.0
0.06666666666666667
0.7
0.2
0.38095238095238093
0.3333333333333333
0.4
0.0
0.06666666666666667
0.4
0.0
0.0
0.13333333333333333
0.5714285714285714
0.1
0.38095238095238093
0.0
0.26666666666666666
0.2
0.13333333333333333
0.06666666666666667
0.0
0.0
0.5
0.4642857142857143
0.5238095238095238
0.2
0.6666666666666666
0.06666666666666667
0.4
0.1
0.13333333333333333
0.5238095238095238
0.3
0.1
0.13333333333333333
0.6
0.26666666666666666
0.0
0.2
0.0
0.1
0.3333333333333333
0.5
0.3333333333333333
0.06666666666666667
0.0
0.2
0.1
0.1
0.06666666666666667
0.0
0.3
0.0
0.26666666666666666
0.0
0.5238095238095238
0.0
0.26666666666666666
0.0
0.13333333333333333
0.06666666666666667
0.1
0.2
0.0
0.1
0.3
0.2
0.1
0.1
0.4
0.6444444444444445
0.26666666666666666
0.0
0.4
0.3
0.0
0.0
0.26666666666666666
0.1
0.0
0.06666666666666667
0.13333333333333333
0.1
0.1
0.2
0.2
0.26666666666666666
0.19047619047619047
0.4
0.13333333333333333
