2765	2382
914	873
681	660
541	530
3406	1163
1683	1543
4332	3481
2796	2408
350	346
1605	1482
3143	2040
1414	1314
1465	484
308	304
498	487
3147	2645
2219	1967
4214	3407
3275	2736
2877	2458
3049	2577
3765	3096
1420	1319
3126	2405
3627	2992
3212	2266
2780	2396
3222	2696
2225	1972
2920	2489
812	777
4347	3494
1678	1538
358	354
2763	2380
1035	982
3092	2608
2155	1920
2649	2293
832	796
156	154
907	867
105	103
3086	2605
2835	2435
2466	2155
2831	2433
1976	1777
3020	2555
3936	3218
3808	3125
46	46
2475	2159
137	135
2048	1835
4559	1470
3246	2528
3409	2833
2674	2310
3876	3171
4544	3624
142	140
1564	1448
2890	603
3327	2772
4361	3505
977	927
237	234
2715	2344
2455	1156
4268	3443
2119	1889
3669	3022
4204	251
3514	2913
2313	2042
2242	1984
129	127
4056	3298
432	333
278	275
1320	1230
2815	2419
4392	1457
3399	2828
419	414
1778	1615
1918	1728
3634	2998
1944	1749
2436	2133
2819	2422
2936	2501
3498	2608
2585	1792
2387	1905
4253	3434
904	864
2258	1996
4376	3517
3517	2915
4320	3472
2197	1948
2302	759
2472	852
3048	2205
1391	1292
771	740
2383	587
2473	257
3253	2715
3015	2551
1966	1310
849	812
461	453
435	429
1747	1593
1254	1170
4288	3452
899	859
148	146
2733	1937
1752	1596
2886	2466
577	566
1879	1698
4399	1398
761	730
298	295
597	584
2346	2069
1433	1332
3620	2990
1643	1511
1749	1595
2356	2076
2054	1840
3230	441
824	788
2727	2350
1142	1076
3479	2888
210	207
1865	1685
3179	2666
921	880
4481	3584
1164	1094
4117	3337
3244	158
3476	2885
2314	2043
3483	2892
1945	1750
1505	1396
2858	2447
2974	2525
1460	29
1438	1337
797	764
2615	2267
3055	2580
1348	758
3910	1130
284	281
2559	2226
2235	1979
4584	3649
4050	3295
2985	2028
3446	2859
2320	2048
3077	1717
2994	2540
660	641
3997	3253
4054	3297
3783	2348
3784	487
327	323
4373	3515
3522	95
941	899
3120	2018
2213	1358
230	227
1190	1116
362	358
1560	1444
495	485
2571	2237
208	205
1224	1146
4160	3368
2032	1821
2931	2497
4463	3571
3195	2681
4062	3301
729	702
436	430
1469	1364
3513	37
3447	2860
3345	2786
3749	804
93	91
4488	3590
1131	1066
2129	1899
3307	2761
3414	2838
3573	2183
1473	1367
453	445
3180	2667
4490	3591
3144	2642
3403	1837
2755	2373
4115	3335
1219	1141
2103	872
1130	1065
3605	2977
3841	3147
3585	2962
4475	3581
3661	3017
891	853
2631	2281
3276	2737
2928	1651
3361	2797
2907	2479
646	629
2703	2334
1571	1455
4514	3609
497	316
3379	2809
562	551
4157	3365
3664	217
2828	2430
3168	2657
1328	1237
1511	1401
1202	1126
3651	1817
1939	1744
3149	21
2678	2313
1713	1568
2641	2287
629	613
1959	1763
1261	334
2638	1152
2514	2194
1653	1518
978	928
2753	1111
3155	707
1790	1621
2999	929
2717	2345
550	539
4325	3477
2326	336
3525	2919
1503	1394
4427	3551
2413	2116
2296	2028
2493	2174
3655	3013
3608	2979
3023	2557
759	728
2007	574
260	257
404	399
123	121
1989	1786
4284	1398
2912	2483
3563	2947
1688	1548
2002	1796
925	884
935	893
834	798
3528	2922
714	691
1651	1516
1074	1017
187	185
2309	2038
369	365
3422	2845
286	283
1006	954
2888	1089
4107	3328
1457	1354
2043	1831
3804	3124
4226	3413
2553	2222
462	454
4295	3457
2542	11
1098	1036
2182	1936
1910	1258
2735	2356
1299	1211
970	471
1980	1781
2243	608
116	114
4028	3279
1595	1477
3734	3073
4445	44
1477	1357
1182	1109
2536	2209
4575	3644
203	200
2142	1909
2688	2321
3736	3075
4494	3594
1550	156
2865	2451
61	61
2973	2524
3450	2863
4183	3387
3127	2632
3559	2943
1602	258
1277	1191
2091	1865
4323	3475
1764	1605
4359	3503
4342	1627
984	934
3937	3219
2023	1812
3466	84
4176	3381
1928	1734
4048	3294
565	554
3427	673
1859	1680
2184	1938
86	85
3944	1186
3444	2857
657	638
3258	2719
861	823
3202	1692
777	746
1360	1266
2648	2292
1866	1686
2923	2492
1890	1707
3098	932
3824	3135
4422	3548
4497	3597
2758	2376
6	6
3848	2243
3075	2597
1415	126
2937	358
3163	2652
3347	2787
2389	1566
2642	2288
4337	3486
1495	1386
911	870
3226	2122
2897	2471
3732	3072
2582	2245
119	117
2059	98
947	905
814	779
1127	1062
2543	2214
1128	1063
3742	174
4279	1484
702	679
2474	258
2906	2478
4362	249
3299	2756
1246	1163
78	77
3288	1412
2557	2224
2739	1406
3000	930
3703	3048
1541	1428
2705	2336
728	305
2785	2400
4173	3378
50	50
1827	1653
1900	1715
2537	2210
1710	1566
3518	2916
2904	2476
3014	2550
2250	1989
654	636
2	2
4370	3513
2529	166
864	826
1632	307
1154	1085
151	149
1342	1251
1611	1487
63	63
3538	2928
3844	3150
2677	2312
3455	2868
3210	2690
4104	624
3279	2740
1058	1002
1930	488
1883	1567
304	156
4154	3363
1393	1294
4206	3174
3284	2745
571	560
787	756
449	442
3787	3111
2669	2307
1015	963
1178	1105
200	198
207	204
2477	2161
4397	3531
2977	2528
876	838
3676	3028
1412	1312
146	144
2013	1803
694	671
3206	1392
2956	2513
3776	1890
1067	1011
2201	1952
1707	988
44	44
4421	3547
1815	1643
4286	555
731	166
802	315
2699	2331
1537	1424
3506	2129
402	397
751	721
4346	3493
1044	991
3326	2771
3991	1130
2321	2049
583	572
2662	2301
2279	2015
2778	2394
2891	166
517	506
2599	1020
140	138
4280	1294
1719	1571
548	537
351	347
1507	387
346	342
4137	3351
2157	1922
345	341
2318	2047
4290	538
417	412
2883	2464
3740	3077
5	5
4232	3419
800	767
4261	3438
265	262
1138	1072
3730	2077
1056	1001
241	238
2586	2246
3666	3020
1442	1341
2589	2248
3906	3194
1368	389
1329	1238
927	886
4587	640
4318	3471
805	771
769	738
665	646
1036	983
2378	2093
2946	2509
4467	3575
466	404
2679	2314
2399	2106
1640	1508
3630	2994
1137	1071
2859	2001
2690	2323
4311	507
458	450
2790	2403
4149	3359
2108	1878
1432	1331
196	194
38	38
2111	1881
733	705
3654	3012
1263	1178
1350	1257
52	52
3223	2697
2498	2179
1816	1644
715	692
2805	2414
827	791
592	579
1955	1759
4480	3583
3774	3101
1152	325
368	364
352	348
4263	3440
102	100
2567	2233
3968	3239
3632	2996
1048	995
1475	1369
4329	3479
1386	1287
3816	718
663	644
3568	1294
1311	410
770	739
2163	1928
3118	2626
341	337
1927	1733
2340	143
1982	1782
3511	2911
3761	3094
3877	3172
1746	1592
4437	1373
438	432
3050	2578
1718	1570
4339	3488
3496	1991
696	673
2096	1869
1366	1272
2315	2044
603	590
2987	2535
1962	1766
2734	2355
332	328
2860	2448
3826	1779
4428	3552
2756	2374
4404	442
1840	1663
3767	2338
2418	2121
551	540
2479	2163
425	420
3955	3229
1514	1404
3792	3115
4547	3627
3846	3152
3718	3060
2056	915
3888	3180
2893	2469
1370	507
409	404
1771	1610
671	651
1824	1651
2806	2415
3796	3119
3542	2164
1534	1422
4550	1310
2643	2289
4385	3523
3695	3041
3989	3248
1029	976
2823	2426
3912	3199
3437	2854
339	335
585	574
2797	929
4254	3435
658	639
2721	1326
1072	1016
3656	490
1377	1280
4498	3598
1991	1788
4244	3427
1853	1674
1936	1741
4291	3454
679	658
508	497
4101	2600
2228	1975
3698	2033
3920	618
3938	3220
29	29
4159	3367
4423	7
4417	3544
4505	3604
515	504
2848	2441
353	349
525	514
2556	502
398	393
2938	2502
4163	3371
389	385
138	136
892	854
4171	180
472	462
1482	1374
2600	2255
3717	3059
740	711
2330	2055
4580	3646
2500	2181
3801	3122
3853	2042
3007	823
3558	2942
661	642
2400	2107
1153	326
1606	1483
2045	1833
1754	1598
2948	2510
1805	1635
3686	3037
3786	3110
4177	682
1508	1398
56	56
3947	2773
2421	2123
3747	3082
2843	1781
4391	3527
1614	1490
2489	2170
4357	3501
4495	3595
178	176
2504	2185
677	569
4517	3612
2009	1799
1506	1397
2605	2260
1998	1793
1437	1336
930	889
1086	1026
1701	453
1629	336
3146	2644
3443	2856
756	725
1492	1383
4200	3397
3070	2594
4425	3550
2438	149
59	59
2162	1927
2663	2302
3896	2676
1470	1365
282	279
1002	950
2427	981
2771	2387
3249	2712
4573	2339
4489	1970
181	179
3169	2658
3167	2656
4574	2263
310	306
3046	2575
2798	930
604	591
96	94
2033	1822
2824	2427
2673	2309
250	247
1079	412
922	881
1481	1373
1346	1254
3475	2884
2675	2311
3791	3114
2499	2180
1245	1162
2040	1828
3013	2549
2117	1887
3621	1199
1105	1042
2976	2527
120	118
4433	3555
1942	1747
87	48
1584	1466
2787	2206
356	352
2644	2290
4477	1163
2000	1794
4418	3545
2167	136
1990	1787
4516	3611
4319	801
2188	1940
2407	2112
655	637
1303	1167
1575	1458
1834	45
2872	2456
1215	1137
3992	3249
2460	2150
73	72
793	760
1129	1064
426	421
2470	1016
2672	1115
3852	3155
3260	2721
3988	2406
3391	2820
860	822
1893	1709
846	809
14	14
2003	1483
4534	820
1645	1512
2267	2004
3993	3250
1665	1527
1761	1602
1953	1757
3744	3079
392	388
3359	2795
1055	421
2088	1862
923	882
490	480
1770	1609
3310	1506
3577	2957
2747	2367
3495	2902
776	745
713	690
1613	1489
1946	1751
91	89
2740	2360
4301	3462
2534	759
3408	2832
1380	1282
3678	3030
2396	2105
4537	168
3934	3216
967	920
4245	3428
1559	1443
2603	2258
3281	2742
2403	885
2695	2328
2015	1174
1716	1358
716	693
2930	2496
3693	1105
1641	1509
3083	605
1419	1318
3256	2718
3884	640
1287	1199
2211	1962
3810	3127
164	162
1609	1485
4313	3387
3790	987
99	97
3274	2735
180	178
2602	2257
3680	3031
2097	1870
479	469
3604	2976
2975	2526
1026	973
1913	1724
1491	507
900	860
561	550
2238	1981
3893	3184
3545	2933
1597	1478
1772	1611
1063	1007
3729	3071
1483	1375
3159	253
3570	2953
1838	1661
1373	1277
2485	2166
3709	3053
1102	1039
1369	1274
1855	1676
866	828
920	879
4468	3576
4576	1373
464	456
985	935
189	187
1253	1169
822	511
4482	3585
390	386
1760	1601
1162	1092
4027	2268
291	288
2094	1867
307	303
3725	3067
485	475
3575	29
2522	2199
3597	2972
4276	3448
1711	1360
3412	2836
983	933
1769	1608
2057	1842
4114	389
4343	3490
913	872
1563	1447
2794	2406
2811	551
4500	3600
509	498
3610	2981
4255	3436
1826	1652
2138	1905
783	752
3384	2813
1567	1451
2261	1826
4250	1815
3218	1298
1125	1060
3789	3113
2864	610
2433	160
755	6
1960	1764
1041	988
2307	2036
1574	1457
28	28
4215	574
3344	2785
1345	1253
559	548
2310	2039
3907	3195
2230	1567
2866	2452
3302	1025
4020	3274
2795	2407
201	199
1941	1746
2607	2262
676	656
2482	2165
1312	1222
2525	2201
4179	3383
4549	3629
4026	3278
3721	3063
4406	3534
757	726
89	87
4533	294
1586	1468
3512	2912
1286	1198
4388	3525
1407	1307
502	491
4333	3482
8	8
4336	3485
526	515
70	37
3051	2579
1173	1102
2889	2468
3507	44
2738	2359
1660	1523
1708	1564
2431	641
2337	2062
555	544
2961	1199
3521	1395
1235	47
707	684
1207	613
2116	1886
3247	2711
1461	1357
719	94
2633	2283
1779	1616
4302	3463
1374	1278
3883	3177
1743	1589
648	630
4312	1498
1731	1581
2349	2071
3800	766
2087	260
3482	2891
2802	1882
3618	2989
3536	2927
58	58
3939	3221
2813	2417
264	261
2750	2370
2748	2368
4238	3422
962	389
1576	1459
1755	336
1999	1565
2176	1525
1281	184
644	627
3772	3099
416	411
4178	3382
1319	1229
1057	119
3576	2956
3706	3051
4128	3343
870	832
1732	1582
4458	2160
3879	3174
328	324
2909	2481
2578	2243
1037	984
24	24
581	570
2008	1798
2807	2399
1251	1168
2845	977
3134	2637
2001	1795
2041	1829
1669	1530
4172	3377
593	580
3266	2727
4170	3376
2501	2182
591	345
2629	2279
1066	1010
2541	2213
122	120
575	564
693	670
833	797
3380	2810
1257	1173
2252	1990
2168	1199
3781	3107
1880	1699
1052	998
4205	3400
566	555
4300	3461
2902	2475
3835	3143
785	754
1027	974
4230	3417
3375	2806
4457	3394
760	729
2430	640
1301	1213
4007	3262
3602	334
1714	1569
3142	2641
2058	1843
4249	3432
711	688
2125	1895
1427	1326
1296	1208
3148	2646
695	672
4235	3288
1502	1393
1699	1559
1905	1097
2325	2052
1441	1340
4034	3283
1364	1270
4438	3558
3381	2811
842	805
614	600
427	422
1225	1147
107	105
4540	250
568	557
2065	1848
4326	3387
3022	2556
3579	2958
727	701
1919	1729
3282	2743
2627	2277
3392	2821
3009	2546
781	750
57	57
2200	1951
3016	2552
378	374
69	69
638	621
1987	166
3945	3223
1032	979
26	26
669	649
2839	2438
4029	3280
1889	1706
3547	1511
3423	253
1119	1054
511	500
3305	634
1581	1016
2215	1963
778	747
1260	1176
3131	2635
297	294
1654	1519
4546	3626
413	408
4402	3533
912	871
957	912
3659	2139
2549	2218
2487	2168
2836	2436
4049	952
1625	1497
3125	2631
2214	1815
1157	1088
2028	1817
2608	2263
1043	990
3404	2760
1717	670
2998	1907
1087	1027
3751	3085
3472	2881
3731	539
3612	2983
1845	1073
2062	1845
2224	517
424	419
4008	3263
510	499
2990	613
4082	334
1924	156
393	211
216	213
1288	1200
4018	3272
3899	3188
231	228
1016	964
3372	2804
1405	1305
3509	2909
4059	885
3448	2861
3364	2799
2957	1703
600	587
2900	2474
1023	970
624	608
300	297
3213	227
3186	2673
3459	149
3699	3044
2339	1199
3625	2991
3868	670
2239	1982
2506	2187
616	602
620	418
2841	2440
1878	1697
703	680
2628	2278
1020	366
3711	1229
1325	1234
3885	641
4212	3405
2921	2490
2827	2429
4469	703
4507	724
1022	969
3748	3083
4239	3423
1812	1641
98	96
4519	453
1339	1248
2189	1941
1095	1033
2710	187
2372	2087
3261	2722
3815	2955
521	510
2580	37
1837	1660
3152	2648
2348	529
2816	653
2445	2138
973	923
626	610
1189	1115
1535	1229
1617	1111
1289	1201
1150	1083
1367	1273
1314	1224
2634	2284
570	559
602	589
2654	2146
1500	1391
17	17
4203	3399
3130	2634
4017	3271
3980	3245
1616	1492
3845	3151
2253	1991
682	661
3037	2567
30	30
1237	1155
1558	1442
3431	2851
2569	2235
2623	2274
2535	2208
534	523
4434	3556
3822	3133
53	53
3798	3120
1594	1476
3908	3196
1404	1304
3111	2621
4043	3290
4077	3310
108	106
3021	1592
3313	904
259	256
1476	1370
3467	2877
1580	1463
1522	1411
3121	1298
4112	3333
2701	21
3609	2980
2518	2197
4393	1999
944	902
3700	3045
4545	3625
2969	2520
3002	211
1965	982
1017	965
619	605
1220	1142
1832	1656
4184	3388
951	614
329	325
2826	2428
3502	2907
608	595
3607	436
54	54
4538	849
3239	2707
580	569
3107	2618
2927	84
689	667
801	768
1300	1212
1556	1440
959	914
3821	410
1332	1241
330	326
270	267
3024	2558
3982	242
4091	3319
4400	3532
3832	3140
4426	151
2471	2158
1682	1542
1656	1521
4374	156
1786	417
3560	2944
2497	2178
3257	1651
2260	1998
2986	2534
4548	3628
2304	2034
3863	3160
1428	1327
1159	1090
1347	1255
4513	3608
1915	1725
3712	3055
3480	2889
3219	11
2814	2418
32	32
2786	2401
856	818
572	561
1436	1335
2039	1827
406	401
4103	415
2406	2111
2885	550
1223	1145
4424	3549
2997	1906
2291	2024
4153	3362
3969	3240
1666	1528
2526	2202
4351	997
1198	1123
3834	3142
607	594
1842	1664
3369	849
1196	1121
3175	2663
3532	1024
3994	3251
4449	3562
2854	1670
4102	3325
1158	1089
627	611
3890	310
631	615
2746	2366
533	522
2598	2254
4303	1771
915	874
1633	1502
789	758
1322	1232
1712	1567
1062	1006
958	913
1554	1438
2592	670
1672	1532
1054	1000
3635	1301
289	286
3468	2878
1822	1649
3572	2581
976	926
484	474
2857	2446
3864	122
1365	1271
4110	3331
261	258
1882	1700
709	686
3897	3186
4136	3350
109	107
1588	1470
2024	1813
857	819
3882	3176
1937	1742
1321	1231
465	254
235	232
1238	1156
3382	56
375	371
256	253
997	945
16	16
3293	2752
1593	1475
2992	2538
3847	3153
902	862
1601	766
2528	2204
1568	1452
2174	63
1282	1194
3964	3235
198	196
2681	160
2955	700
4310	3467
1979	1780
2711	2340
2064	1847
3113	1118
126	124
460	452
965	918
1001	949
813	778
262	259
2181	1764
410	405
4216	3408
3510	2910
514	503
4090	3318
2194	170
154	152
2846	978
3188	2674
4450	3563
2066	975
1103	1040
1852	1673
1285	1197
3869	3164
4307	3465
2020	1809
2680	2315
1117	1052
3069	90
2101	1873
3045	1627
2718	1965
613	599
712	689
1757	1599
4455	3567
1668	1529
1166	254
299	296
4487	3589
1443	773
1478	1358
4327	3388
3837	3144
4383	1201
211	208
3243	2709
3954	3228
1011	959
454	446
641	624
3497	2903
1451	1348
932	891
233	230
2199	1950
739	710
222	219
532	521
1034	981
2939	2503
242	239
4055	759
2575	2240
2519	1378
2993	2539
3418	2842
3245	2710
1776	1614
2924	1817
337	333
3973	1301
698	675
1372	1276
1603	1481
1243	1161
4002	3258
961	670
928	887
3870	3165
3114	2623
2444	1325
3898	3187
758	727
3193	2679
4553	1910
939	897
2691	2324
3675	3027
1126	1061
3176	2664
4435	3557
47	47
399	394
36	36
3477	2886
1208	614
2934	2499
596	583
2568	2234
3091	2607
3278	2739
1143	1077
2637	428
3849	2339
2590	547
1049	113
153	151
989	938
423	418
3294	2753
3145	2643
2604	2259
2166	135
4570	929
4588	641
2944	2508
3419	1006
3080	2601
1108	1044
2206	1957
2905	2477
877	839
893	155
81	80
185	183
1856	1677
2611	2264
4348	1822
1557	1441
4535	688
2870	1617
3277	2738
1497	1388
831	795
3913	2344
862	824
4504	3603
2106	1876
1376	1279
1141	1075
1619	1494
1775	1613
2593	2250
3967	3238
3378	2808
1888	1705
3943	1185
1872	1691
1005	953
3752	3086
2212	1357
2840	2439
3769	3098
1076	1019
2950	2511
2382	2097
209	206
4582	3647
4525	3618
1774	1177
1448	1345
1040	987
492	482
4511	3606
3598	2018
3891	3182
567	556
186	184
1435	1334
656	98
252	249
3561	2945
2538	707
2588	2247
2432	2130
2365	2081
1600	1480
1984	151
3881	173
982	932
2379	2094
1530	1418
317	313
734	706
3129	2120
2451	2143
1308	1219
306	302
4565	388
4459	1596
3543	428
141	139
2812	552
918	877
33	33
3194	2680
4282	640
4012	3267
4441	759
4304	1743
634	617
1242	1160
2308	2037
3449	2862
128	126
3151	428
1587	1469
277	274
4366	3509
4526	3619
2612	749
3557	2941
4094	3320
929	888
569	558
1657	1522
1411	1311
1449	1346
2232	953
323	319
2198	1949
1295	1207
4382	1220
2297	2029
3	3
177	175
2107	1877
1850	1671
166	164
2300	2032
2856	159
2079	1856
2259	1997
1759	1600
3766	3097
1250	1167
3975	3137
963	916
95	93
3413	2837
2822	2425
3857	3157
3932	3214
2027	1816
1810	1639
168	166
1024	971
1796	872
2338	2063
1740	1588
4395	3529
1798	1628
2404	1540
21	21
3416	2840
3003	1247
4390	175
1247	1164
2768	2385
3471	2880
865	827
4369	3512
2729	2352
692	669
3133	2636
3653	3011
4134	3349
4241	3425
4106	3327
2268	2005
2361	2079
4217	3409
397	392
2461	2151
3519	2436
721	697
1817	1501
4098	3323
2016	1805
4398	289
3850	2339
1906	1718
3318	2766
747	718
4314	3388
90	88
2741	2361
3974	428
612	598
1538	1425
3108	247
2737	2358
3773	3100
433	427
169	167
610	94
1820	1647
3546	2934
3272	2733
1118	1053
1524	1413
1390	1291
23	23
531	520
1562	1446
1124	1059
2462	2152
3892	3183
1911	1722
1621	1373
77	76
4454	3566
1846	1667
3685	3036
2881	2462
1309	1220
4011	3266
1375	1201
234	231
2684	158
741	712
4569	3255
253	250
2759	2377
2766	2383
3788	3112
3743	3078
945	903
1792	1623
678	657
1723	1575
807	549
4229	3416
4556	3634
4380	3520
343	339
66	66
2867	2453
2613	2265
4100	3324
3421	2844
2370	1397
2218	1966
823	787
1730	1419
2926	2494
879	841
2273	2009
4234	3420
4352	3497
3434	2853
2409	2114
3539	2929
1200	1125
3493	2901
4571	930
3794	3117
3268	2729
2329	2054
1864	1684
1933	1738
2165	1172
4131	3346
1637	1505
3515	2914
1698	1558
3981	3201
3611	2982
245	242
2676	842
1871	1690
4492	3593
586	575
3829	3138
3165	2654
853	815
3641	3003
775	744
3704	3049
2991	614
4222	1161
1421	1320
1652	1517
4554	3632
994	942
2038	478
1313	1223
2177	1933
1596	1161
193	191
405	400
3362	2798
4003	948
4231	3418
1573	976
3490	2225
3458	2871
1359	1265
1697	1557
1292	1204
1667	685
3895	3185
3986	2594
3978	63
1232	1152
4060	3167
3336	955
133	131
4208	3402
4031	3281
3812	2340
1121	1056
3534	2762
1291	1203
4182	3386
750	272
4413	987
2254	1992
4562	3638
1961	1765
3657	3014
4558	2838
4013	3268
1265	1180
493	483
3006	2545
2078	825
2284	2019
1462	1358
1696	1556
652	634
2132	9
2505	2186
4123	523
3530	2924
2220	1968
2449	2141
3668	2294
3809	3126
4001	3257
2246	1986
697	674
557	546
115	113
1000	948
688	666
258	255
3220	2695
3940	3222
2164	1929
1236	1154
273	270
294	291
48	48
2270	2006
2480	2164
3273	2734
3438	471
4186	3390
2440	1357
3128	2633
4473	3579
3759	2609
251	248
1873	1692
1997	689
2298	2030
2659	1167
4460	1597
3728	3070
2702	2333
3544	2932
3961	2609
4096	3321
1806	707
65	65
1983	1783
1677	1537
2960	193
3671	2528
3387	2816
3264	2725
1012	960
2080	1857
3420	2843
3389	2818
3187	758
1929	1735
1935	1740
3259	2720
3643	3005
3753	3087
1459	1356
1689	1549
1402	1302
155	153
3154	2649
1409	1309
1773	1612
1082	1023
3582	2960
1381	399
1136	1070
560	549
4019	3273
3103	2615
1543	1430
4015	2701
3104	2616
2922	2491
3096	2611
4297	3459
3681	3032
4442	1143
428	423
1025	972
1398	1298
1298	1210
1324	1233
1140	1074
1952	1756
2029	1818
1903	1716
1702	1373
3353	2791
3229	2700
3768	2339
1183	1110
2650	1076
645	628
2376	2091
4083	3313
1972	1774
1217	1139
4246	3429
4529	2578
1914	1509
1917	1727
4264	166
4539	702
4185	3389
4350	3496
1396	1296
2876	1301
4283	641
3586	2963
3355	2792
1170	1099
3317	2765
3411	2835
611	597
2736	2357
1384	1285
3957	3231
799	766
1518	1407
45	45
501	490
455	447
3280	2741
1184	1111
1	1
1758	1202
2069	1850
1735	1584
3574	2955
3820	670
1644	973
3445	2858
2341	2064
403	398
617	603
4025	3277
1205	1129
3097	2612
2696	2329
2954	1829
41	41
3933	3215
2555	501
1974	1776
2050	1836
1498	1389
898	858
471	461
4586	3651
4299	3460
3854	703
2149	1916
1156	1087
1145	1079
4501	159
2352	2074
4135	1020
4155	529
1638	1506
3548	948
2551	2220
43	43
1742	36
1013	961
238	235
4298	1431
360	356
1848	1669
2367	2083
4420	3546
1531	1419
2965	2516
2838	354
3652	1794
1912	1723
4195	3393
4309	3466
848	811
20	20
1821	1648
2183	1937
3054	90
3802	1345
1089	1029
184	182
303	300
659	640
3905	3193
1293	1205
3491	2899
722	624
2262	1999
4274	3446
872	834
1302	1214
4199	2454
1561	1445
321	317
4121	2597
2153	1919
1494	1385
3470	817
377	373
2581	2244
1922	1730
2104	1875
685	663
163	161
3696	3042
2278	2014
1326	1235
1934	1739
691	529
4484	171
2694	2327
2055	1841
2804	2413
2249	1988
2664	2303
274	271
80	79
4474	3580
3322	2769
2892	898
4213	3406
2952	572
2564	2231
3395	2824
2966	2517
3074	2265
1836	1659
2833	1697
3948	170
3886	3178
4296	3458
2754	909
3119	2627
3436	610
794	761
2014	1804
1417	1316
2774	2390
974	924
1484	1376
782	751
3388	2817
1926	1732
2609	624
3254	2716
4228	3415
964	917
2187	1786
4344	3491
1681	1541
3044	2574
4085	3314
3569	2952
3241	986
381	377
305	301
2102	1874
2299	2031
3922	3206
415	410
2869	2455
1753	1597
3166	2655
516	505
1828	1654
3911	3198
2722	2346
1096	1034
311	307
1221	1143
745	716
4194	149
1658	685
4080	2534
1454	1351
1310	1221
948	906
4334	3483
1175	9
110	108
3285	2746
3930	3212
3082	2603
3600	2974
749	720
3658	3015
1418	1317
2196	1947
3771	2869
1488	1380
717	694
3005	2544
3903	90
4009	3264
3566	2950
288	285
986	936
4201	3398
4414	3541
3983	2507
194	192
1334	1243
4150	3010
956	911
3150	2647
3702	3047
2626	1715
1925	1731
4415	3542
2375	2090
3508	527
480	470
191	189
3236	786
3531	2925
699	676
2391	2102
4273	3301
809	774
1956	1760
4378	3519
2742	2362
4520	3614
3553	2938
161	159
1765	1606
524	513
3330	1107
4084	2449
2290	2023
2953	2484
1337	1246
3929	1053
1021	968
214	211
3996	410
4499	3599
2982	2067
3087	2400
3724	3066
3018	2553
1148	673
1964	1768
4543	3623
4197	3395
903	863
650	632
2878	2459
4372	3514
3667	3021
1431	1330
301	298
4387	3524
630	614
4462	3570
4099	833
1132	436
2277	2013
4042	3289
2808	1995
1648	1483
3084	2462
1737	1586
3503	2908
1624	493
2524	2200
4046	3293
159	157
468	458
3780	3106
85	84
1426	1325
1343	1252
3410	2834
388	384
292	289
2597	2253
3851	3154
1802	1632
4161	3369
139	137
2371	2086
2614	2266
1151	1084
4260	441
3354	975
1909	1721
1715	1357
1631	883
774	743
1403	1303
3642	3004
993	941
4452	3565
1650	1515
2357	149
3440	2100
2035	1824
1803	1633
937	895
2237	1980
2751	2371
998	946
2903	1118
2707	670
2144	1911
1480	1372
2355	996
2871	1457
1695	1555
74	73
2322	166
4221	3412
1085	1025
4256	3437
2800	2410
67	67
2456	1613
2130	1900
2452	2144
675	655
3071	2595
4143	2467
3830	3024
2323	2050
4147	3357
618	604
2447	1108
4583	3648
1544	1431
2492	2173
3320	2767
2531	493
1273	470
1174	1103
2405	2110
919	878
4331	2079
422	417
3337	2778
401	396
2714	2343
4270	472
2834	2434
1627	1499
3451	2864
1133	1067
855	817
821	786
2980	2531
387	383
2565	2232
240	237
2478	2162
2288	2021
2354	2075
4401	107
2467	2156
837	801
4515	3610
3935	3217
1081	1022
687	665
4411	3539
972	922
2051	1837
2951	2512
1351	1258
3136	516
3112	2622
2617	2104
2392	90
3396	2825
2596	373
3915	3200
2570	2236
4542	1772
686	664
3417	2841
975	925
2463	2153
4572	3643
1551	438
1978	1779
132	130
4407	3535
1607	707
3902	3191
3735	3074
197	195
1474	1368
1733	1583
1897	1712
847	810
3177	2665
2793	2405
553	542
897	857
1358	176
4386	2287
3942	1809
1572	1456
3132	268
4088	2737
2967	2518
2689	2322
3603	2975
1239	1157
2381	2096
2545	2215
1466	1361
2112	1882
4089	3317
2342	2065
3319	1029
594	581
3079	2600
1626	1498
2459	2149
4242	1803
2061	1844
4293	3455
3262	2723
1977	1778
2863	1771
3292	2751
2686	2319
563	552
3755	3089
3807	2786
1869	19
950	613
49	49
2620	2271
4496	3596
248	245
482	472
457	449
488	478
1104	1041
1995	1792
2266	2003
172	170
1579	1462
4166	1741
753	723
845	808
1019	967
4567	3641
2984	1630
3352	2790
752	722
1891	1708
3004	2543
2630	2280
2333	2058
1548	1435
3589	1991
3376	1329
3900	3189
2369	2085
202	59
1255	1171
2120	1890
1513	1403
1844	1666
2415	2118
2458	2148
3817	2922
3672	3024
1204	1128
4338	3487
4523	3616
539	528
811	776
3710	3054
4078	3311
4508	1462
764	733
726	700
2554	2223
3836	811
3529	2923
875	837
3295	1451
448	441
131	129
1615	1491
4379	309
3524	2918
2312	2041
2481	1089
1317	1227
3843	3149
1075	1018
2882	2463
1256	1172
4541	574
1193	1119
588	158
3874	3169
1521	1410
1705	1562
1216	1138
322	318
1333	1242
3492	2900
4527	3620
1728	1579
1408	1308
1947	1752
3346	1689
3415	2839
71	70
3088	2606
2121	1891
1969	1771
3072	416
2453	2145
535	524
2394	2103
1177	1104
3622	2737
4109	3330
2049	404
249	246
4120	1163
1212	1134
4047	2191
1464	1360
400	395
1549	1436
2067	1849
2006	1797
333	329
2294	2026
4196	3394
841	804
1007	955
637	620
1429	1328
1729	1580
1279	1193
2152	688
431	426
3925	3209
3803	3123
94	92
2412	505
763	732
2202	1953
276	273
51	51
4405	1325
3665	3019
1612	1488
4076	2625
1078	1021
2085	1254
1479	1371
2971	2522
315	311
3931	3213
3367	1247
3552	2937
2374	2089
2332	2057
257	254
4358	3502
2616	2268
1229	1150
1807	1636
2316	2045
1499	1390
114	112
2207	1958
2464	2154
1149	1082
