--------------------------------
top50
0.5075268817204301
0.7464646464646465
0.6666666666666666
0.5792682926829268
0.6465306122448979
0.5268817204301075
0.6589147286821705
0.5415282392026578
0.6244897959183674
0.6797979797979798
0.6946938775510204
0.6710204081632654
0.7159183673469388
0.5333333333333333
0.7212121212121212
0.5075268817204301
0.6926829268292682
0.6848484848484848
0.6439393939393939
0.589247311827957
0.6112956810631229
0.6612244897959184
0.5591397849462365
0.6628571428571428
0.5963414634146341
0.5581395348837209
0.7131313131313132
0.5768292682926829
0.524731182795699
0.5397849462365591
0.6583333333333333
0.6375510204081632
0.6489795918367347
0.951981351981352
0.5423387096774194
0.7746938775510204
0.7175510204081633
0.6416326530612245
0.7477551020408163
0.7551020408163265
0.670150987224158
0.5483870967741935
0.6930612244897959
0.5584677419354839
0.7061556329849012
0.6933797909407665
0.6922448979591836
0.7853061224489796
0.6666666666666666
0.8587755102040816
--------------------------------
top10
0.9523809523809523
1.0
0.9833333333333333
0.9926470588235294
0.9428571428571428
0.9666666666666667
1.0
0.9833333333333333
1.0
1.0
1.0
1.0
1.0
0.7575757575757576
0.9934640522875817
0.975
0.9934640522875817
1.0
0.975
0.9619047619047619
0.9779411764705882
0.9934640522875817
0.9809523809523809
0.9916666666666667
0.9583333333333334
1.0
0.9926470588235294
1.0
0.9916666666666667
0.9852941176470589
0.8846153846153846
1.0
1.0
1.0
0.9833333333333333
0.9934640522875817
0.9934640522875817
0.9333333333333333
0.975
0.975
0.9852941176470589
0.9619047619047619
1.0
0.9779411764705882
1.0
1.0
1.0
0.9934640522875817
0.8484848484848485
0.9852941176470589
--------------------------------
top5
1.0
1.0
1.0
1.0
0.9642857142857143
1.0
1.0
1.0
1.0
1.0
1.0
1.0
1.0
1.0
1.0
1.0
1.0
1.0
1.0
1.0
1.0
1.0
1.0
1.0
1.0
1.0
1.0
1.0
1.0
1.0
1.0
1.0
1.0
1.0
1.0
1.0
1.0
1.0
0.9642857142857143
1.0
0.9047619047619048
1.0
1.0
1.0
1.0
1.0
1.0
0.9642857142857143
1.0
1.0
