--------------------------------
top50
0.5317604355716878
0.5225563909774437
0.3622895622895623
0.2888243831640058
0.5827001753360608
0.2597968069666183
0.4880952380952381
0.08081632653061224
0.2730015082956259
0.07428571428571429
0.5311688311688312
0.38585858585858585
0.3172606568832984
0.2960812772133527
0.42828282828282827
0.6657852987837123
0.3548821548821549
0.5032467532467533
0.193815987933635
0.21794871794871795
0.32365747460087085
0.3447024673439768
0.37306397306397304
0.4915584415584416
0.15058823529411763
0.2844702467343977
0.6721311475409836
0.4484848484848485
0.47368421052631576
0.2888243831640058
0.10745098039215686
0.23001508295625941
0.19294117647058823
0.5130066545674531
0.575187969924812
0.4253246753246753
0.24963715529753266
0.26395173453996984
0.41020265548567436
0.4116883116883117
0.222473604826546
0.24238026124818576
0.5983050847457627
0.6576271186440678
0.2239819004524887
0.6964569011105235
0.6459016393442623
0.3326345213137666
0.4592731829573935
0.35824915824915826
0.22931785195936139
0.4360587002096436
0.3515151515151515
0.9305263157894736
0.5136116152450091
0.11843137254901961
0.4681818181818182
0.2028657616892911
0.28737300435413643
0.3591893780573026
0.19607843137254902
0.2956259426847662
0.5727644652250146
0.8009950248756219
0.13019607843137254
0.5172413793103449
0.3843466107617051
0.14980392156862746
0.2641509433962264
0.5493042952208107
0.3829489867225716
0.25689404934687954
0.5558153126826417
0.1992156862745098
0.5656382335148216
0.4692982456140351
0.41952861952861953
0.3330914368650218
0.3952861952861953
0.5225563909774437
0.6579234972677596
0.18823529411764706
0.19984917043740574
0.43376623376623374
0.6684294024325753
0.5420447670901392
0.24528301886792453
0.5214761040532365
0.12862745098039216
0.462406015037594
0.3228511530398323
0.21116138763197587
0.36502177068214803
0.2933634992458522
0.32914046121593293
0.3643097643097643
0.4567669172932331
0.18099547511312217
0.17411764705882352
0.26244343891402716
--------------------------------
top10
0.34545454545454546
0.7435897435897436
0.08888888888888889
0.38181818181818183
0.4
0.38181818181818183
0.4
0.43636363636363634
0.5757575757575758
0.4909090909090909
0.9583333333333334
0.34545454545454546
0.022222222222222223
0.6060606060606061
0.13333333333333333
0.45454545454545453
0.08888888888888889
0.6212121212121212
0.4727272727272727
0.43636363636363634
0.45454545454545453
0.9428571428571428
0.6666666666666666
0.36363636363636365
0.6666666666666666
0.06666666666666667
0.7692307692307693
0.7564102564102564
0.7307692307692307
0.06666666666666667
0.022222222222222223
0.1111111111111111
0.7272727272727273
0.7424242424242424
0.8333333333333334
0.5909090909090909
0.6666666666666666
0.6060606060606061
0.7692307692307693
0.41818181818181815
0.4666666666666667
0.044444444444444446
0.3333333333333333
0.7692307692307693
0.7692307692307693
0.43636363636363634
0.3111111111111111
0.3333333333333333
0.4
0.022222222222222223
0.0
0.7121212121212122
0.41818181818181815
0.9428571428571428
0.6060606060606061
0.2
0.8333333333333334
0.0
0.4727272727272727
0.5909090909090909
0.41818181818181815
0.7307692307692307
0.4909090909090909
0.6363636363636364
0.45454545454545453
0.022222222222222223
0.6212121212121212
0.0
0.36363636363636365
0.8461538461538461
0.7564102564102564
0.5757575757575758
0.7564102564102564
0.5757575757575758
0.5818181818181818
0.06666666666666667
0.4909090909090909
0.6363636363636364
0.38181818181818183
0.044444444444444446
0.7272727272727273
0.36363636363636365
0.1111111111111111
0.08888888888888889
0.08888888888888889
0.1111111111111111
0.022222222222222223
0.1111111111111111
0.38181818181818183
0.38181818181818183
0.13333333333333333
0.044444444444444446
0.6515151515151515
0.5272727272727272
0.5757575757575758
0.38181818181818183
0.0
0.06666666666666667
0.38181818181818183
0.6212121212121212
--------------------------------
top5
0.0
0.9047619047619048
0.6
0.0
0.6
0.6
0.6
0.2
0.0
0.8571428571428571
0.8571428571428571
0.0
0.0
0.9047619047619048
0.6666666666666666
0.8571428571428571
0.6
0.6666666666666666
0.8571428571428571
0.1
0.6
0.9047619047619048
0.8571428571428571
0.1
0.8571428571428571
0.6
0.8
0.1
0.0
0.0
0.0
0.2
0.9047619047619048
0.9642857142857143
0.9642857142857143
0.0
0.6
0.1
0.6
0.6
1.0
0.6
0.8666666666666667
0.3
0.6
0.6666666666666666
0.8
0.8571428571428571
0.2
0.0
0.0
0.9523809523809523
0.6
0.8666666666666667
0.6
0.8571428571428571
1.0
0.0
0.6
0.6
0.2
0.0
0.7333333333333333
0.8666666666666667
0.4
0.0
0.9047619047619048
0.0
0.1
0.6
0.9047619047619048
0.0
0.9047619047619048
0.0
0.6
0.2
0.9047619047619048
0.6666666666666666
0.6
0.1
0.8571428571428571
0.0
0.6
0.1
0.2
0.6666666666666666
0.1
0.8
0.6
0.1
0.1
0.0
0.8666666666666667
0.6666666666666666
0.0
0.1
0.0
0.6666666666666666
0.0
0.6
