--------------------------------
top50
0.4474025974025974
0.5319548872180451
0.36363636363636365
0.2081447963800905
0.4956140350877193
0.7627039627039627
0.2119155354449472
0.04897959183673469
0.11510204081632654
0.0326530612244898
0.7276573241671074
0.34102026554856746
0.42857142857142855
0.04326530612244898
0.7371031746031746
0.5251058681185723
0.367003367003367
0.3722786647314949
0.37643097643097645
0.0946938775510204
0.28737300435413643
0.17387755102040817
0.2028657616892911
0.28941176470588237
0.18778280542986425
0.8627766599597585
0.7075621364357483
0.2277526395173454
0.4318181818181818
0.08571428571428572
0.24455732946298983
0.17568627450980392
0.08653061224489796
0.4142857142857143
0.48013468013468014
0.41753246753246753
0.38922558922558925
0.20392156862745098
0.32914046121593293
0.4793233082706767
0.42727272727272725
0.43766233766233764
0.6333333333333333
0.7327188940092166
0.14980392156862746
0.3710691823899371
0.668958223162348
0.15450980392156863
0.41363636363636364
0.3060796645702306
0.12705882352941175
0.5726817042606517
0.3116701607267645
0.9340350877192982
0.515426497277677
0.13647058823529412
0.37596086652690425
0.3221523410202656
0.06693877551020408
0.29027576197387517
0.1419607843137255
0.19058823529411764
0.5396249243799153
0.7934731934731934
0.07755102040816327
0.3494060097833683
0.36477987421383645
0.1885369532428356
0.554646405610754
0.6293785310734463
0.26995645863570394
0.17496229260935142
0.5257108287961283
0.25414781297134237
0.5990648743424898
0.2931785195936139
0.44415584415584414
0.3439767779390421
0.20739064856711917
0.6248587570621469
0.6231638418079096
0.08244897959183674
0.40714285714285714
0.336827393431167
0.6641988365943945
0.49624060150375937
0.24963715529753266
0.5220810647307925
0.156078431372549
0.43116883116883115
0.3164005805515239
0.2656023222060958
0.3174962292609351
0.30995475113122173
0.3228511530398323
0.4422077922077922
0.48120300751879697
0.2692307692307692
0.12784313725490196
0.4025157232704403
--------------------------------
top10
0.6060606060606061
0.8461538461538461
0.5454545454545454
0.022222222222222223
0.36363636363636365
0.43636363636363634
0.5454545454545454
0.41818181818181815
0.7435897435897436
0.06666666666666667
0.9852941176470589
0.509090909090909
0.4
0.5272727272727272
0.6181818181818182
0.509090909090909
0.36363636363636365
0.9047619047619048
0.26666666666666666
0.7948717948717948
0.34545454545454546
0.9523809523809523
0.9010989010989011
0.6212121212121212
0.43636363636363634
0.38181818181818183
0.3333333333333333
0.38181818181818183
0.6212121212121212
0.7121212121212122
0.34545454545454546
0.6060606060606061
0.5636363636363636
0.7727272727272727
0.7435897435897436
0.6363636363636364
0.8939393939393939
0.5757575757575758
0.2222222222222222
0.5636363636363636
0.6222222222222222
0.5636363636363636
0.2222222222222222
0.7948717948717948
0.6363636363636364
0.4909090909090909
0.509090909090909
0.43636363636363634
0.41818181818181815
0.08888888888888889
0.044444444444444446
0.8351648351648352
0.43636363636363634
0.9428571428571428
0.6060606060606061
0.8076923076923077
0.9779411764705882
0.36363636363636365
0.6060606060606061
0.4
0.36363636363636365
0.4
0.2222222222222222
0.7307692307692307
0.9047619047619048
0.5333333333333333
0.6212121212121212
0.6515151515151515
0.5909090909090909
0.8461538461538461
0.5909090909090909
0.41818181818181815
0.6363636363636364
0.36363636363636365
0.24444444444444444
0.24444444444444444
0.2222222222222222
0.022222222222222223
0.38181818181818183
0.41818181818181815
0.9619047619047619
0.6212121212121212
0.38181818181818183
0.24444444444444444
0.08888888888888889
0.06666666666666667
0.06666666666666667
0.45454545454545453
0.8461538461538461
0.022222222222222223
0.8461538461538461
0.044444444444444446
0.782051282051282
0.696969696969697
0.6515151515151515
0.8571428571428571
0.15555555555555556
0.1111111111111111
0.24444444444444444
0.9583333333333334
--------------------------------
top5
0.2
0.6
0.7333333333333333
0.0
0.1
0.7333333333333333
0.8571428571428571
0.6
0.6
0.2
1.0
0.7
0.6
0.9047619047619048
0.9047619047619048
0.9047619047619048
0.0
0.6
0.9333333333333333
0.8571428571428571
0.0
1.0
0.9523809523809523
0.3
0.8571428571428571
0.1
0.8571428571428571
0.2
0.6
0.8
0.0
0.6666666666666666
0.8666666666666667
0.9642857142857143
0.6
0.7333333333333333
1.0
0.6
0.6
0.9642857142857143
1.0
0.8571428571428571
0.3
0.5
0.6666666666666666
0.8666666666666667
0.6666666666666666
0.8571428571428571
0.6666666666666666
0.0
0.1
0.8571428571428571
0.5
0.8666666666666667
0.6
0.5
0.8571428571428571
0.1
0.6
0.6
0.0
0.7333333333333333
0.7333333333333333
0.6
0.9642857142857143
0.9642857142857143
0.6666666666666666
0.6
0.0
0.6
0.8571428571428571
0.7333333333333333
0.6
0.1
0.6666666666666666
1.0
0.6
0.1
0.1
0.4
1.0
0.7333333333333333
0.0
0.6666666666666666
0.3
0.7333333333333333
0.1
0.8
0.6666666666666666
0.1
0.8571428571428571
0.6
0.6
0.6666666666666666
0.2
0.9642857142857143
0.6
0.6
0.5
1.0
