--------------------------------
top50
0.8253968253968254
0.7969328397673189
0.8356374807987711
0.8386243386243386
0.8655753968253969
0.9841316485454011
0.8438300051203277
0.9646218760142811
0.9649464459591042
0.9665692956832197
0.8320532514080902
0.8069804336329984
0.7694341618191433
0.43915343915343913
0.7322033898305085
0.9646218760142811
0.9898422881582465
0.32142857142857145
0.8373015873015873
0.8863287250384024
0.8509984639016898
0.9911180773249739
0.9654320987654321
0.8645833333333334
0.8489503328213006
0.9937304075235109
0.9879711307137129
0.9698149951314509
0.9795518207282913
0.810153358011634
0.9921630094043887
0.9790123456790123
0.8201058201058201
0.9665692956832197
0.8298611111111112
0.9922480620155039
0.9750430292598967
0.8883768561187916
0.8655753968253969
0.975609756097561
0.8814484126984127
0.7688524590163934
0.47619047619047616
0.9922480620155039
0.8561507936507936
0.9744052996085516
0.844342037890425
0.9728997289972899
0.8959613696224759
0.4312169312169312
--------------------------------
top10
1.0
0.9852941176470589
1.0
1.0
1.0
1.0
1.0
1.0
1.0
1.0
1.0
1.0
0.9523809523809523
0.8
1.0
1.0
1.0
0.32142857142857145
0.9666666666666667
1.0
1.0
1.0
0.9934640522875817
1.0
1.0
1.0
1.0
1.0
1.0
1.0
1.0
1.0
1.0
1.0
1.0
1.0
1.0
1.0
1.0
1.0
1.0
0.9340659340659341
0.9904761904761905
1.0
1.0
1.0
1.0
1.0
1.0
0.7636363636363637
--------------------------------
top5
1.0
1.0
1.0
1.0
1.0
1.0
1.0
1.0
1.0
1.0
1.0
1.0
1.0
0.9642857142857143
1.0
1.0
1.0
0.8666666666666667
1.0
1.0
1.0
1.0
1.0
1.0
1.0
1.0
1.0
1.0
1.0
1.0
1.0
1.0
1.0
1.0
1.0
1.0
1.0
1.0
1.0
1.0
1.0
1.0
1.0
1.0
1.0
1.0
1.0
1.0
1.0
0.9642857142857143
