courseoffer	inst
649	382
797	702
281	241
786	702
563	541
1041	1016
1059	536
401	402
464	379
589	590
1211	452
1087	393
359	349
406	407
495	434
52	44
808	702
500	410
576	572
1228	1226
1137	452
774	702
951	952
917	918
1062	913
287	274
780	702
480	372
1129	968
1077	506
395	396
693	652
1182	17
16	17
140	127
387	388
883	871
581	578
643	572
530	402
533	73
1044	1019
964	965
839	840
610	588
1028	913
981	952
903	892
795	702
1058	536
749	702
439	147
458	252
765	766
24	20
428	388
72	73
503	349
1024	1019
531	41
1184	1179
1013	1009
344	14
675	657
486	425
660	657
587	588
876	871
801	702
1113	968
291	248
723	702
1203	255
311	14
51	44
879	871
338	325
605	590
1159	1160
798	702
636	382
887	871
1147	1140
1242	10
211	212
165	152
1250	1249
860	840
938	892
129	7
1004	998
920	918
1066	1019
1021	1022
812	702
1207	1208
247	248
682	652
1094	541
604	590
113	44
1126	1120
647	595
1162	1163
488	279
540	541
142	143
1125	1120
276	3
465	264
251	252
544	127
443	73
706	702
829	766
257	258
285	255
83	20
91	92
468	317
96	97
507	127
299	300
668	657
1011	1009
942	908
2	3
1119	1120
791	702
474	475
932	923
907	908
612	595
429	388
1032	536
109	73
658	657
1139	1140
335	336
206	198
641	592
324	325
271	270
931	923
1064	1027
1237	1236
787	702
739	702
886	871
327	319
634	382
297	270
900	892
1035	1027
238	209
1205	17
1102	556
847	833
50	44
19	20
451	452
571	572
1181	1176
825	702
546	132
1152	1153
1204	41
172	152
1178	1179
1241	10
1197	1189
1231	14
624	572
697	652
283	252
618	499
121	14
289	258
490	261
516	372
497	410
348	349
1110	556
262	261
741	702
622	575
1123	968
984	913
1053	1009
1049	998
729	702
80	70
970	472
826	702
136	132
493	494
560	355
727	702
747	702
1061	1030
830	702
772	702
827	702
1219	913
995	952
409	410
28	7
84	20
745	702
866	840
313	14
151	152
545	349
1057	1022
466	467
155	156
535	536
909	908
1193	1189
832	833
789	702
725	702
935	936
598	382
1012	1009
904	892
1078	506
854	833
149	147
461	300
600	575
695	666
115	92
670	657
553	143
1130	968
502	396
1001	998
103	97
852	766
630	592
1225	1226
1213	592
38	20
417	410
218	209
663	657
606	590
65	60
550	362
13	14
191	192
1230	41
254	255
69	70
538	536
894	892
424	425
1233	14
53	44
79	70
804	702
690	652
877	871
224	73
36	20
1243	10
674	657
214	209
483	484
842	837
783	702
755	702
181	56
711	702
399	382
1218	913
208	209
105	20
535	536
620	588
171	152
1008	1009
862	479
1144	1145
878	871
482	147
759	702
459	420
800	702
305	264
625	578
662	300
1080	393
244	245
799	766
368	14
266	267
314	14
979	965
37	20
656	657
1034	1027
381	382
46	44
851	457
997	998
680	666
1238	1236
597	382
654	652
810	702
1255	1254
776	702
455	245
489	279
1221	766
1045	913
597	382
1246	945
983	965
202	3
967	968
785	702
220	192
1227	1226
1171	1172
567	475
422	420
1111	541
34	20
55	56
881	871
1222	766
1097	541
710	702
893	892
807	702
1256	1254
528	41
230	192
167	156
925	926
35	20
767	702
340	336
196	192
751	702
586	484
944	945
1067	393
518	143
76	70
178	179
678	300
579	575
1055	998
632	588
1015	1016
1146	1145
611	592
25	20
448	255
473	255
481	352
594	595
1107	556
385	382
342	14
737	702
1223	766
806	702
204	198
444	402
232	209
955	956
1188	1189
26	20
1096	14
433	434
320	319
532	73
62	60
22	20
119	92
477	300
435	434
1104	541
1260	1100
1122	968
200	7
548	402
438	434
75	70
915	892
691	652
6	7
524	41
870	871
669	657
733	702
1074	506
628	595
672	657
873	871
591	592
704	702
823	702
974	975
856	833
57	44
885	766
309	279
1235	1236
1258	1100
715	702
307	261
431	425
615	595
813	3
126	127
222	198
390	388
199	198
989	987
770	702
616	56
226	198
897	892
411	410
1165	1145
32	20
263	264
366	352
802	702
159	156
927	926
895	892
316	317
501	270
701	702
880	871
463	248
743	475
1109	541
371	372
561	352
1155	17
753	702
45	44
49	44
986	987
910	908
731	702
419	420
721	322
86	7
822	702
1006	913
958	472
303	279
203	198
59	60
43	44
1248	1249
30	20
602	499
1003	998
977	975
782	702
991	952
48	44
82	20
1089	470
868	457
197	198
1029	1030
809	702
27	20
1072	467
454	274
107	70
569	541
236	212
426	402
768	702
269	270
357	349
124	14
318	319
947	936
930	923
1150	1142
761	702
651	652
735	702
456	457
1036	1027
794	702
928	926
112	44
1047	1022
898	766
972	965
607	590
676	657
1199	1189
849	840
163	156
1239	1236
614	592
94	92
354	355
392	393
415	414
478	479
440	147
1018	1019
891	892
645	575
940	926
593	588
882	871
511	382
99	60
717	702
240	241
509	322
1133	1100
249	73
66	60
778	702
505	506
884	871
896	892
492	322
713	702
293	245
665	666
912	913
361	362
101	97
278	279
1042	1016
1186	1172
1141	1142
1157	452
77	70
88	89
708	702
33	20
1099	1100
131	132
638	639
1070	506
1175	1176
485	407
331	325
858	837
582	578
1118	1100
584	572
189	179
446	407
1083	506
911	908
626	590
450	241
333	317
922	923
321	322
521	41
295	267
1026	1027
134	127
719	702
169	156
699	322
185	175
138	132
1253	1254
195	192
1092	14
93	92
959	913
1251	1249
404	382
228	212
763	702
814	766
1038	998
961	962
888	871
558	556
684	666
875	871
577	578
526	41
1040	1016
462	258
519	377
555	556
1132	1120
1167	1142
61	60
1215	1172
1085	467
899	892
836	837
993	952
118	92
1135	1116
1115	1116
844	845
346	322
949	936
1050	998
329	319
161	152
498	499
828	702
819	702
47	44
117	92
174	175
158	3
905	892
1232	14
1149	1140
784	766
1106	556
378	379
901	902
671	657
1094	541
1010	1009
397	396
1245	56
1005	56
874	766
374	300
469	470
216	192
78	70
688	657
1259	1100
815	702
146	147
608	590
1128	968
63	60
510	506
1195	1172
817	702
552	127
574	575
183	175
1169	1145
835	479
194	192
9	10
376	377
442	388
111	44
1191	1172
234	212
187	179
364	355
598	382
820	702
1121	1120
757	702
413	414
471	472
889	871
273	274
67	60
513	14
580	578
1117	1116
686	666
1201	494
793	702
1002	998
1076	506
40	41
351	352
1090	470
260	261
64	60
29	20
1081	913
453	143
1217	913
864	845
31	20
565	556
74	70
437	434
933	913
23	20
549	132
1051	998
