1260	10779
1259	10778
1258	10776
1256	10623
1255	10622
1253	10620
1251	20621
1250	20620
1248	20617
1246	10410
1245	10768
1243	20610
1242	20608
1241	20606
1239	10619
1238	10618
1237	10617
1235	10616
1233	20605
1232	20604
1231	20603
1230	10485
1228	10773
1227	10772
1225	10771
1223	20600
1222	20599
1221	20597
1219	10615
1218	10614
1217	10613
1215	20651
1213	10746
1211	20650
1207	20649
1205	10612
1204	10482
1203	10745
1201	10744
1199	20529
1197	10535
1195	20528
1193	10534
1191	20527
1188	10533
1186	10532
1184	20526
1182	10611
1181	20525
1178	10531
1175	10530
1171	10528
1169	20490
1167	10770
1165	10493
1162	20683
1159	20491
1157	10494
1155	10610
1152	20492
1150	10492
1149	10491
1147	10378
1146	10203
1144	10202
1141	10201
1139	10200
1137	10199
1135	10522
1133	20595
1132	20646
1130	10520
1129	20654
1128	20653
1126	20685
1125	20684
1123	10480
1122	10479
1121	10478
1119	10477
1118	20594
1117	10476
1115	10475
1113	10474
1111	10541
1110	20532
1109	20535
1107	10539
1106	20530
1104	20534
1102	10536
1099	20593
1097	10537
1096	10198
1094	10799
1092	10197
1090	20666
1089	10527
1087	10760
1085	20523
1083	10525
1081	20591
1080	20522
1078	10787
1077	10786
1076	10785
1074	10524
1072	10523
1070	20521
1067	10759
1066	20664
1064	20441
1062	20590
1061	10420
1059	20440
1058	10418
1057	10755
1055	20425
1053	20438
1051	20437
1050	20436
1049	20435
1047	10417
1045	20589
1044	10754
1042	20434
1041	20433
1040	20432
1038	10416
1036	20431
1035	20430
1034	20429
1032	20428
1029	20426
1028	20588
1026	10414
1024	20663
1021	20662
1018	10753
1015	10413
1013	20416
1012	20414
1011	20411
1010	20408
1008	20401
1006	20587
1005	10763
1004	10408
1003	10406
1002	10403
1001	10400
997	10398
995	20616
993	20615
991	10638
989	20614
986	20609
984	20586
983	20622
981	10634
979	20618
977	20675
974	10769
972	10637
970	10636
967	10521
964	20611
961	10635
959	20584
958	20612
955	20613
951	10633
949	20400
947	10411
944	10409
942	20399
940	20398
938	10407
935	20397
933	20583
932	20396
931	20395
930	20394
928	10405
927	10404
925	10402
922	10702
920	20392
917	10401
915	10399
912	20579
911	10393
910	10196
909	10195
907	10076
905	20415
904	20413
903	20412
901	20658
900	20410
899	20409
898	10606
897	20407
896	20406
895	20405
894	20404
893	20403
891	20402
889	10194
888	10193
887	10192
886	10191
885	10604
884	10190
883	10189
882	10188
881	10187
880	10392
879	10186
878	10185
877	10184
876	10183
875	10182
874	10603
873	10181
870	10075
868	20424
866	10429
864	10428
862	20670
860	20423
858	20422
856	20421
854	10427
852	10602
851	10767
849	10425
847	20419
844	20418
842	10424
839	20417
836	10423
835	10422
832	10421
830	10737
829	10601
828	10736
827	10735
826	10731
825	10730
823	10726
822	10724
820	10725
819	10741
817	10781
815	10723
814	10600
813	10581
812	10739
810	10722
809	10720
808	10721
807	10740
806	10717
804	10716
802	10715
801	10727
800	10712
799	10599
798	10711
797	10714
795	10713
794	10708
793	10706
791	10709
789	10707
787	10705
786	10704
785	10703
784	10596
783	10701
782	10696
780	10694
778	10692
776	10691
774	10693
772	10690
770	10689
768	10677
767	10676
765	10594
763	10678
761	10685
759	10684
757	10683
755	10751
753	10750
751	10675
749	10674
747	10699
745	10673
743	20464
741	10672
739	10697
737	10669
735	10670
733	10671
731	10698
729	10668
727	10667
725	10666
723	10680
721	20470
719	10665
717	10663
378	20485
376	10487
374	20466
371	10147
368	10146
366	20500
364	10499
361	10501
359	20502
357	20497
354	20499
351	10498
348	10145
346	20465
344	10397
342	10143
340	10497
338	10496
335	20496
333	20495
331	20494
329	20493
327	10495
324	10142
321	10459
320	10141
318	10140
316	10139
314	10138
313	10137
311	10136
309	10514
307	20518
305	10752
303	20517
299	10458
297	10512
295	10511
293	20677
291	10510
289	10509
287	20516
285	20515
283	20514
281	20647
278	20513
276	20660
273	10508
271	20512
269	20511
266	10758
263	20510
262	10507
260	10506
257	20509
254	10505
251	10504
249	10593
247	20508
244	10774
240	10503
238	10597
236	20592
234	20602
232	10592
230	20582
228	10591
226	10590
224	10586
222	20585
220	10589
218	10587
216	20580
214	20576
211	10585
208	20574
206	10584
204	20322
203	20321
202	10583
200	10578
199	20320
197	20319
196	10327
195	10326
194	10325
191	10324
189	10631
187	20655
185	10639
183	20627
181	20672
178	10121
174	10119
172	20507
171	10519
75	20550
74	20549
72	20571
69	20548
67	10567
66	10566
65	10565
64	10563
63	10562
62	10561
61	10560
59	10559
57	20547
55	20667
53	20546
52	20545
51	20544
50	20543
49	20542
48	20541
47	20540
46	20539
45	20538
43	20537
27	10548
26	10547
25	10789
24	10546
23	10545
22	10544
19	10543
16	20626
13	10626
9	10624
6	20573
2	10577
28	20575
29	10549
30	10550
31	10551
32	10555
33	10552
34	10553
35	10557
36	10556
37	10554
38	10558
40	20483
76	20551
77	20552
78	20554
79	20555
80	20556
82	20557
83	20559
84	20560
86	10605
88	10582
91	10568
93	10569
94	10570
96	20561
99	20563
101	20564
103	10571
105	20565
107	10572
109	20570
111	10574
112	10576
113	10575
115	20566
117	20567
118	20568
119	20569
121	10377
124	10118
126	20598
129	20572
131	10629
134	10628
136	10630
138	20596
140	20601
142	20486
146	10489
149	20488
151	20503
155	10515
158	20659
159	20504
161	10516
163	20642
165	10517
167	10518
169	20506
381	20628
385	10643
387	10644
390	20629
392	10784
395	10645
397	10646
399	10647
401	10453
404	20630
406	10648
409	20631
411	20632
413	20633
415	20634
417	10649
419	10653
422	20640
424	20641
426	20461
428	20635
429	20636
431	10650
433	20637
435	20638
437	10651
438	10800
439	10490
440	20489
442	10652
443	10579
444	20462
446	20639
448	10072
450	10148
451	10149
453	10150
454	10151
455	10152
456	10153
458	10154
459	10155
461	10460
462	10156
463	10157
464	10158
465	10159
466	10160
468	10161
469	10749
471	10162
473	10163
474	10164
477	20467
478	10165
480	10775
481	10166
482	10168
483	10169
485	10318
486	10323
488	10073
489	10175
490	10176
492	10461
493	10177
495	10178
497	10074
498	10170
500	10171
501	10172
502	10173
503	10174
505	10314
507	10315
509	20468
510	10316
511	10317
513	10179
516	10180
518	10486
519	20484
521	10481
524	10484
526	10483
528	20481
530	10454
531	20482
532	10588
533	10598
535	10747
538	20652
540	10538
544	10757
545	20498
546	10756
548	20682
549	20657
550	10502
552	20665
553	20487
555	20531
558	10540
560	10500
561	20501
563	20536
565	20533
567	10455
569	10542
571	10430
574	10431
576	10432
577	10433
579	10434
580	10435
581	20442
582	20443
584	20444
586	20680
587	20445
589	20446
591	20447
593	20448
594	20449
597	10436
598	10437
600	20450
602	20681
604	10438
605	10439
606	10440
607	10441
608	10442
610	10443
611	10444
612	10445
614	20451
615	20452
616	10580
618	10777
620	20453
622	10446
624	10447
625	10448
626	20454
628	20455
630	20456
632	10449
634	20457
636	20643
638	20679
641	10450
643	20458
645	20459
647	10451
649	10452
651	10329
654	20324
656	10321
658	20316
660	10322
662	10462
663	20317
665	10464
668	10465
669	10466
670	10467
671	10468
672	10469
674	20471
675	20472
676	20473
678	20469
680	20474
682	10470
684	20648
686	10471
688	20475
690	20476
691	20477
693	10472
695	10473
697	20478
699	10463
701	10656
704	10657
706	10658
708	10661
710	10659
711	10660
713	10664
715	10662
