--------------------------------
top-20
0.49134199134199136
0.5
0.6268115942028986
0.44285714285714284
0.6984126984126984
0.5996376811594203
0.39855072463768115
NaN
0.5705128205128205
0.5439560439560439
0.5411255411255411
0.6804435483870968
0.5357142857142857
0.5142857142857142
0.5886699507389163
0.4357142857142857
0.5333333333333333
0.4723076923076923
0.5071428571428571
0.5541666666666667
0.09523809523809523
0.7408906882591093
0.42207792207792205
0.5333333333333333
0.5458333333333333
0.5666666666666667
0.5095238095238095
0.09523809523809523
0.7448717948717949
0.6714285714285714
0.7537537537537538
0.5
0.17532467532467533
0.7469758064516129
0.7394894894894894
0.5303030303030303
0.5692307692307692
0.24761904761904763
0.625
0.5467836257309941
0.6801587301587302
0.24308300395256918
0.625
0.3380952380952381
0.6027667984189723
0.5367965367965368
0.8333333333333334
0.5439560439560439
0.41304347826086957
0.5119047619047619
0.4673913043478261
0.7395411605937922
0.5757575757575758
0.6692307692307692
0.5395256916996047
0.7246031746031746
0.7348484848484849
0.4523809523809524
0.5428571428571428
0.5071428571428571
0.17532467532467533
0.7237179487179487
0.24308300395256918
0.707936507936508
0.6333333333333333
0.525974025974026
0.6741935483870968
0.5214285714285715
0.530952380952381
0.6276923076923077
0.5380952380952381
0.7467948717948718
0.6981981981981982
0.5968379446640316
0.530952380952381
0.5541125541125541
0.5
0.6068965517241379
0.09523809523809523
0.21645021645021645
0.6622103386809269
0.28063241106719367
0.5119047619047619
0.3438735177865613
0.5404761904761904
0.6722222222222223
0.5
0.7470588235294118
0.5128205128205128
0.5652173913043478
0.487012987012987
0.21645021645021645
0.6711229946524064
0.09523809523809523
0.49846153846153846
0.6752136752136753
0.52
0.28063241106719367
0.4357142857142857
0.6684491978609626
--------------------------------
top-10
0.4696969696969697
0.5
0.6813186813186813
0.2636363636363636
0.7352941176470589
0.6703296703296703
0.6043956043956044
NaN
0.5818181818181818
0.5454545454545454
0.5303030303030303
0.7222222222222222
0.5454545454545454
0.5272727272727272
0.7251461988304093
0.32727272727272727
0.5636363636363636
0.6541666666666667
0.44545454545454544
0.5727272727272728
0.18181818181818182
0.7263157894736842
0.3106060606060606
0.5636363636363636
0.5545454545454546
0.5666666666666667
0.4818181818181818
0.18181818181818182
0.7473684210526316
0.7368421052631579
0.7421052631578947
0.4696969696969697
0.3106060606060606
0.7394736842105263
0.7473684210526316
0.5272727272727272
0.6
0.18181818181818182
0.625
0.5727272727272728
0.6764705882352942
0.40384615384615385
0.625
0.18181818181818182
0.6666666666666666
0.5
0.8333333333333334
0.5454545454545454
0.510989010989011
0.4818181818181818
0.4725274725274725
0.7473684210526316
0.5818181818181818
0.7526315789473684
0.5576923076923077
0.7578947368421053
0.75
0.2636363636363636
0.5818181818181818
0.509090909090909
0.3106060606060606
0.6868421052631579
0.40384615384615385
0.7222222222222222
0.6333333333333333
0.49242424242424243
0.695906432748538
0.6287878787878788
0.5363636363636364
0.6583333333333333
0.5636363636363636
0.75
0.75
0.6858974358974359
0.5727272727272728
0.5454545454545454
0.48484848484848486
0.6580882352941176
0.18181818181818182
0.3787878787878788
0.6727941176470589
0.46153846153846156
0.5454545454545454
0.5384615384615384
0.5727272727272728
0.7352941176470589
0.4727272727272727
0.7397660818713451
0.5
0.6089743589743589
0.3787878787878788
0.3787878787878788
0.7426900584795322
0.18181818181818182
0.6833333333333333
0.7169117647058824
0.6176470588235294
0.46153846153846156
0.32727272727272727
0.7251461988304093
--------------------------------
top-5
0.5
0.5
0.7361111111111112
0.3333333333333333
0.7
0.7361111111111112
0.7638888888888888
NaN
0.6333333333333333
0.6
0.5952380952380952
0.7333333333333333
0.6333333333333333
0.5666666666666667
0.7555555555555555
0.3333333333333333
0.6
0.7444444444444445
0.3333333333333333
0.6333333333333333
0.3333333333333333
0.7444444444444445
0.5
0.6333333333333333
0.5666666666666667
0.5666666666666667
0.3333333333333333
0.3333333333333333
0.7666666666666667
0.7333333333333333
0.7666666666666667
0.5
0.5
0.7111111111111111
0.7222222222222222
0.4666666666666667
0.7111111111111111
0.3333333333333333
0.6666666666666666
0.6
0.7083333333333334
0.5892857142857143
0.6666666666666666
0.3333333333333333
0.7321428571428571
0.5
0.8333333333333334
0.5333333333333333
0.7321428571428571
0.4666666666666667
0.6388888888888888
0.7555555555555555
0.6333333333333333
0.7666666666666667
0.7142857142857143
0.7666666666666667
0.7333333333333333
0.3333333333333333
0.6333333333333333
0.5666666666666667
0.5
0.6666666666666666
0.5892857142857143
0.7666666666666667
0.6333333333333333
0.5
0.7083333333333334
0.75
0.4666666666666667
0.7333333333333333
0.5666666666666667
0.7666666666666667
0.7333333333333333
0.7678571428571429
0.6333333333333333
0.6428571428571429
0.5952380952380952
0.7361111111111112
0.3333333333333333
0.5952380952380952
0.8333333333333334
0.6607142857142857
0.5666666666666667
0.6964285714285714
0.6333333333333333
0.7444444444444445
0.5333333333333333
0.7666666666666667
0.3333333333333333
0.7142857142857143
0.5
0.5952380952380952
0.7666666666666667
0.3333333333333333
0.7666666666666667
0.7666666666666667
0.5972222222222222
0.6607142857142857
0.3333333333333333
0.7666666666666667
--------------------------------
top-3
0.65
0.5
0.8
0.5
0.7
0.7666666666666667
0.8
NaN
0.6666666666666666
0.6666666666666666
0.65
0.7666666666666667
0.6666666666666666
0.6666666666666666
0.7666666666666667
0.5
0.6666666666666666
0.7666666666666667
0.5
0.6666666666666666
0.5
0.7
0.65
0.6666666666666666
0.6666666666666666
0.5
0.5
0.5
0.8
0.7
0.8
0.65
0.65
0.7
0.7
0.5
0.7666666666666667
0.5
0.75
0.6666666666666666
0.7666666666666667
0.7
0.75
0.5
0.7666666666666667
0.65
0.8333333333333334
0.5
0.7666666666666667
0.5
0.7
0.8
0.6666666666666666
0.7666666666666667
0.8
0.8
0.7
0.5
0.6666666666666666
0.6666666666666666
0.65
0.7
0.7
0.8
0.75
0.65
0.8
0.8
0.5
0.8
0.6666666666666666
0.8
0.7666666666666667
0.8
0.75
0.7
0.75
0.8
0.5
0.75
0.8
0.7666666666666667
0.5
0.7
0.75
0.7666666666666667
0.5
0.7666666666666667
0.5
0.7
0.65
0.75
0.7666666666666667
0.5
0.7666666666666667
0.8
0.45
0.7666666666666667
0.5
0.8

Average20: 0.5273526065161926	Var: 0.027158478128819552	Count: 99
Average10: 0.5559047913513621	Var: 0.025434264669539297	Count: 99
Average5: 0.6142576559243228	Var: 0.020085585168023057	Count: 99
Average3: 0.679461279461279	Var: 0.011884558265030487	Count: 99
