--------------------------------
top-20
0.01904761904761905
0.0
0.3603988603988604
0.01904761904761905
0.4880952380952381
0.3264367816091954
0.18614718614718614
NaN
0.16666666666666666
0.06593406593406594
0.08441558441558442
0.6045977011494252
0.08095238095238096
0.05952380952380952
0.5343915343915344
0.0
0.07380952380952381
0.5215384615384615
0.04285714285714286
0.09166666666666666
0.0
0.7388663967611336
0.0735930735930736
0.08095238095238096
0.09166666666666666
0.13333333333333333
0.047619047619047616
0.0
0.7591093117408907
0.5630252100840336
0.653781512605042
0.1383399209486166
0.0
0.6526881720430108
0.713963963963964
0.10606060606060606
0.4076923076923077
0.0
0.21428571428571427
0.10526315789473684
0.6448863636363636
0.14047619047619048
0.17857142857142858
0.0
0.1976284584980237
0.12121212121212122
0.75
0.06593406593406594
0.34782608695652173
0.0380952380952381
0.2766798418972332
0.668918918918919
0.12121212121212122
0.5427350427350427
0.19
0.6478991596638656
0.6370967741935484
0.02857142857142857
0.08571428571428572
0.047619047619047616
0.13636363636363635
0.4896551724137931
0.09523809523809523
0.6777777777777778
0.26666666666666666
0.06926406926406926
0.5079365079365079
0.1774891774891775
0.07142857142857142
0.42153846153846153
0.08571428571428572
0.7480769230769231
0.6659159159159159
0.34189723320158105
0.09047619047619047
0.13636363636363635
0.09307359307359307
0.5114942528735632
0.0
0.0
0.6108870967741935
0.14047619047619048
0.05714285714285714
0.13333333333333333
0.09523809523809523
0.6007130124777184
0.054945054945054944
0.6461675579322638
0.08974358974358974
0.22332015810276679
0.05411255411255411
0.0
0.6373106060606061
0.0
0.5153846153846153
0.6083743842364532
0.4866666666666667
0.14047619047619048
0.0
0.5511363636363636
--------------------------------
top-10
0.0
0.0
0.4166666666666667
0.0
0.6797385620915033
0.36363636363636365
0.2727272727272727
NaN
0.2
0.05454545454545454
0.0
0.6929824561403509
0.12727272727272726
0.045454545454545456
0.6699346405228758
0.0
0.09090909090909091
0.6208333333333333
0.0
0.10909090909090909
0.0
0.7605263157894737
0.0
0.13636363636363635
0.11818181818181818
0.13333333333333333
0.01818181818181818
0.0
0.7605263157894737
0.42857142857142855
0.7222222222222222
0.11538461538461539
0.0
0.7394736842105263
0.75
0.10909090909090909
0.6375
0.0
0.21428571428571427
0.14545454545454545
0.6666666666666666
0.2636363636363636
0.17857142857142858
0.0
0.23717948717948717
0.05454545454545454
0.75
0.05454545454545454
0.4175824175824176
0.0
0.5384615384615384
0.6801470588235294
0.12727272727272726
0.7192982456140351
0.14545454545454545
0.6617647058823529
0.7552631578947369
0.0
0.14545454545454545
0.0
0.30303030303030304
0.37362637362637363
0.18181818181818182
0.7076023391812866
0.26666666666666666
0.0
0.6503267973856209
0.22727272727272727
0.09090909090909091
0.6125
0.10909090909090909
0.7526315789473684
0.630718954248366
0.42948717948717946
0.16363636363636364
0.08888888888888889
0.15555555555555556
0.48095238095238096
0.0
0.0
0.6029411764705882
0.2636363636363636
0.03636363636363636
0.23636363636363636
0.16363636363636364
0.5919117647058824
0.03636363636363636
0.6988304093567251
0.09090909090909091
0.3076923076923077
0.0
0.0
0.7017543859649122
0.0
0.6041666666666666
0.7625
0.6416666666666667
0.2636363636363636
0.0
0.5588235294117647
--------------------------------
top-5
0.0
0.0
0.7333333333333333
0.0
0.7333333333333333
0.5238095238095238
0.2619047619047619
NaN
0.3333333333333333
0.0
0.0
0.6666666666666666
0.13333333333333333
0.0
0.7666666666666667
0.0
0.0
0.6666666666666666
0.0
0.06666666666666667
0.0
0.7777777777777778
0.0
0.13333333333333333
0.06666666666666667
0.13333333333333333
0.0
0.0
0.7777777777777778
0.3333333333333333
0.7777777777777778
0.0
0.0
0.7777777777777778
0.7666666666666667
0.06666666666666667
0.7111111111111111
0.0
0.26666666666666666
0.2
0.6944444444444444
0.4666666666666667
0.2
0.0
0.2
0.0
0.75
0.0
0.5357142857142857
0.0
0.6964285714285714
0.7083333333333334
0.13333333333333333
0.7666666666666667
0.36666666666666664
0.7777777777777778
0.7666666666666667
0.0
0.06666666666666667
0.0
0.47619047619047616
0.42857142857142855
0.3333333333333333
0.7361111111111112
0.3
0.0
0.6666666666666666
0.3333333333333333
0.0
0.6944444444444444
0.06666666666666667
0.7666666666666667
0.6071428571428571
0.6428571428571429
0.2
0.4
0.4666666666666667
0.5
0.0
0.0
0.5714285714285714
0.4666666666666667
0.0
0.36666666666666664
0.3
0.6527777777777778
0.0
0.6944444444444444
0.0
0.13333333333333333
0.0
0.0
0.6944444444444444
0.0
0.7666666666666667
0.7666666666666667
0.6111111111111112
0.4666666666666667
0.0
0.4642857142857143
--------------------------------
top-3
0.0
0.0
0.85
0.0
0.8
0.8
0.16666666666666666
NaN
0.5833333333333334
0.0
0.0
0.8
0.0
0.0
0.8
0.0
0.0
0.7666666666666667
0.0
0.0
0.0
0.8
0.0
0.0
0.0
0.0
0.0
0.0
0.8
0.3333333333333333
0.8
0.0
0.0
0.8
0.8
0.0
0.7666666666666667
0.0
0.3333333333333333
0.16666666666666666
0.8
0.6666666666666666
0.16666666666666666
0.0
0.16666666666666666
0.0
0.75
0.0
0.5
0.0
0.7
0.8
0.0
0.7666666666666667
0.4166666666666667
0.8
0.8
0.0
0.0
0.0
0.6
0.5
0.5
0.8
0.3333333333333333
0.0
0.7
0.5
0.0
0.8
0.0
0.8
0.7
0.7
0.16666666666666666
0.6666666666666666
0.6666666666666666
0.8333333333333334
0.0
0.0
0.6
0.6666666666666666
0.0
0.6666666666666666
0.3333333333333333
0.7
0.0
0.8
0.0
0.0
0.0
0.0
0.8
0.0
0.7666666666666667
0.8
0.5
0.6666666666666666
0.0
0.3333333333333333

Average20: 0.2643297241005347	Var: 0.0622255003837658	Count: 99
Average10: 0.29610749965028027	Var: 0.07674589459142421	Count: 99
Average5: 0.3270482603815935	Var: 0.09257920826770706	Count: 99
Average3: 0.35757575757575766	Var: 0.12249872461993658	Count: 99
