--------------------------------
top-20
0.4901185770750988
0.5
0.48160919540229885
0.32
0.5295566502463054
0.2833333333333333
0.24110671936758893
NaN
0.28615384615384615
0.21846153846153846
0.4169230769230769
0.5483870967741935
0.2766798418972332
0.3630769230769231
0.48717948717948717
0.47619047619047616
0.35177865612648224
0.5343915343915344
0.415
0.23
0.4206896551724138
0.6039682539682539
0.44664031620553357
0.47
0.2633333333333333
0.5124777183600713
0.20307692307692307
0.6293103448275862
0.6569069069069069
0.6109243697478992
0.5182795698924731
0.30039525691699603
0.3261538461538461
0.6496212121212122
0.6547619047619048
0.17391304347826086
0.5128205128205128
0.5310344827586206
0.4344086021505376
0.2987012987012987
0.46169354838709675
0.27705627705627706
0.432258064516129
0.37549407114624506
0.3188405797101449
0.24110671936758893
0.5819964349376114
0.1358695652173913
0.37333333333333335
0.4583333333333333
0.4544159544159544
0.6891891891891891
0.24153846153846154
0.48333333333333334
0.37037037037037035
0.6235294117647059
0.5957661290322581
0.46153846153846156
0.20526315789473684
0.47333333333333333
0.30333333333333334
0.5181451612903226
0.4666666666666667
0.6873015873015873
0.5267379679144385
0.34472934472934474
0.43874643874643876
0.16666666666666666
0.19523809523809524
0.5446153846153846
0.3761904761904762
0.7260458839406208
0.6711711711711712
0.3466666666666667
0.26666666666666666
0.36231884057971014
0.49230769230769234
0.3793103448275862
0.6293103448275862
0.3861538461538462
0.6515151515151515
0.3695652173913043
0.43666666666666665
0.21645021645021645
0.21428571428571427
0.5501893939393939
0.2564102564102564
0.4802955665024631
0.2276923076923077
0.341991341991342
0.3051948051948052
0.2662337662337662
0.6168067226890757
0.4444444444444444
0.4723076923076923
0.5641025641025641
0.28
0.2554112554112554
0.47619047619047616
0.5882352941176471
--------------------------------
top-10
0.5934065934065934
0.5
0.5714285714285714
0.4090909090909091
0.6862745098039216
0.4725274725274725
0.43636363636363634
NaN
0.3939393939393939
0.2545454545454545
0.5824175824175825
0.5882352941176471
0.4358974358974359
0.48484848484848486
0.6617647058823529
0.475
0.5274725274725275
0.7666666666666667
0.5333333333333333
0.4393939393939394
0.38181818181818183
0.4708333333333333
0.6714285714285714
0.638095238095238
0.46153846153846156
0.38095238095238093
0.2
0.6568627450980392
0.6209150326797386
0.5551470588235294
0.5333333333333333
0.3626373626373626
0.4090909090909091
0.6900584795321637
0.6405228758169934
0.23636363636363636
0.675
0.5916666666666667
0.2948717948717949
0.48717948717948717
0.32967032967032966
0.4423076923076923
0.22727272727272727
0.45454545454545453
0.47435897435897434
0.3181818181818182
0.5619047619047619
0.08888888888888889
0.43333333333333335
0.5054945054945055
0.5714285714285714
0.7076023391812866
0.3090909090909091
0.6900584795321637
0.3181818181818182
0.5882352941176471
0.6045751633986928
0.5164835164835165
0.38181818181818183
0.5619047619047619
0.30303030303030304
0.5083333333333333
0.5333333333333333
0.7368421052631579
0.34065934065934067
0.4065934065934066
0.5083333333333333
0.18181818181818182
0.45454545454545453
0.6507352941176471
0.5934065934065934
0.7192982456140351
0.6862745098039216
0.46153846153846156
0.4
0.5384615384615384
0.5875
0.32051282051282054
0.6568627450980392
0.48717948717948717
0.7368421052631579
0.4725274725274725
0.4666666666666667
0.42424242424242425
0.43636363636363634
0.45416666666666666
0.3090909090909091
0.5523809523809524
0.2909090909090909
0.554945054945055
0.6181818181818182
0.4696969696969697
0.5735294117647058
0.5142857142857142
0.6291666666666667
0.7426470588235294
0.13636363636363635
0.4230769230769231
0.475
0.5735294117647058
--------------------------------
top-5
0.6785714285714286
0.5
0.7222222222222222
0.6111111111111112
0.7777777777777778
0.5238095238095238
0.5357142857142857
NaN
0.5238095238095238
0.5333333333333333
0.6785714285714286
0.5714285714285714
0.6190476190476191
0.5333333333333333
0.6388888888888888
0.42857142857142855
0.6071428571428571
0.7777777777777778
0.47619047619047616
0.6428571428571429
0.47619047619047616
0.42857142857142855
0.75
0.8333333333333334
0.6190476190476191
0.4
0.3333333333333333
0.6805555555555556
0.5357142857142857
0.42857142857142855
0.5357142857142857
0.4
0.38095238095238093
0.6388888888888888
0.6428571428571429
0.4666666666666667
0.7777777777777778
0.6071428571428571
0.6
0.6666666666666666
0.2857142857142857
0.7142857142857143
0.3333333333333333
0.6666666666666666
0.7142857142857143
0.5238095238095238
0.5714285714285714
0.2
0.13333333333333333
0.6785714285714286
0.7222222222222222
0.7222222222222222
0.4
0.6388888888888888
0.6
0.6666666666666666
0.44642857142857145
0.8571428571428571
0.5714285714285714
0.6071428571428571
0.4666666666666667
0.5714285714285714
0.6388888888888888
0.7777777777777778
0.3333333333333333
0.6190476190476191
0.42857142857142855
0.3333333333333333
0.6388888888888888
0.7777777777777778
0.7142857142857143
0.7777777777777778
0.7777777777777778
0.6785714285714286
0.47619047619047616
0.7222222222222222
0.6071428571428571
0.26666666666666666
0.6805555555555556
0.7142857142857143
0.7777777777777778
0.6666666666666666
0.6190476190476191
0.7142857142857143
0.6190476190476191
0.3333333333333333
0.38095238095238093
0.6785714285714286
0.47619047619047616
0.7222222222222222
0.7857142857142857
0.6071428571428571
0.4642857142857143
0.6071428571428571
0.7777777777777778
0.7777777777777778
0.13333333333333333
0.5357142857142857
0.42857142857142855
0.5
--------------------------------
top-3
0.7
0.6666666666666666
0.8
0.5
0.8
0.5
0.5
NaN
0.7
0.7
0.8
0.7
0.7
0.6
0.6
0.16666666666666666
0.6
0.8
0.8333333333333334
0.8
0.5
0.5
0.8
0.8
0.8
0.5
0.5
0.8
0.6
0.16666666666666666
0.5
0.5
0.5
0.6
0.6
0.6
0.8
0.6
0.6
0.7
0.3333333333333333
0.8
0.5
0.7
0.7666666666666667
0.7
0.7
0.6666666666666666
0.0
0.6
0.8
0.8
0.5
0.6
0.6
0.7
0.3333333333333333
0.9
0.6
0.7
1.0
1.0
0.6
0.8
0.5
0.7
0.16666666666666666
0.3333333333333333
0.6
0.8
0.8
0.8
0.8
0.8
0.6666666666666666
0.8
0.7
0.16666666666666666
0.8
0.8
0.8
0.7
0.8
0.8
0.8333333333333334
0.3333333333333333
0.5
0.8
0.8333333333333334
0.8
0.8
0.7
0.3333333333333333
0.6
0.8
0.8
0.0
0.5
0.16666666666666666
0.5

Average20: 0.42185793602768484	Var: 0.02066845583022639	Count: 99
Average10: 0.49277909756378635	Var: 0.020487109407326093	Count: 99
Average5: 0.5782066698733365	Var: 0.02414706296006086	Count: 99
Average3: 0.6340067340067339	Var: 0.04065050051582053	Count: 99
