--------------------------------
top-20
0.1857707509881423
0.0
0.10476190476190476
0.06315789473684211
0.005263157894736842
0.11578947368421053
0.14736842105263157
NaN
0.02857142857142857
0.015789473684210527
0.2391304347826087
0.04285714285714286
0.16883116883116883
0.06315789473684211
0.08095238095238096
0.18181818181818182
0.08095238095238096
0.13333333333333333
0.16233766233766234
0.02631578947368421
0.20948616600790515
0.14285714285714285
0.49294354838709675
0.09523809523809523
0.031578947368421054
0.021052631578947368
0.009523809523809525
0.12380952380952381
0.15151515151515152
0.04285714285714286
0.20952380952380953
0.06666666666666667
0.06666666666666667
0.03333333333333333
0.023809523809523808
0.05627705627705628
0.19666666666666666
0.20952380952380953
0.08225108225108226
0.08947368421052632
0.031578947368421054
0.015789473684210527
0.09881422924901186
0.07894736842105263
0.09090909090909091
0.05627705627705628
0.05476190476190476
0.02619047619047619
0.05238095238095238
0.07142857142857142
0.17193675889328064
0.12631578947368421
0.049783549783549784
0.04285714285714286
0.23692307692307693
0.06315789473684211
0.09523809523809523
0.09473684210526316
0.021052631578947368
0.18614718614718614
0.13043478260869565
0.12554112554112554
0.2753623188405797
0.023809523809523808
0.047619047619047616
0.20652173913043478
0.0735930735930736
0.13043478260869565
0.02631578947368421
0.22282608695652173
0.05789473684210526
0.047619047619047616
0.05789473684210526
0.11255411255411256
0.08571428571428572
0.11428571428571428
0.36182336182336183
0.09090909090909091
0.12380952380952381
0.26406926406926406
0.05238095238095238
0.20476190476190476
0.3233333333333333
0.1067193675889328
0.05263157894736842
0.05789473684210526
0.021052631578947368
0.09047619047619047
0.047619047619047616
0.09523809523809523
0.02631578947368421
0.02631578947368421
0.07368421052631578
0.15810276679841898
0.06060606060606061
0.15019762845849802
0.047619047619047616
0.11052631578947368
0.18181818181818182
0.1471861471861472
--------------------------------
top-10
0.22727272727272727
0.0
0.10909090909090909
0.08888888888888889
0.022222222222222223
0.16666666666666666
0.15151515151515152
NaN
0.05454545454545454
0.0
0.26373626373626374
0.03636363636363636
0.21212121212121213
0.07272727272727272
0.022222222222222223
0.21212121212121213
0.19696969696969696
0.10909090909090909
0.19696969696969696
0.07272727272727272
0.19696969696969696
0.21794871794871795
0.5980392156862745
0.18181818181818182
0.1111111111111111
0.0
0.0
0.18181818181818182
0.2727272727272727
0.044444444444444446
0.3333333333333333
0.03636363636363636
0.10909090909090909
0.044444444444444446
0.03636363636363636
0.044444444444444446
0.03636363636363636
0.21794871794871795
0.07575757575757576
0.10606060606060606
0.08888888888888889
0.0
0.022222222222222223
0.21818181818181817
0.0
0.0
0.0
0.022222222222222223
0.022222222222222223
0.16363636363636364
0.10606060606060606
0.14545454545454545
0.022222222222222223
0.08888888888888889
0.05454545454545454
0.16363636363636364
0.21818181818181817
0.16666666666666666
0.044444444444444446
0.24242424242424243
0.022222222222222223
0.2
0.2948717948717949
0.06666666666666667
0.03636363636363636
0.12727272727272726
0.06666666666666667
0.12727272727272726
0.06666666666666667
0.01818181818181818
0.10909090909090909
0.15555555555555556
0.12727272727272726
0.05454545454545454
0.18181818181818182
0.2878787878787879
0.23076923076923078
0.26666666666666666
0.18181818181818182
0.34615384615384615
0.16363636363636364
0.16363636363636364
0.4358974358974359
0.10909090909090909
0.12727272727272726
0.10909090909090909
0.044444444444444446
0.16363636363636364
0.0
0.05454545454545454
0.08888888888888889
0.07272727272727272
0.15151515151515152
0.12727272727272726
0.044444444444444446
0.10606060606060606
0.15555555555555556
0.05454545454545454
0.21212121212121213
0.25757575757575757
--------------------------------
top-5
0.13333333333333333
0.0
0.0
0.1
0.1
0.13333333333333333
0.1
NaN
0.13333333333333333
0.0
0.2
0.0
0.13333333333333333
0.13333333333333333
0.0
0.2
0.26666666666666666
0.2
0.1
0.13333333333333333
0.13333333333333333
0.06666666666666667
0.42857142857142855
0.2
0.2
0.0
0.0
0.13333333333333333
0.4666666666666667
0.2
0.42857142857142855
0.0
0.1
0.13333333333333333
0.0
0.2
0.0
0.06666666666666667
0.0
0.1
0.26666666666666666
0.0
0.1
0.26666666666666666
0.0
0.0
0.0
0.1
0.1
0.26666666666666666
0.0
0.26666666666666666
0.1
0.2
0.0
0.3
0.4
0.2
0.0
0.2
0.0
0.13333333333333333
0.06666666666666667
0.0
0.1
0.2
0.13333333333333333
0.06666666666666667
0.1
0.0
0.13333333333333333
0.26666666666666666
0.23809523809523808
0.06666666666666667
0.2857142857142857
0.3333333333333333
0.3
0.42857142857142855
0.13333333333333333
0.3333333333333333
0.2
0.1
0.38095238095238093
0.06666666666666667
0.13333333333333333
0.06666666666666667
0.1
0.2
0.0
0.0
0.06666666666666667
0.1
0.0
0.06666666666666667
0.0
0.0
0.13333333333333333
0.06666666666666667
0.2
0.4
--------------------------------
top-3
0.0
0.0
0.0
0.3333333333333333
0.3333333333333333
0.3333333333333333
0.3333333333333333
NaN
0.16666666666666666
0.0
0.16666666666666666
0.0
0.0
0.16666666666666666
0.0
0.16666666666666666
0.3333333333333333
0.16666666666666666
0.0
0.0
0.0
0.0
0.16666666666666666
0.3333333333333333
0.3333333333333333
0.0
0.0
0.0
0.5
0.3333333333333333
0.5
0.0
0.16666666666666666
0.0
0.0
0.3333333333333333
0.0
0.0
0.0
0.0
0.3333333333333333
0.0
0.3333333333333333
0.3333333333333333
0.0
0.0
0.0
0.16666666666666666
0.3333333333333333
0.16666666666666666
0.0
0.3333333333333333
0.0
0.3333333333333333
0.0
0.3333333333333333
0.3333333333333333
0.16666666666666666
0.0
0.3333333333333333
0.0
0.3333333333333333
0.0
0.0
0.0
0.0
0.16666666666666666
0.0
0.16666666666666666
0.0
0.16666666666666666
0.3333333333333333
0.0
0.0
0.16666666666666666
0.16666666666666666
0.16666666666666666
0.5
0.0
0.16666666666666666
0.3333333333333333
0.3333333333333333
0.5
0.0
0.16666666666666666
0.0
0.0
0.6666666666666666
0.0
0.0
0.0
0.0
0.0
0.0
0.0
0.0
0.0
0.0
0.16666666666666666
0.8333333333333334

Average20: 0.10585810397066735	Var: 0.006890781469953833	Count: 99
Average10: 0.1258576836116943	Var: 0.010567623217014401	Count: 99
Average5: 0.1342472342472342	Var: 0.014525608359182193	Count: 99
Average3: 0.14141414141414138	Var: 0.03162942556881951	Count: 99
