--------------------------------
top50
0.35555555555555557
0.17176470588235293
0.18024132730015083
0.11686274509803922
0.4266233766233766
0.23875181422351233
0.3178519593613933
0.36058700209643607
0.5064935064935064
0.21794871794871795
0.3053808525506639
0.5238959467634604
0.3941299790356394
0.45185185185185184
0.41103896103896104
0.4357142857142857
0.5084415584415585
0.36632996632996634
0.193815987933635
0.1207843137254902
0.24811463046757165
0.37306397306397304
0.9122807017543859
0.5587375803623612
0.19834087481146304
0.15183673469387754
0.6135593220338983
0.3925925925925926
0.6453551912568306
0.3616161616161616
0.10509803921568628
0.1607843137254902
0.05142857142857143
0.44415584415584414
0.24057315233785823
0.500302480338778
0.44675324675324674
0.3137665967854647
0.3018867924528302
0.9333561175666438
0.42207792207792205
0.15294117647058825
0.1568627450980392
0.2822931785195936
0.39191919191919194
0.9360902255639098
0.3548821548821549
0.27503628447024675
0.09387755102040816
0.3018867924528302
--------------------------------
top10
0.41818181818181815
0.0
0.044444444444444446
0.0
0.38181818181818183
0.06666666666666667
0.7575757575757576
0.509090909090909
0.7948717948717948
0.4909090909090909
0.6666666666666666
0.5909090909090909
0.9047619047619048
0.7121212121212122
0.34545454545454546
0.2222222222222222
0.8717948717948718
0.43636363636363634
0.38181818181818183
0.0
0.696969696969697
0.022222222222222223
0.7564102564102564
0.2
0.782051282051282
0.8461538461538461
0.06666666666666667
0.06666666666666667
0.6212121212121212
0.5757575757575758
0.38181818181818183
0.08888888888888889
0.6060606060606061
0.6
0.5909090909090909
0.06666666666666667
0.0
0.28888888888888886
0.36363636363636365
0.9238095238095239
0.7435897435897436
0.8571428571428571
0.8461538461538461
0.9120879120879121
0.38181818181818183
0.95
0.022222222222222223
0.06666666666666667
0.696969696969697
0.022222222222222223
--------------------------------
top5
0.7333333333333333
0.0
0.6666666666666666
0.0
0.2
0.2
0.9642857142857143
0.9047619047619048
1.0
0.8571428571428571
0.6
0.1
0.6
0.9642857142857143
0.0
0.6666666666666666
0.9047619047619048
0.9047619047619048
0.0
0.0
0.8571428571428571
0.1
0.6
0.8571428571428571
0.8571428571428571
0.9642857142857143
0.1
0.3
0.6
0.0
0.1
0.0
0.1
0.8571428571428571
0.1
0.3
0.0
0.9523809523809523
0.0
1.0
0.9642857142857143
0.8571428571428571
0.8571428571428571
0.8571428571428571
0.1
0.8571428571428571
0.6
0.6
0.7333333333333333
0.0
