--------------------------------
top-20
0.05263157894736842
0.12121212121212122
0.08658008658008658
0.10276679841897234
0.09090909090909091
0.05238095238095238
0.05789473684210526
0.18614718614718614
0.05627705627705628
0.1380952380952381
0.05194805194805195
0.11067193675889328
0.11255411255411256
0.245014245014245
0.12987012987012986
0.05789473684210526
0.1341991341991342
0.05238095238095238
0.07114624505928854
0.08571428571428572
0.1038961038961039
0.20333333333333334
0.22529644268774704
0.2683982683982684
0.16205533596837945
0.05789473684210526
0.13333333333333333
0.17391304347826086
0.15584415584415584
0.15810276679841898
0.09956709956709957
0.4131054131054131
0.07114624505928854
0.0761904761904762
0.27
0.47863247863247865
0.05714285714285714
0.29004329004329005
0.09782608695652174
0.08095238095238096
0.015789473684210527
0.023809523809523808
0.18181818181818182
0.16017316017316016
0.14285714285714285
0.18181818181818182
0.11255411255411256
0.09523809523809523
0.11462450592885376
0.05238095238095238
--------------------------------
top-10
0.09090909090909091
0.10909090909090909
0.06666666666666667
0.044444444444444446
0.10606060606060606
0.044444444444444446
0.14545454545454545
0.19696969696969696
0.07272727272727272
0.1111111111111111
0.06666666666666667
0.10909090909090909
0.12727272727272726
0.05454545454545454
0.2
0.03636363636363636
0.21212121212121213
0.0
0.022222222222222223
0.03636363636363636
0.23636363636363636
0.09090909090909091
0.25757575757575757
0.3076923076923077
0.14545454545454545
0.09090909090909091
0.2564102564102564
0.21794871794871795
0.12727272727272726
0.07272727272727272
0.10909090909090909
0.4666666666666667
0.022222222222222223
0.24444444444444444
0.2878787878787879
0.580952380952381
0.05454545454545454
0.13636363636363635
0.0
0.044444444444444446
0.022222222222222223
0.06666666666666667
0.18181818181818182
0.18181818181818182
0.16363636363636364
0.2727272727272727
0.2
0.05454545454545454
0.10909090909090909
0.08888888888888889
--------------------------------
top-5
0.06666666666666667
0.06666666666666667
0.06666666666666667
0.0
0.0
0.13333333333333333
0.2
0.26666666666666666
0.13333333333333333
0.06666666666666667
0.06666666666666667
0.06666666666666667
0.1
0.2
0.1
0.0
0.23809523809523808
0.0
0.1
0.06666666666666667
0.13333333333333333
0.0
0.3333333333333333
0.06666666666666667
0.2
0.2
0.2857142857142857
0.13333333333333333
0.4
0.0
0.2
0.4642857142857143
0.1
0.2857142857142857
0.06666666666666667
0.75
0.1
0.1
0.0
0.0
0.0
0.2
0.2
0.26666666666666666
0.26666666666666666
0.3333333333333333
0.38095238095238093
0.1
0.06666666666666667
0.2
--------------------------------
top-3
0.0
0.0
0.0
0.0
0.0
0.0
0.6666666666666666
0.3333333333333333
0.3333333333333333
0.0
0.0
0.0
0.3333333333333333
0.3333333333333333
0.0
0.0
0.0
0.0
0.16666666666666666
0.0
0.16666666666666666
0.0
0.16666666666666666
0.0
0.3333333333333333
0.16666666666666666
0.3333333333333333
0.16666666666666666
0.5
0.0
0.0
0.3333333333333333
0.16666666666666666
0.16666666666666666
0.0
0.8
0.3333333333333333
0.0
0.0
0.0
0.0
0.16666666666666666
0.3333333333333333
0.3333333333333333
0.16666666666666666
0.16666666666666666
0.16666666666666666
0.3333333333333333
0.0
0.16666666666666666

Average20: 0.13308051709287402	Count: 50
Average10: 0.13887623487623485	Count: 50
Average5: 0.1554285714285714	Count: 50
Average3: 0.15266666666666667	Count: 50
