--------------------------------
top-20
0.5014245014245015
0.1645021645021645
0.09090909090909091
0.3115942028985507
0.1645021645021645
0.04285714285714286
0.10476190476190476
0.34057971014492755
0.20553359683794467
0.22826086956521738
0.3566666666666667
0.1422924901185771
0.23
0.3076923076923077
0.28
0.4
0.19367588932806323
0.1341991341991342
0.14285714285714285
0.24242424242424243
0.17786561264822134
0.3475783475783476
0.3233333333333333
0.6166666666666667
0.18181818181818182
0.35327635327635326
0.38666666666666666
0.2753623188405797
0.2727272727272727
0.583743842364532
0.35333333333333333
0.5517241379310345
0.12648221343873517
0.1541501976284585
0.6430107526881721
0.6666666666666666
0.2833333333333333
0.4472934472934473
0.12121212121212122
0.09523809523809523
0.08095238095238096
0.35384615384615387
0.3442028985507246
0.48
0.19367588932806323
0.1341991341991342
0.16996047430830039
0.3384615384615385
0.1976284584980237
0.3333333333333333
--------------------------------
top-10
0.6857142857142857
0.10909090909090909
0.06666666666666667
0.3626373626373626
0.15151515151515152
0.0
0.23636363636363636
0.45054945054945056
0.25757575757575757
0.09090909090909091
0.4175824175824176
0.13333333333333333
0.24242424242424243
0.10909090909090909
0.24242424242424243
0.38461538461538464
0.22727272727272727
0.05454545454545454
0.1111111111111111
0.2878787878787879
0.18181818181818182
0.18181818181818182
0.3717948717948718
0.8823529411764706
0.24444444444444444
0.14545454545454545
0.5824175824175825
0.34615384615384615
0.2727272727272727
0.6416666666666667
0.4230769230769231
0.5714285714285714
0.05454545454545454
0.2
0.5523809523809524
0.7333333333333333
0.3333333333333333
0.46153846153846156
0.022222222222222223
0.09090909090909091
0.05454545454545454
0.3333333333333333
0.41025641025641024
0.5641025641025641
0.25757575757575757
0.13333333333333333
0.24444444444444444
0.22727272727272727
0.2
0.2692307692307692
--------------------------------
top-5
0.6071428571428571
0.06666666666666667
0.13333333333333333
0.0
0.2
0.0
0.38095238095238093
0.38095238095238093
0.2
0.06666666666666667
0.38095238095238093
0.06666666666666667
0.26666666666666666
0.2
0.3
0.0
0.26666666666666666
0.1
0.2
0.4
0.13333333333333333
0.06666666666666667
0.3333333333333333
1.0
0.4666666666666667
0.26666666666666666
0.8055555555555556
0.13333333333333333
0.4666666666666667
0.5714285714285714
0.38095238095238093
0.5714285714285714
0.2
0.26666666666666666
0.5714285714285714
0.8888888888888888
0.3333333333333333
0.42857142857142855
0.0
0.0
0.0
0.26666666666666666
0.38095238095238093
0.6190476190476191
0.3333333333333333
0.06666666666666667
0.47619047619047616
0.2
0.2857142857142857
0.2
--------------------------------
top-3
0.6
0.0
0.3333333333333333
0.0
0.16666666666666666
0.0
0.6666666666666666
0.3333333333333333
0.16666666666666666
0.0
0.16666666666666666
0.0
0.3333333333333333
0.3333333333333333
0.3333333333333333
0.0
0.3333333333333333
0.0
0.3333333333333333
0.5
0.0
0.0
0.16666666666666666
1.0
0.6
0.16666666666666666
0.7
0.3333333333333333
0.6
0.3333333333333333
0.16666666666666666
0.3333333333333333
0.3333333333333333
0.16666666666666666
0.5
1.0
0.3333333333333333
0.16666666666666666
0.0
0.0
0.0
0.3333333333333333
0.3333333333333333
1.0
0.3333333333333333
0.0
0.5
0.3333333333333333
0.0
0.16666666666666666

Average20: 0.28344952755701897	Count: 50
Average10: 0.2921762518527224	Count: 50
Average5: 0.29860317460317465	Count: 50
Average3: 0.2900000000000001	Count: 50
