--------------------------------
top-20
0.15810276679841898
0.1341991341991342
0.09881422924901186
0.16600790513833993
0.23376623376623376
0.16304347826086957
0.10822510822510822
0.2644927536231884
0.13438735177865613
0.12121212121212122
0.28
0.09047619047619047
0.13438735177865613
0.29914529914529914
0.09523809523809523
0.31076923076923074
0.19047619047619047
0.16600790513833993
0.11462450592885376
0.26811594202898553
0.2608695652173913
0.20948616600790515
0.22943722943722944
0.38
0.11428571428571428
0.24666666666666667
0.22510822510822512
0.26461538461538464
0.15151515151515152
0.36666666666666664
0.29
0.1341991341991342
0.21014492753623187
0.20476190476190476
0.32971014492753625
0.233201581027668
0.2318840579710145
0.49507389162561577
0.2246376811594203
0.1774891774891775
0.09047619047619047
0.20346320346320346
0.1038961038961039
0.30434782608695654
0.18181818181818182
0.17786561264822134
0.09956709956709957
0.20553359683794467
0.24333333333333335
0.2833333333333333
--------------------------------
top-10
0.21818181818181817
0.08888888888888889
0.1111111111111111
0.10909090909090909
0.31868131868131866
0.044444444444444446
0.2909090909090909
0.24242424242424243
0.14545454545454545
0.07272727272727272
0.16363636363636364
0.15555555555555556
0.07272727272727272
0.05454545454545454
0.05454545454545454
0.15151515151515152
0.2727272727272727
0.09090909090909091
0.15555555555555556
0.32051282051282054
0.2564102564102564
0.24358974358974358
0.3717948717948718
0.3787878787878788
0.2
0.2878787878787879
0.2545454545454545
0.18181818181818182
0.12727272727272726
0.4065934065934066
0.358974358974359
0.3111111111111111
0.10909090909090909
0.3076923076923077
0.4065934065934066
0.22727272727272727
0.25757575757575757
0.4065934065934066
0.13333333333333333
0.18181818181818182
0.1111111111111111
0.2727272727272727
0.21818181818181817
0.3956043956043956
0.2948717948717949
0.2
0.10909090909090909
0.38181818181818183
0.18181818181818182
0.19696969696969696
--------------------------------
top-5
0.2857142857142857
0.1
0.2
0.13333333333333333
0.1
0.0
0.2857142857142857
0.1
0.13333333333333333
0.0
0.13333333333333333
0.13333333333333333
0.06666666666666667
0.0
0.1
0.06666666666666667
0.2857142857142857
0.2
0.2
0.26666666666666666
0.1
0.06666666666666667
0.2857142857142857
0.5714285714285714
0.3333333333333333
0.4
0.38095238095238093
0.13333333333333333
0.2
0.3
0.3333333333333333
0.6
0.1
0.6
0.26666666666666666
0.38095238095238093
0.26666666666666666
0.2857142857142857
0.0
0.1
0.3
0.3333333333333333
0.4
0.38095238095238093
0.2
0.26666666666666666
0.13333333333333333
0.2857142857142857
0.13333333333333333
0.2
--------------------------------
top-3
0.0
0.0
0.6666666666666666
0.16666666666666666
0.16666666666666666
0.0
0.0
0.0
0.3333333333333333
0.0
0.0
0.0
0.0
0.0
0.3333333333333333
0.0
0.0
0.3333333333333333
0.3333333333333333
0.3333333333333333
0.0
0.0
0.0
0.8
0.5
0.16666666666666666
0.3333333333333333
0.3333333333333333
0.3333333333333333
0.3333333333333333
0.16666666666666666
0.9
0.16666666666666666
0.8
0.6666666666666666
0.16666666666666666
0.3333333333333333
0.0
0.0
0.16666666666666666
0.16666666666666666
0.3333333333333333
0.6666666666666666
0.16666666666666666
0.16666666666666666
0.16666666666666666
0.3333333333333333
0.0
0.0
0.16666666666666666

Average20: 0.20809759089819052	Count: 50
Average10: 0.2181016761016761	Count: 50
Average5: 0.2225714285714286	Count: 50
Average3: 0.21999999999999992	Count: 50
