--------------------------------
top-20
0.4150197628458498
0.35384615384615387
0.3170289855072464
0.3466666666666667
0.5024630541871922
0.36363636363636365
0.3891625615763547
0.4827586206896552
0.21333333333333335
0.18115942028985507
0.535632183908046
0.31054131054131057
0.520935960591133
0.2976190476190476
0.23550724637681159
0.30978260869565216
0.4100985221674877
0.12380952380952381
0.25833333333333336
0.45584045584045585
0.4482758620689655
0.46798029556650245
0.3862433862433862
0.38333333333333336
0.3005698005698006
0.19913419913419914
0.5494252873563218
0.3945868945868946
0.5049261083743842
0.45584045584045585
0.31076923076923074
0.5128205128205128
0.2536231884057971
0.4408866995073892
0.3373015873015873
0.4553846153846154
0.46551724137931033
0.5356125356125356
0.08095238095238096
0.09523809523809523
0.20652173913043478
0.4433497536945813
0.42165242165242167
0.5712250712250713
0.3994708994708995
0.4415954415954416
0.27666666666666667
0.396011396011396
0.3292307692307692
0.31384615384615383
--------------------------------
top-10
0.5714285714285714
0.3484848484848485
0.35714285714285715
0.32967032967032966
0.6
0.4835164835164835
0.25274725274725274
0.5333333333333333
0.14545454545454545
0.2692307692307692
0.5333333333333333
0.28205128205128205
0.6580882352941176
0.18181818181818182
0.2948717948717949
0.3476190476190476
0.4230769230769231
0.01818181818181818
0.37777777777777777
0.5666666666666667
0.5095238095238095
0.4
0.3516483516483517
0.5
0.23636363636363636
0.21212121212121213
0.6764705882352942
0.2948717948717949
0.6333333333333333
0.5
0.36363636363636365
0.45714285714285713
0.2692307692307692
0.41904761904761906
0.37362637362637363
0.5904761904761905
0.5110294117647058
0.6911764705882353
0.03636363636363636
0.05454545454545454
0.07575757575757576
0.4666666666666667
0.4065934065934066
0.7536764705882353
0.3333333333333333
0.575
0.30303030303030304
0.38461538461538464
0.28205128205128205
0.22727272727272727
--------------------------------
top-5
0.5357142857142857
0.2857142857142857
0.30952380952380953
0.2
0.6944444444444444
0.6428571428571429
0.1
0.5357142857142857
0.13333333333333333
0.4
0.42857142857142855
0.5
0.7444444444444445
0.4
0.3
0.06666666666666667
0.42857142857142855
0.0
0.5357142857142857
0.75
0.6071428571428571
0.13333333333333333
0.3333333333333333
0.75
0.38095238095238093
0.2
0.7444444444444445
0.26666666666666666
0.8333333333333334
0.5
0.38095238095238093
0.47619047619047616
0.06666666666666667
0.42857142857142855
0.30952380952380953
0.7222222222222222
0.23809523809523808
0.7777777777777778
0.0
0.1
0.0
0.5714285714285714
0.2857142857142857
0.7666666666666667
0.3333333333333333
0.6111111111111112
0.3333333333333333
0.23809523809523808
0.3333333333333333
0.2
--------------------------------
top-3
0.5
0.3333333333333333
0.16666666666666666
0.16666666666666666
0.8
0.8
0.0
0.6666666666666666
0.3333333333333333
0.8333333333333334
0.16666666666666666
0.6666666666666666
0.8
0.5
0.5
0.0
0.5
0.0
0.5
0.8
0.7
0.0
0.16666666666666666
0.8
0.5
0.16666666666666666
0.7666666666666667
0.16666666666666666
0.8
0.5
0.3333333333333333
0.6666666666666666
0.0
0.5
0.6666666666666666
0.9
0.0
0.8
0.0
0.3333333333333333
0.0
0.5
0.3333333333333333
0.7666666666666667
0.16666666666666666
0.5
0.16666666666666666
0.0
0.16666666666666666
0.16666666666666666

Average20: 0.36802334276862003	Count: 50
Average10: 0.38926198148256963	Count: 50
Average5: 0.39826984126984116	Count: 50
Average3: 0.4113333333333334	Count: 50
