--------------------------------
top-20
0.4268774703557312
0.4
0.33695652173913043
0.38
0.5911330049261084
0.37549407114624506
0.47783251231527096
0.5862068965517241
0.24666666666666667
0.2028985507246377
0.639080459770115
0.37037037037037035
0.6059113300492611
0.36772486772486773
0.2572463768115942
0.32971014492753625
0.49507389162561577
0.12380952380952381
0.29
0.5156695156695157
0.5344827586206896
0.5566502463054187
0.4603174603174603
0.4166666666666667
0.358974358974359
0.20346320346320346
0.6482758620689655
0.452991452991453
0.5935960591133005
0.5156695156695157
0.3569230769230769
0.5726495726495726
0.2753623188405797
0.5295566502463054
0.4126984126984127
0.5015384615384615
0.5678160919540229
0.5954415954415955
0.08095238095238096
0.09956709956709957
0.22826086956521738
0.5320197044334976
0.48148148148148145
0.6296296296296297
0.47354497354497355
0.5014245014245015
0.31
0.45584045584045585
0.37538461538461537
0.36
--------------------------------
top-10
0.6373626373626373
0.36363636363636365
0.4175824175824176
0.3956043956043956
0.725
0.5494505494505495
0.31868131868131866
0.6583333333333333
0.14545454545454545
0.3076923076923077
0.6583333333333333
0.32051282051282054
0.8014705882352942
0.19696969696969696
0.3333333333333333
0.4380952380952381
0.4835164835164835
0.01818181818181818
0.37777777777777777
0.6916666666666667
0.6
0.49523809523809526
0.4175824175824176
0.5384615384615384
0.23636363636363636
0.22727272727272727
0.8161764705882353
0.3333333333333333
0.7583333333333333
0.625
0.3787878787878788
0.5523809523809524
0.3076923076923077
0.5142857142857142
0.45054945054945056
0.6857142857142857
0.6617647058823529
0.8455882352941176
0.03636363636363636
0.05454545454545454
0.09090909090909091
0.5619047619047619
0.4725274725274725
0.9044117647058824
0.3717948717948718
0.7
0.3181818181818182
0.45054945054945056
0.32051282051282054
0.24242424242424243
--------------------------------
top-5
0.6428571428571429
0.3333333333333333
0.3333333333333333
0.2
0.8611111111111112
0.75
0.1
0.6428571428571429
0.13333333333333333
0.4
0.5357142857142857
0.5
0.9333333333333333
0.4
0.3
0.06666666666666667
0.47619047619047616
0.0
0.6428571428571429
0.8571428571428571
0.7142857142857143
0.13333333333333333
0.38095238095238093
0.9166666666666666
0.42857142857142855
0.2
0.9333333333333333
0.26666666666666666
1.0
0.6071428571428571
0.42857142857142855
0.5238095238095238
0.06666666666666667
0.47619047619047616
0.3333333333333333
0.8888888888888888
0.2857142857142857
1.0
0.0
0.1
0.0
0.6190476190476191
0.3333333333333333
0.9777777777777777
0.38095238095238093
0.7777777777777778
0.38095238095238093
0.2857142857142857
0.38095238095238093
0.2
--------------------------------
top-3
0.6
0.3333333333333333
0.16666666666666666
0.16666666666666666
1.0
1.0
0.0
0.6666666666666666
0.3333333333333333
0.8333333333333334
0.16666666666666666
0.6666666666666666
1.0
0.5
0.5
0.0
0.5
0.0
0.6
1.0
0.8
0.0
0.16666666666666666
1.0
0.6
0.16666666666666666
0.9333333333333333
0.16666666666666666
1.0
0.6
0.3333333333333333
0.6666666666666666
0.0
0.6
0.6666666666666666
1.0
0.0
1.0
0.0
0.3333333333333333
0.0
0.6
0.3333333333333333
0.9333333333333333
0.16666666666666666
0.6
0.16666666666666666
0.0
0.16666666666666666
0.16666666666666666

Average20: 0.42199683302981655	Count: 50
Average10: 0.4561461218520041	Count: 50
Average5: 0.46258730158730144	Count: 50
Average3: 0.46400000000000013	Count: 50
