--------------------------------
top-20
0.05263157894736842
0.12554112554112554
0.09090909090909091
0.11462450592885376
0.09523809523809523
0.05238095238095238
0.05789473684210526
0.19047619047619047
0.06060606060606061
0.1380952380952381
0.05627705627705628
0.1225296442687747
0.11688311688311688
0.30484330484330485
0.1341991341991342
0.05789473684210526
0.13852813852813853
0.05238095238095238
0.08300395256916997
0.08571428571428572
0.10822510822510822
0.23666666666666666
0.23715415019762845
0.2727272727272727
0.17391304347826086
0.05789473684210526
0.13333333333333333
0.1857707509881423
0.16017316017316016
0.16996047430830039
0.1038961038961039
0.47293447293447294
0.08300395256916997
0.0761904761904762
0.30666666666666664
0.5384615384615384
0.05714285714285714
0.2943722943722944
0.11956521739130435
0.08095238095238096
0.015789473684210527
0.023809523809523808
0.19367588932806323
0.1645021645021645
0.1471861471861472
0.19367588932806323
0.11688311688311688
0.09956709956709957
0.12648221343873517
0.05238095238095238
--------------------------------
top-10
0.09090909090909091
0.10909090909090909
0.06666666666666667
0.044444444444444446
0.12121212121212122
0.044444444444444446
0.14545454545454545
0.21212121212121213
0.07272727272727272
0.1111111111111111
0.06666666666666667
0.10909090909090909
0.12727272727272726
0.05454545454545454
0.2
0.03636363636363636
0.22727272727272727
0.0
0.022222222222222223
0.03636363636363636
0.23636363636363636
0.09090909090909091
0.2727272727272727
0.37362637362637363
0.14545454545454545
0.09090909090909091
0.2948717948717949
0.2564102564102564
0.12727272727272726
0.07272727272727272
0.10909090909090909
0.5619047619047619
0.022222222222222223
0.24444444444444444
0.3181818181818182
0.6761904761904762
0.05454545454545454
0.15151515151515152
0.0
0.044444444444444446
0.022222222222222223
0.06666666666666667
0.18181818181818182
0.18181818181818182
0.16363636363636364
0.2727272727272727
0.2
0.05454545454545454
0.10909090909090909
0.08888888888888889
--------------------------------
top-5
0.06666666666666667
0.06666666666666667
0.06666666666666667
0.0
0.0
0.13333333333333333
0.2
0.26666666666666666
0.13333333333333333
0.06666666666666667
0.06666666666666667
0.06666666666666667
0.1
0.2
0.1
0.0
0.2857142857142857
0.0
0.1
0.06666666666666667
0.13333333333333333
0.0
0.3333333333333333
0.06666666666666667
0.2
0.2
0.3333333333333333
0.13333333333333333
0.4
0.0
0.2
0.5714285714285714
0.1
0.3333333333333333
0.06666666666666667
0.9166666666666666
0.1
0.1
0.0
0.0
0.0
0.2
0.2
0.26666666666666666
0.26666666666666666
0.3333333333333333
0.42857142857142855
0.1
0.06666666666666667
0.2
--------------------------------
top-3
0.0
0.0
0.0
0.0
0.0
0.0
0.6666666666666666
0.3333333333333333
0.3333333333333333
0.0
0.0
0.0
0.3333333333333333
0.3333333333333333
0.0
0.0
0.0
0.0
0.16666666666666666
0.0
0.16666666666666666
0.0
0.16666666666666666
0.0
0.3333333333333333
0.16666666666666666
0.3333333333333333
0.16666666666666666
0.6
0.0
0.0
0.3333333333333333
0.16666666666666666
0.16666666666666666
0.0
1.0
0.3333333333333333
0.0
0.0
0.0
0.0
0.16666666666666666
0.3333333333333333
0.3333333333333333
0.16666666666666666
0.16666666666666666
0.16666666666666666
0.3333333333333333
0.0
0.16666666666666666

Average20: 0.14267218050192879	Count: 50
Average10: 0.14766411366411364	Count: 50
Average5: 0.1647142857142857	Count: 50
Average3: 0.15866666666666668	Count: 50
