--------------------------------
top-20
0.24110671936758893
0.19367588932806323
0.25
0.16996047430830039
0.22333333333333333
0.22134387351778656
0.16600790513833993
0.27
0.26153846153846155
0.16017316017316016
0.3476923076923077
0.19927536231884058
0.3333333333333333
0.16666666666666666
0.12987012987012986
0.40615384615384614
0.2536231884057971
0.1645021645021645
0.20666666666666667
0.2644927536231884
0.29846153846153844
0.19480519480519481
0.2463768115942029
0.3384615384615385
0.2648221343873518
0.2077922077922078
0.39492753623188404
0.341991341991342
0.2833333333333333
0.33201581027667987
0.32971014492753625
0.11428571428571428
0.15151515151515152
0.12121212121212122
0.36666666666666664
0.20553359683794467
0.2608695652173913
0.39076923076923076
0.12987012987012986
0.12987012987012986
0.10476190476190476
0.31620553359683795
0.2015810276679842
0.2833333333333333
0.233201581027668
0.43
0.27705627705627706
0.2427536231884058
0.37538461538461537
0.38769230769230767
--------------------------------
top-10
0.34615384615384615
0.12727272727272726
0.3090909090909091
0.16363636363636364
0.10909090909090909
0.5128205128205128
0.09090909090909091
0.18181818181818182
0.14545454545454545
0.2
0.2948717948717949
0.16363636363636364
0.38461538461538464
0.12121212121212122
0.19696969696969696
0.2564102564102564
0.2727272727272727
0.07272727272727272
0.17777777777777778
0.3717948717948718
0.30303030303030304
0.15151515151515152
0.14545454545454545
0.3787878787878788
0.4
0.2564102564102564
0.5054945054945055
0.49523809523809526
0.16363636363636364
0.3076923076923077
0.2948717948717949
0.14545454545454545
0.22727272727272727
0.2222222222222222
0.3333333333333333
0.24242424242424243
0.2
0.4945054945054945
0.022222222222222223
0.022222222222222223
0.022222222222222223
0.4230769230769231
0.3181818181818182
0.19696969696969696
0.22727272727272727
0.5164835164835165
0.38461538461538464
0.2878787878787879
0.38461538461538464
0.38461538461538464
--------------------------------
top-5
0.38095238095238093
0.2
0.5714285714285714
0.3333333333333333
0.06666666666666667
0.6071428571428571
0.0
0.2
0.2
0.4
0.06666666666666667
0.13333333333333333
0.38095238095238093
0.1
0.3
0.1
0.4
0.0
0.42857142857142855
0.2857142857142857
0.5
0.06666666666666667
0.1
0.3333333333333333
0.5714285714285714
0.0
0.38095238095238093
0.3333333333333333
0.06666666666666667
0.47619047619047616
0.1
0.26666666666666666
0.06666666666666667
0.38095238095238093
0.26666666666666666
0.38095238095238093
0.06666666666666667
0.6190476190476191
0.0
0.0
0.1
0.5714285714285714
0.5357142857142857
0.3333333333333333
0.2
0.5238095238095238
0.3333333333333333
0.2
0.13333333333333333
0.06666666666666667
--------------------------------
top-3
0.16666666666666666
0.3333333333333333
0.3333333333333333
0.16666666666666666
0.0
0.6
0.0
0.3333333333333333
0.3333333333333333
0.6666666666666666
0.0
0.3333333333333333
0.3333333333333333
0.0
0.5
0.0
0.5
0.0
0.3333333333333333
0.0
0.6666666666666666
0.0
0.3333333333333333
0.16666666666666666
0.3333333333333333
0.0
0.6666666666666666
0.6666666666666666
0.0
0.6
0.0
0.16666666666666666
0.0
0.3333333333333333
0.5
0.3333333333333333
0.0
0.7
0.0
0.0
0.16666666666666666
0.3333333333333333
0.16666666666666666
0.16666666666666666
0.3333333333333333
0.6666666666666666
0.3333333333333333
0.0
0.16666666666666666
0.0

Average20: 0.2516935267630919	Count: 50
Average10: 0.2591341991341991	Count: 50
Average5: 0.26257142857142857	Count: 50
Average3: 0.25466666666666665	Count: 50
