--------------------------------
top-20
0.4415954415954416
0.16017316017316016
0.08658008658008658
0.2898550724637681
0.16017316017316016
0.04285714285714286
0.10476190476190476
0.3188405797101449
0.19367588932806323
0.20652173913043478
0.3233333333333333
0.13043478260869565
0.19833333333333333
0.26153846153846155
0.245
0.36666666666666664
0.18181818181818182
0.12987012987012986
0.13852813852813853
0.23809523809523808
0.16798418972332016
0.28774928774928776
0.29
0.5833333333333334
0.16996047430830039
0.2934472934472934
0.35333333333333333
0.2536231884057971
0.2608695652173913
0.49507389162561577
0.32
0.4630541871921182
0.11462450592885376
0.1422924901185771
0.5279569892473118
0.5925925925925926
0.25166666666666665
0.38746438746438744
0.11688311688311688
0.09523809523809523
0.08095238095238096
0.3076923076923077
0.322463768115942
0.44666666666666666
0.18181818181818182
0.12987012987012986
0.15810276679841898
0.2923076923076923
0.1857707509881423
0.3
--------------------------------
top-10
0.5904761904761905
0.10909090909090909
0.06666666666666667
0.2967032967032967
0.13636363636363635
0.0
0.23636363636363636
0.38461538461538464
0.24242424242424243
0.09090909090909091
0.3516483516483517
0.13333333333333333
0.22727272727272727
0.10909090909090909
0.2196969696969697
0.31868131868131866
0.21212121212121213
0.05454545454545454
0.1111111111111111
0.2727272727272727
0.18181818181818182
0.18181818181818182
0.3333333333333333
0.7279411764705882
0.24444444444444444
0.14545454545454545
0.5164835164835165
0.3076923076923077
0.2727272727272727
0.5166666666666667
0.38461538461538464
0.47619047619047616
0.05454545454545454
0.2
0.46190476190476193
0.6083333333333333
0.2948717948717949
0.3956043956043956
0.022222222222222223
0.09090909090909091
0.05454545454545454
0.2948717948717949
0.3717948717948718
0.5256410256410257
0.24242424242424243
0.13333333333333333
0.24444444444444444
0.21212121212121213
0.2
0.23076923076923078
--------------------------------
top-5
0.5
0.06666666666666667
0.13333333333333333
0.0
0.2
0.0
0.3333333333333333
0.3333333333333333
0.2
0.06666666666666667
0.3333333333333333
0.06666666666666667
0.26666666666666666
0.2
0.25
0.0
0.26666666666666666
0.1
0.2
0.4
0.13333333333333333
0.06666666666666667
0.3333333333333333
0.7777777777777778
0.4666666666666667
0.26666666666666666
0.6388888888888888
0.13333333333333333
0.4666666666666667
0.4642857142857143
0.3333333333333333
0.4642857142857143
0.2
0.26666666666666666
0.5238095238095238
0.7222222222222222
0.3333333333333333
0.38095238095238093
0.0
0.0
0.0
0.26666666666666666
0.3333333333333333
0.5714285714285714
0.3333333333333333
0.06666666666666667
0.42857142857142855
0.2
0.23809523809523808
0.2
--------------------------------
top-3
0.5
0.0
0.3333333333333333
0.0
0.16666666666666666
0.0
0.6666666666666666
0.3333333333333333
0.16666666666666666
0.0
0.16666666666666666
0.0
0.3333333333333333
0.3333333333333333
0.3333333333333333
0.0
0.3333333333333333
0.0
0.3333333333333333
0.5
0.0
0.0
0.16666666666666666
0.8
0.5
0.16666666666666666
0.6
0.3333333333333333
0.5
0.3333333333333333
0.16666666666666666
0.3333333333333333
0.3333333333333333
0.16666666666666666
0.5
0.9
0.3333333333333333
0.16666666666666666
0.0
0.0
0.0
0.3333333333333333
0.3333333333333333
1.0
0.3333333333333333
0.0
0.5
0.3333333333333333
0.0
0.16666666666666666

Average20: 0.25582889352501487	Count: 50
Average10: 0.2618272772978655	Count: 50
Average5: 0.2705396825396825	Count: 50
Average3: 0.276	Count: 50
