--------------------------------
top-20
0.2450592885375494
0.27705627705627706
0.2648221343873518
0.27
0.4246153846153846
0.22380952380952382
0.4470899470899471
0.6137566137566137
0.27666666666666667
0.16996047430830039
0.5317460317460317
0.2318840579710145
0.3566666666666667
0.2318840579710145
0.2318840579710145
0.30434782608695654
0.3333333333333333
0.08225108225108226
0.14285714285714285
0.5669515669515669
0.4586894586894587
0.46825396825396826
0.25666666666666665
0.5608465608465608
0.33666666666666667
0.31333333333333335
0.3233333333333333
0.39
0.3566666666666667
0.4523809523809524
0.1471861471861472
0.5726495726495726
0.19480519480519481
0.37
0.5862068965517241
0.5498575498575499
0.4
0.5815384615384616
0.047619047619047616
0.05714285714285714
0.11688311688311688
0.3476923076923077
0.3466666666666667
0.44
0.3507692307692308
0.34782608695652173
0.18972332015810275
0.39886039886039887
0.4017094017094017
0.31666666666666665
--------------------------------
top-10
0.16666666666666666
0.3181818181818182
0.3717948717948718
0.18181818181818182
0.6025641025641025
0.5256410256410257
0.31868131868131866
0.6833333333333333
0.2545454545454545
0.10909090909090909
0.5714285714285714
0.16666666666666666
0.30303030303030304
0.21212121212121213
0.18181818181818182
0.12121212121212122
0.4090909090909091
0.03636363636363636
0.3333333333333333
0.7083333333333334
0.6571428571428571
0.4857142857142857
0.2564102564102564
0.6083333333333333
0.3333333333333333
0.2
0.4
0.47435897435897434
0.5384615384615384
0.358974358974359
0.26666666666666666
0.5916666666666667
0.3333333333333333
0.4175824175824176
0.6
0.7083333333333334
0.43956043956043955
0.8308823529411765
0.022222222222222223
0.022222222222222223
0.09090909090909091
0.2878787878787879
0.46153846153846156
0.6857142857142857
0.3717948717948718
0.6593406593406593
0.14545454545454545
0.45054945054945056
0.07272727272727272
0.21818181818181817
--------------------------------
top-5
0.26666666666666666
0.2857142857142857
0.3333333333333333
0.2
0.8214285714285714
0.75
0.1
0.8333333333333334
0.38095238095238093
0.26666666666666666
0.5357142857142857
0.1
0.4642857142857143
0.3333333333333333
0.2
0.13333333333333333
0.42857142857142855
0.0
0.5714285714285714
0.8571428571428571
0.7142857142857143
0.13333333333333333
0.13333333333333333
0.47619047619047616
0.5238095238095238
0.13333333333333333
0.7142857142857143
0.4666666666666667
0.8055555555555556
0.2
0.42857142857142855
0.3333333333333333
0.13333333333333333
0.42857142857142855
0.5
0.8888888888888888
0.2857142857142857
1.0
0.0
0.0
0.0
0.42857142857142855
0.2857142857142857
0.6428571428571429
0.38095238095238093
0.8055555555555556
0.3333333333333333
0.2857142857142857
0.2
0.13333333333333333
--------------------------------
top-3
0.6666666666666666
0.0
0.16666666666666666
0.16666666666666666
1.0
1.0
0.0
0.8
0.16666666666666666
0.5
0.16666666666666666
0.3333333333333333
0.3333333333333333
0.5
0.3333333333333333
0.0
0.3333333333333333
0.0
0.7
1.0
0.8
0.16666666666666666
0.16666666666666666
0.16666666666666666
0.6
0.0
0.7
0.7
0.7
0.3333333333333333
0.3333333333333333
0.3333333333333333
0.3333333333333333
0.6
0.16666666666666666
1.0
0.0
1.0
0.0
0.0
0.0
0.3333333333333333
0.0
0.5
0.16666666666666666
0.7
0.6
0.0
0.0
0.0

Average20: 0.33814565329168017	Count: 50
Average10: 0.37130007574125223	Count: 50
Average5: 0.393142857142857	Count: 50
Average3: 0.37133333333333335	Count: 50
