--------------------------------
top-20
0.14624505928853754
0.12987012987012986
0.08695652173913043
0.1541501976284585
0.22943722943722944
0.14130434782608695
0.1038961038961039
0.2427536231884058
0.1225296442687747
0.11688311688311688
0.23384615384615384
0.09047619047619047
0.1225296442687747
0.23931623931623933
0.09523809523809523
0.26461538461538464
0.18614718614718614
0.1541501976284585
0.10276679841897234
0.2463768115942029
0.2391304347826087
0.1976284584980237
0.22510822510822512
0.3466666666666667
0.11428571428571428
0.21333333333333335
0.22077922077922077
0.21846153846153846
0.1471861471861472
0.3333333333333333
0.25666666666666665
0.12987012987012986
0.18840579710144928
0.20476190476190476
0.3079710144927536
0.22134387351778656
0.21014492753623187
0.4064039408866995
0.2028985507246377
0.17316017316017315
0.09047619047619047
0.19913419913419914
0.09956709956709957
0.2826086956521739
0.1774891774891775
0.16600790513833993
0.09523809523809523
0.19367588932806323
0.21
0.25
--------------------------------
top-10
0.21818181818181817
0.08888888888888889
0.1111111111111111
0.10909090909090909
0.25274725274725274
0.044444444444444446
0.2909090909090909
0.22727272727272727
0.14545454545454545
0.07272727272727272
0.16363636363636364
0.15555555555555556
0.07272727272727272
0.05454545454545454
0.05454545454545454
0.13636363636363635
0.25757575757575757
0.09090909090909091
0.15555555555555556
0.28205128205128205
0.21794871794871795
0.20512820512820512
0.3333333333333333
0.36363636363636365
0.2
0.2727272727272727
0.2545454545454545
0.16666666666666666
0.12727272727272726
0.34065934065934067
0.32051282051282054
0.3111111111111111
0.10909090909090909
0.2692307692307692
0.34065934065934067
0.21212121212121213
0.24242424242424243
0.34065934065934067
0.13333333333333333
0.18181818181818182
0.1111111111111111
0.25757575757575757
0.21818181818181817
0.32967032967032966
0.2564102564102564
0.2
0.10909090909090909
0.38181818181818183
0.18181818181818182
0.18181818181818182
--------------------------------
top-5
0.23809523809523808
0.1
0.2
0.13333333333333333
0.1
0.0
0.23809523809523808
0.1
0.13333333333333333
0.0
0.13333333333333333
0.13333333333333333
0.06666666666666667
0.0
0.1
0.06666666666666667
0.23809523809523808
0.2
0.2
0.26666666666666666
0.1
0.06666666666666667
0.23809523809523808
0.5238095238095238
0.3333333333333333
0.4
0.3333333333333333
0.13333333333333333
0.2
0.3
0.2857142857142857
0.6
0.1
0.6
0.26666666666666666
0.3333333333333333
0.26666666666666666
0.23809523809523808
0.0
0.1
0.3
0.2857142857142857
0.4
0.3333333333333333
0.2
0.26666666666666666
0.13333333333333333
0.23809523809523808
0.13333333333333333
0.2
--------------------------------
top-3
0.0
0.0
0.6666666666666666
0.16666666666666666
0.16666666666666666
0.0
0.0
0.0
0.3333333333333333
0.0
0.0
0.0
0.0
0.0
0.3333333333333333
0.0
0.0
0.3333333333333333
0.3333333333333333
0.3333333333333333
0.0
0.0
0.0
0.7
0.5
0.16666666666666666
0.3333333333333333
0.3333333333333333
0.3333333333333333
0.3333333333333333
0.16666666666666666
0.8
0.16666666666666666
0.7
0.6666666666666666
0.16666666666666666
0.3333333333333333
0.0
0.0
0.16666666666666666
0.16666666666666666
0.3333333333333333
0.6666666666666666
0.16666666666666666
0.16666666666666666
0.16666666666666666
0.3333333333333333
0.0
0.0
0.16666666666666666

Average20: 0.19062451957504425	Count: 50
Average10: 0.20309335109335108	Count: 50
Average5: 0.21114285714285713	Count: 50
Average3: 0.21399999999999994	Count: 50
