--------------------------------
top-20
0.22924901185770752
0.18181818181818182
0.22826086956521738
0.15810276679841898
0.19
0.20948616600790515
0.1541501976284585
0.23666666666666666
0.2153846153846154
0.15584415584415584
0.30153846153846153
0.17753623188405798
0.3016666666666667
0.14492753623188406
0.12554112554112554
0.36
0.23369565217391305
0.16017316017316016
0.175
0.2427536231884058
0.2523076923076923
0.19047619047619047
0.2246376811594203
0.2923076923076923
0.25296442687747034
0.20346320346320346
0.375
0.33766233766233766
0.25
0.3201581027667984
0.3079710144927536
0.11428571428571428
0.1471861471861472
0.11688311688311688
0.3333333333333333
0.19367588932806323
0.2391304347826087
0.3446153846153846
0.12554112554112554
0.12554112554112554
0.10476190476190476
0.30434782608695654
0.18972332015810275
0.25
0.22134387351778656
0.39666666666666667
0.2727272727272727
0.2210144927536232
0.3292307692307692
0.3415384615384615
--------------------------------
top-10
0.3076923076923077
0.12727272727272726
0.3090909090909091
0.16363636363636364
0.10909090909090909
0.47435897435897434
0.09090909090909091
0.18181818181818182
0.14545454545454545
0.2
0.2564102564102564
0.16363636363636364
0.3525641025641026
0.10606060606060606
0.18181818181818182
0.21794871794871795
0.25757575757575757
0.07272727272727272
0.17777777777777778
0.3333333333333333
0.2878787878787879
0.13636363636363635
0.14545454545454545
0.36363636363636365
0.4
0.21794871794871795
0.44505494505494503
0.4
0.16363636363636364
0.2692307692307692
0.2564102564102564
0.14545454545454545
0.21212121212121213
0.2222222222222222
0.2948717948717949
0.22727272727272727
0.2
0.42857142857142855
0.022222222222222223
0.022222222222222223
0.022222222222222223
0.38461538461538464
0.30303030303030304
0.18181818181818182
0.21212121212121213
0.45054945054945056
0.34615384615384615
0.2727272727272727
0.31868131868131866
0.31868131868131866
--------------------------------
top-5
0.3333333333333333
0.2
0.4642857142857143
0.2857142857142857
0.06666666666666667
0.5
0.0
0.2
0.2
0.4
0.06666666666666667
0.13333333333333333
0.3333333333333333
0.1
0.3
0.1
0.4
0.0
0.38095238095238093
0.23809523809523808
0.5
0.06666666666666667
0.1
0.2857142857142857
0.4642857142857143
0.0
0.3333333333333333
0.3333333333333333
0.06666666666666667
0.42857142857142855
0.1
0.26666666666666666
0.06666666666666667
0.3333333333333333
0.26666666666666666
0.3333333333333333
0.06666666666666667
0.5714285714285714
0.0
0.0
0.1
0.4642857142857143
0.42857142857142855
0.2857142857142857
0.2
0.47619047619047616
0.2857142857142857
0.2
0.13333333333333333
0.06666666666666667
--------------------------------
top-3
0.16666666666666666
0.3333333333333333
0.3333333333333333
0.16666666666666666
0.0
0.5
0.0
0.3333333333333333
0.3333333333333333
0.6666666666666666
0.0
0.3333333333333333
0.3333333333333333
0.0
0.5
0.0
0.5
0.0
0.3333333333333333
0.0
0.6666666666666666
0.0
0.3333333333333333
0.16666666666666666
0.3333333333333333
0.0
0.6666666666666666
0.6666666666666666
0.0
0.5
0.0
0.16666666666666666
0.0
0.3333333333333333
0.5
0.3333333333333333
0.0
0.6
0.0
0.0
0.16666666666666666
0.3333333333333333
0.16666666666666666
0.16666666666666666
0.3333333333333333
0.6666666666666666
0.3333333333333333
0.0
0.16666666666666666
0.0

Average20: 0.23120580578841451	Count: 50
Average10: 0.23800699300699307	Count: 50
Average5: 0.2385238095238095	Count: 50
Average3: 0.24866666666666667	Count: 50
