--------------------------------
top-20
0.21428571428571427
0.603988603988604
0.06060606060606061
0.05411255411255411
0.2554112554112554
0.08658008658008658
0.08571428571428572
0.23809523809523808
0.25757575757575757
0.22134387351778656
0.06190476190476191
0.319047619047619
0.23333333333333334
0.15019762845849802
0.4591397849462366
0.18666666666666668
0.2683982683982684
0.04736842105263158
0.03463203463203463
0.06190476190476191
0.16233766233766234
0.05263157894736842
0.14285714285714285
0.0380952380952381
0.28078817733990147
0.15019762845849802
0.1357142857142857
0.04285714285714286
0.1225296442687747
0.04736842105263158
0.12121212121212122
0.30434782608695654
0.05238095238095238
0.3162393162393162
0.09047619047619047
0.04285714285714286
0.06493506493506493
0.23550724637681159
0.08947368421052632
0.18614718614718614
0.05
0.20346320346320346
0.015789473684210527
0.12666666666666668
0.24333333333333335
0.12681159420289856
0.12554112554112554
0.04329004329004329
0.14285714285714285
0.18115942028985507
0.14285714285714285
0.02368421052631579
0.03684210526315789
0.015789473684210527
0.23376623376623376
0.12121212121212122
0.25296442687747034
0.07142857142857142
0.06060606060606061
0.4189723320158103
0.06190476190476191
0.02619047619047619
0.14761904761904762
0.04329004329004329
0.021052631578947368
0.1523809523809524
0.10526315789473684
0.36923076923076925
0.0761904761904762
0.08658008658008658
0.09047619047619047
0.08571428571428572
0.06842105263157895
0.10952380952380952
0.18972332015810275
0.031578947368421054
0.05714285714285714
0.14761904761904762
0.03684210526315789
0.05263157894736842
0.1067193675889328
0.06190476190476191
0.1857707509881423
0.354978354978355
0.0761904761904762
0.11904761904761904
0.1341991341991342
0.04285714285714286
0.1383399209486166
0.13852813852813853
0.3507692307692308
0.12681159420289856
0.0735930735930736
0.010526315789473684
0.24308300395256918
0.05238095238095238
0.009523809523809525
0.10526315789473684
0.21666666666666667
0.023809523809523808
--------------------------------
top-10
0.24358974358974358
0.738562091503268
0.044444444444444446
0.044444444444444446
0.5
0.08888888888888889
0.06666666666666667
0.4340659340659341
0.22727272727272727
0.3090909090909091
0.09090909090909091
0.3619047619047619
0.45714285714285713
0.08888888888888889
0.3269230769230769
0.16363636363636364
0.41025641025641024
0.07272727272727272
0.0
0.022222222222222223
0.4909090909090909
0.15555555555555556
0.14545454545454545
0.022222222222222223
0.044444444444444446
0.2
0.30303030303030304
0.044444444444444446
0.0
0.1111111111111111
0.10909090909090909
0.5238095238095238
0.13333333333333333
0.38181818181818183
0.05454545454545454
0.1111111111111111
0.07272727272727272
0.35555555555555557
0.16363636363636364
0.16666666666666666
0.0
0.41025641025641024
0.01818181818181818
0.06666666666666667
0.3111111111111111
0.2
0.12727272727272726
0.0
0.23636363636363636
0.2
0.2727272727272727
0.044444444444444446
0.05454545454545454
0.044444444444444446
0.28205128205128205
0.14545454545454545
0.20512820512820512
0.044444444444444446
0.044444444444444446
0.5494505494505495
0.05454545454545454
0.01818181818181818
0.17424242424242425
0.06666666666666667
0.0
0.22727272727272727
0.3333333333333333
0.44871794871794873
0.05454545454545454
0.01818181818181818
0.16363636363636364
0.07272727272727272
0.18181818181818182
0.09090909090909091
0.3090909090909091
0.05454545454545454
0.15555555555555556
0.45454545454545453
0.13333333333333333
0.05454545454545454
0.21818181818181817
0.09090909090909091
0.3181818181818182
0.5256410256410257
0.08888888888888889
0.022222222222222223
0.09090909090909091
0.13333333333333333
0.12121212121212122
0.21212121212121213
0.34285714285714286
0.06666666666666667
0.10909090909090909
0.022222222222222223
0.22727272727272727
0.01818181818181818
0.0
0.2727272727272727
0.2222222222222222
0.07272727272727272
--------------------------------
top-5
0.1
0.7777777777777778
0.1
0.06666666666666667
0.5714285714285714
0.26666666666666666
0.06666666666666667
0.5714285714285714
0.13333333333333333
0.23809523809523808
0.1
0.13333333333333333
0.42857142857142855
0.0
0.36666666666666664
0.13333333333333333
0.3333333333333333
0.0
0.0
0.0
0.5555555555555556
0.2
0.1
0.1
0.06666666666666667
0.3333333333333333
0.4642857142857143
0.2
0.0
0.2
0.2
0.6111111111111112
0.3333333333333333
0.6071428571428571
0.0
0.2
0.1
0.5238095238095238
0.3333333333333333
0.3
0.0
0.42857142857142855
0.0
0.13333333333333333
0.47619047619047616
0.3333333333333333
0.13333333333333333
0.0
0.7
0.5333333333333333
0.4
0.0
0.0
0.0
0.3333333333333333
0.3
0.4
0.0
0.1
0.4642857142857143
0.0
0.0
0.2
0.3
0.0
0.13333333333333333
0.5333333333333333
0.6428571428571429
0.1
0.0
0.13333333333333333
0.0
0.4
0.1
0.4666666666666667
0.0
0.1
0.5357142857142857
0.3333333333333333
0.0
0.3333333333333333
0.06666666666666667
0.4666666666666667
0.6428571428571429
0.0
0.0
0.0
0.0
0.1
0.3333333333333333
0.06666666666666667
0.06666666666666667
0.0
0.0
0.4
0.0
0.0
0.2857142857142857
0.4
0.1
--------------------------------
top-3
0.0
0.8
0.0
0.0
0.7
0.3333333333333333
0.0
0.6
0.3333333333333333
0.0
0.3333333333333333
0.0
0.5
0.0
0.5833333333333334
0.3333333333333333
0.3333333333333333
0.0
0.0
0.0
0.55
0.3333333333333333
0.0
0.3333333333333333
0.0
0.3333333333333333
0.3333333333333333
0.4166666666666667
0.0
0.16666666666666666
0.16666666666666666
0.5
0.5
0.8
0.0
0.16666666666666666
0.0
0.7
0.3333333333333333
1.0
0.0
0.16666666666666666
0.0
0.16666666666666666
0.7
0.6666666666666666
0.16666666666666666
0.0
0.75
0.6666666666666666
0.5
0.0
0.0
0.0
0.16666666666666666
0.16666666666666666
0.6666666666666666
0.0
0.0
0.3333333333333333
0.0
0.0
0.6666666666666666
0.6666666666666666
0.0
0.0
0.5
0.8
0.0
0.0
0.0
0.0
0.5
0.3333333333333333
0.6666666666666666
0.0
0.0
0.6666666666666666
0.3333333333333333
0.0
0.5
0.0
0.6
0.5
0.0
0.0
0.0
0.0
0.16666666666666666
0.5
0.0
0.0
0.0
0.0
0.6666666666666666
0.0
0.0
0.16666666666666666
0.5
0.0

Average20: 0.13746633638168013	Var: 0.011762139537019482	Count: 100
Average10: 0.17780053932995105	Var: 0.02419493648106353	Count: 100
Average5: 0.21792063492063485	Var: 0.043923370874275634	Count: 100
Average3: 0.25333333333333335	Var: 0.07848888888888893	Count: 100
