--------------------------------
top-20
0.08225108225108226
0.02857142857142857
0.0380952380952381
0.09047619047619047
0.07792207792207792
0.005263157894736842
0.37666666666666665
0.11067193675889328
0.02857142857142857
0.20346320346320346
0.05263157894736842
0.05714285714285714
0.04285714285714286
0.05714285714285714
0.14210526315789473
0.06060606060606061
0.07142857142857142
0.009523809523809525
0.05263157894736842
0.06926406926406926
0.1
0.08225108225108226
0.06190476190476191
0.14285714285714285
0.010526315789473684
0.17316017316017315
0.015789473684210527
0.009523809523809525
0.010526315789473684
0.1471861471861472
0.11255411255411256
0.04736842105263158
0.005263157894736842
0.09523809523809523
0.05789473684210526
0.005263157894736842
0.11052631578947368
0.016666666666666666
0.06190476190476191
0.10822510822510822
0.06666666666666667
0.010526315789473684
0.08571428571428572
0.04736842105263158
0.10526315789473684
0.06060606060606061
0.021052631578947368
0.13333333333333333
0.10822510822510822
0.09047619047619047
0.04736842105263158
0.010526315789473684
0.18972332015810275
0.0
0.015789473684210527
0.06493506493506493
0.12380952380952381
0.015789473684210527
0.005263157894736842
0.11255411255411256
0.06315789473684211
0.01904761904761905
0.01904761904761905
0.12857142857142856
0.09523809523809523
0.12554112554112554
0.01904761904761905
0.06842105263157895
0.11904761904761904
0.047619047619047616
0.07894736842105263
0.0761904761904762
0.05238095238095238
0.042105263157894736
0.12121212121212122
0.0380952380952381
0.031578947368421054
0.05263157894736842
0.01904761904761905
0.07894736842105263
0.06666666666666667
0.010526315789473684
0.1503623188405797
0.015789473684210527
0.015789473684210527
0.01904761904761905
0.04329004329004329
0.08658008658008658
0.021052631578947368
0.07792207792207792
0.01904761904761905
0.015789473684210527
0.015789473684210527
0.10822510822510822
0.22510822510822512
0.03684210526315789
0.08441558441558442
0.01904761904761905
0.13852813852813853
0.015789473684210527
--------------------------------
top-10
0.07272727272727272
0.0
0.1111111111111111
0.14545454545454545
0.1111111111111111
0.0
0.49523809523809526
0.10909090909090909
0.0
0.30303030303030304
0.10909090909090909
0.03636363636363636
0.03636363636363636
0.0
0.14545454545454545
0.17777777777777778
0.15555555555555556
0.0
0.07272727272727272
0.022222222222222223
0.16363636363636364
0.09090909090909091
0.044444444444444446
0.19696969696969696
0.0
0.30303030303030304
0.022222222222222223
0.0
0.0
0.16363636363636364
0.09090909090909091
0.07272727272727272
0.0
0.2
0.1111111111111111
0.0
0.2727272727272727
0.03333333333333333
0.03636363636363636
0.01818181818181818
0.07272727272727272
0.0
0.14545454545454545
0.022222222222222223
0.2
0.01818181818181818
0.044444444444444446
0.2727272727272727
0.05454545454545454
0.14545454545454545
0.0
0.0
0.19696969696969696
0.0
0.0
0.022222222222222223
0.18181818181818182
0.0
0.0
0.03636363636363636
0.12121212121212122
0.022222222222222223
0.0
0.16363636363636364
0.16363636363636364
0.14545454545454545
0.0
0.2
0.21818181818181817
0.01818181818181818
0.18181818181818182
0.0
0.01818181818181818
0.08888888888888889
0.13333333333333333
0.0
0.0
0.13333333333333333
0.0
0.12727272727272726
0.05454545454545454
0.022222222222222223
0.10909090909090909
0.0
0.022222222222222223
0.0
0.0
0.0
0.03636363636363636
0.022222222222222223
0.0
0.0
0.05454545454545454
0.16363636363636364
0.21212121212121213
0.0
0.2
0.044444444444444446
0.13636363636363635
0.044444444444444446
--------------------------------
top-5
0.0
0.0
0.5
0.13333333333333333
0.13333333333333333
0.0
0.6428571428571429
0.2
0.0
0.23809523809523808
0.0
0.0
0.0
0.0
0.2
0.13333333333333333
0.26666666666666666
0.0
0.0
0.0
0.23809523809523808
0.2
0.13333333333333333
0.2
0.0
0.23809523809523808
0.1
0.0
0.0
0.2
0.0
0.0
0.0
0.38095238095238093
0.2
0.0
0.38095238095238093
0.0
0.1
0.0
0.0
0.0
0.13333333333333333
0.1
0.3333333333333333
0.0
0.0
0.4
0.0
0.13333333333333333
0.0
0.0
0.2
0.0
0.0
0.0
0.26666666666666666
0.0
0.0
0.0
0.0
0.1
0.0
0.26666666666666666
0.26666666666666666
0.3333333333333333
0.0
0.3333333333333333
0.42857142857142855
0.0
0.26666666666666666
0.0
0.0
0.06666666666666667
0.2
0.0
0.0
0.26666666666666666
0.0
0.06666666666666667
0.2
0.0
0.0
0.0
0.1
0.0
0.0
0.0
0.0
0.0
0.0
0.0
0.1
0.26666666666666666
0.4
0.0
0.3333333333333333
0.0
0.0
0.13333333333333333
--------------------------------
top-3
0.0
0.0
0.6
0.0
0.0
0.0
0.8
0.16666666666666666
0.0
0.0
0.0
0.0
0.0
0.0
0.3333333333333333
0.0
0.3333333333333333
0.0
0.0
0.0
0.0
0.16666666666666666
0.3333333333333333
0.16666666666666666
0.0
0.0
0.0
0.0
0.0
0.0
0.0
0.0
0.0
0.3333333333333333
0.3333333333333333
0.0
0.3333333333333333
0.0
0.0
0.0
0.0
0.0
0.0
0.16666666666666666
0.5
0.0
0.0
0.5
0.0
0.0
0.0
0.0
0.16666666666666666
0.0
0.0
0.0
0.3333333333333333
0.0
0.0
0.0
0.0
0.3333333333333333
0.0
0.3333333333333333
0.3333333333333333
0.5
0.0
0.5
0.6666666666666666
0.0
0.6666666666666666
0.0
0.0
0.0
0.16666666666666666
0.0
0.0
0.16666666666666666
0.0
0.0
0.6666666666666666
0.0
0.0
0.0
0.3333333333333333
0.0
0.0
0.0
0.0
0.0
0.0
0.0
0.3333333333333333
0.16666666666666666
0.5
0.0
0.5
0.0
0.0
0.3333333333333333

Average20: 0.06828392572339938	Count: 100
Average10: 0.08194227994227996	Count: 100
Average5: 0.10514285714285715	Count: 100
Average3: 0.12066666666666664	Count: 100
