--------------------------------
top-20
0.22924901185770752
0.35968379446640314
0.286231884057971
0.24833333333333332
0.45584045584045585
0.26666666666666666
0.3888888888888889
0.5812807881773399
0.2733333333333333
0.15019762845849802
0.4896551724137931
0.2536231884057971
0.33903133903133903
0.28442028985507245
0.20833333333333334
0.30632411067193677
0.3723076923076923
0.10822510822510822
0.19047619047619047
0.544973544973545
0.46825396825396826
0.4060846560846561
0.24
0.47354497354497355
0.30833333333333335
0.3292307692307692
0.31666666666666665
0.365
0.35384615384615387
0.3835978835978836
0.18181818181818182
0.4947089947089947
0.28833333333333333
0.35333333333333333
0.4935483870967742
0.48717948717948717
0.38461538461538464
0.5498575498575499
0.01904761904761905
0.09047619047619047
0.1645021645021645
0.29
0.3553846153846154
0.46
0.3230769230769231
0.3715415019762846
0.20948616600790515
0.3504273504273504
0.35327635327635326
0.30153846153846153
0.17316017316017315
0.2427536231884058
0.1341991341991342
0.1225296442687747
0.39076923076923076
0.44565217391304346
0.39492753623188404
0.16883116883116883
0.05714285714285714
0.2916666666666667
0.41502463054187194
0.35
0.2134387351778656
0.3
0.305
0.18972332015810275
0.2077922077922078
0.18840579710144928
0.25333333333333335
0.3496376811594203
0.34236453201970446
0.22134387351778656
0.11067193675889328
0.5965909090909091
0.46153846153846156
0.5172413793103449
0.3923076923076923
0.22833333333333333
0.458128078817734
0.25
0.25333333333333335
0.25
0.41846153846153844
0.5529100529100529
0.36923076923076925
0.5786290322580645
0.2608695652173913
0.12380952380952381
0.28442028985507245
0.34782608695652173
0.17391304347826086
0.2077922077922078
0.2536231884057971
0.28923076923076924
0.2717391304347826
0.25
0.2536231884057971
0.14624505928853754
0.45634920634920634
0.34
--------------------------------
top-10
0.15151515151515152
0.4725274725274725
0.34615384615384615
0.18181818181818182
0.6571428571428571
0.48717948717948717
0.26373626373626374
0.6
0.21212121212121213
0.1111111111111111
0.5166666666666667
0.26373626373626374
0.30303030303030304
0.3484848484848485
0.17272727272727273
0.1893939393939394
0.44871794871794873
0.07272727272727272
0.38181818181818183
0.6985294117647058
0.6333333333333333
0.32967032967032966
0.24358974358974358
0.44761904761904764
0.3269230769230769
0.21818181818181817
0.38181818181818183
0.4340659340659341
0.4835164835164835
0.3626373626373626
0.3090909090909091
0.4583333333333333
0.44871794871794873
0.3626373626373626
0.4380952380952381
0.5833333333333334
0.37362637362637363
0.7
0.022222222222222223
0.24444444444444444
0.16666666666666666
0.2878787878787879
0.4095238095238095
0.5958333333333333
0.4175824175824176
0.6373626373626373
0.23636363636363636
0.42857142857142855
0.15151515151515152
0.24242424242424243
0.16666666666666666
0.2878787878787879
0.14545454545454545
0.13636363636363635
0.36538461538461536
0.5934065934065934
0.4835164835164835
0.12727272727272726
0.10909090909090909
0.3484848484848485
0.3333333333333333
0.4945054945054945
0.45454545454545453
0.4065934065934066
0.3484848484848485
0.2727272727272727
0.19696969696969696
0.21818181818181817
0.34615384615384615
0.41208791208791207
0.2727272727272727
0.34615384615384615
0.022222222222222223
0.6470588235294118
0.5541666666666667
0.6397058823529411
0.3791208791208791
0.17307692307692307
0.5
0.33974358974358976
0.30303030303030304
0.22727272727272727
0.3952380952380952
0.5541666666666667
0.43956043956043955
0.6842105263157895
0.3626373626373626
0.3111111111111111
0.26282051282051283
0.4909090909090909
0.38181818181818183
0.4090909090909091
0.2692307692307692
0.18181818181818182
0.18181818181818182
0.2564102564102564
0.28205128205128205
0.3090909090909091
0.5333333333333333
0.3090909090909091
--------------------------------
top-5
0.2
0.6428571428571429
0.30952380952380953
0.2
0.7142857142857143
0.6428571428571429
0.2
0.7777777777777778
0.2
0.2
0.42857142857142855
0.13333333333333333
0.4107142857142857
0.6428571428571429
0.25
0.13333333333333333
0.4642857142857143
0.0
0.6666666666666666
0.6944444444444444
0.6666666666666666
0.13333333333333333
0.13333333333333333
0.38095238095238093
0.4666666666666667
0.13333333333333333
0.6071428571428571
0.5333333333333333
0.6388888888888888
0.26666666666666666
0.38095238095238093
0.2857142857142857
0.6785714285714286
0.38095238095238093
0.21428571428571427
0.7777777777777778
0.23809523809523808
0.7777777777777778
0.0
0.47619047619047616
0.3333333333333333
0.3333333333333333
0.23809523809523808
0.5535714285714286
0.42857142857142855
0.75
0.4666666666666667
0.42857142857142855
0.23809523809523808
0.13333333333333333
0.3333333333333333
0.3333333333333333
0.2
0.0
0.4
0.7857142857142857
0.38095238095238093
0.3
0.0
0.42857142857142855
0.0
0.5714285714285714
0.7142857142857143
0.3333333333333333
0.42857142857142855
0.3333333333333333
0.06666666666666667
0.42857142857142855
0.42857142857142855
0.4107142857142857
0.47619047619047616
0.5714285714285714
0.06666666666666667
0.7222222222222222
0.6785714285714286
0.6388888888888888
0.4
0.1
0.5357142857142857
0.23809523809523808
0.42857142857142855
0.23809523809523808
0.13333333333333333
0.6428571428571429
0.5333333333333333
0.6111111111111112
0.5333333333333333
0.5714285714285714
0.4666666666666667
0.44642857142857145
0.6527777777777778
0.5
0.42857142857142855
0.2
0.2
0.13333333333333333
0.26666666666666666
0.35714285714285715
0.7777777777777778
0.6666666666666666
--------------------------------
top-3
0.0
0.8
0.16666666666666666
0.16666666666666666
0.8
0.8
0.16666666666666666
0.8
0.16666666666666666
0.3333333333333333
0.16666666666666666
0.3333333333333333
0.3333333333333333
0.8
0.6666666666666666
0.0
0.3333333333333333
0.0
0.8
0.8
0.7
0.16666666666666666
0.16666666666666666
0.16666666666666666
0.5
0.0
0.6
0.7
0.6
0.3333333333333333
0.3333333333333333
0.3333333333333333
0.8
0.5
0.0
0.8
0.0
0.8
0.0
0.6
0.5
0.3333333333333333
0.0
0.45
0.16666666666666666
0.8
0.6
0.16666666666666666
0.0
0.0
0.16666666666666666
0.16666666666666666
0.16666666666666666
0.0
0.6666666666666666
0.8
0.5
0.16666666666666666
0.0
0.6666666666666666
0.0
0.7
0.8
0.16666666666666666
0.16666666666666666
0.5
0.0
0.3333333333333333
0.3333333333333333
0.16666666666666666
0.5
0.7
0.0
0.8
0.7
0.6
0.8333333333333334
0.3333333333333333
0.5
0.0
0.16666666666666666
0.0
0.0
0.9
0.5
0.5
0.6
0.7
0.6666666666666666
0.3333333333333333
0.7
0.5
0.3333333333333333
0.0
0.0
0.16666666666666666
0.4166666666666667
0.3333333333333333
0.8
0.6

Average20: 0.3135830025273779	Count: 100
Average10: 0.3552050503246324	Count: 100
Average5: 0.40078968253968233	Count: 100
Average3: 0.3920000000000002	Count: 100
