--------------------------------
top-20
0.30434782608695654
0.27898550724637683
0.10173160173160173
0.30666666666666664
0.4123076923076923
0.28063241106719367
0.3569230769230769
0.49
0.17316017316017315
0.21014492753623187
0.48677248677248675
0.1471861471861472
0.16847826086956522
0.3162393162393162
0.24818840579710144
0.3333333333333333
0.25691699604743085
0.11688311688311688
0.21428571428571427
0.52
0.3061594202898551
0.3507692307692308
0.30333333333333334
0.5466666666666666
0.17391304347826086
0.30153846153846153
0.391304347826087
0.2536231884057971
0.22924901185770752
0.4827586206896552
0.3466666666666667
0.45566502463054187
0.25691699604743085
0.25
0.521505376344086
0.5763546798029556
0.38756613756613756
0.5246305418719212
0.09523809523809523
0.08095238095238096
0.0761904761904762
0.2966666666666667
0.33695652173913043
0.43
0.20553359683794467
0.322463768115942
0.15810276679841898
0.30484330484330485
0.19367588932806323
0.26
0.18181818181818182
0.24333333333333335
0.25691699604743085
0.10476190476190476
0.1523809523809524
0.39920948616600793
0.39886039886039887
0.2
0.09523809523809523
0.23715415019762845
0.3646723646723647
0.38769230769230767
0.1341991341991342
0.28615384615384615
0.06666666666666667
0.18840579710144928
0.17391304347826086
0.11578947368421053
0.1038961038961039
0.13333333333333333
0.45806451612903226
0.18478260869565216
0.09047619047619047
0.6212121212121212
0.38333333333333336
0.5071225071225072
0.3630769230769231
0.26
0.5643939393939394
0.05714285714285714
0.1383399209486166
0.1541501976284585
0.28804347826086957
0.5150537634408602
0.2717391304347826
0.5396825396825397
0.16233766233766234
0.22857142857142856
0.18972332015810275
0.37681159420289856
0.15151515151515152
0.16017316017316016
0.2898550724637681
0.31054131054131057
0.23666666666666666
0.21212121212121213
0.16233766233766234
0.04285714285714286
0.3359683794466403
0.24110671936758893
--------------------------------
top-10
0.3956043956043956
0.4358974358974359
0.1111111111111111
0.31868131868131866
0.6083333333333333
0.4230769230769231
0.34065934065934067
0.55
0.25757575757575757
0.2
0.48333333333333334
0.24444444444444444
0.18181818181818182
0.38181818181818183
0.1987179487179487
0.31868131868131866
0.3717948717948718
0.05454545454545454
0.5111111111111111
0.6985294117647058
0.5
0.34285714285714286
0.358974358974359
0.6176470588235294
0.24444444444444444
0.24242424242424243
0.5714285714285714
0.3181818181818182
0.2727272727272727
0.5083333333333333
0.4065934065934066
0.47619047619047616
0.3717948717948718
0.3333333333333333
0.4142857142857143
0.6
0.42857142857142855
0.65
0.044444444444444446
0.09090909090909091
0.05454545454545454
0.2948717948717949
0.3974358974358974
0.4945054945054945
0.25757575757575757
0.5274725274725275
0.24444444444444444
0.22727272727272727
0.21818181818181817
0.21794871794871795
0.09090909090909091
0.24358974358974358
0.2196969696969697
0.09090909090909091
0.25757575757575757
0.6
0.4065934065934066
0.03636363636363636
0.07272727272727272
0.3974358974358974
0.3076923076923077
0.5238095238095238
0.14545454545454545
0.28205128205128205
0.12727272727272726
0.21818181818181817
0.16666666666666666
0.24242424242424243
0.18181818181818182
0.03636363636363636
0.5128205128205128
0.18181818181818182
0.044444444444444446
0.6797385620915033
0.45714285714285713
0.625
0.4358974358974359
0.22727272727272727
0.48333333333333334
0.022222222222222223
0.12121212121212122
0.2
0.38095238095238093
0.525
0.4230769230769231
0.7058823529411765
0.2545454545454545
0.3484848484848485
0.2878787878787879
0.5047619047619047
0.24242424242424243
0.19696969696969696
0.3939393939393939
0.2727272727272727
0.16363636363636364
0.36363636363636365
0.2
0.01818181818181818
0.5384615384615384
0.38181818181818183
--------------------------------
top-5
0.3333333333333333
0.5714285714285714
0.2
0.2
0.7222222222222222
0.6428571428571429
0.38095238095238093
0.5714285714285714
0.26666666666666666
0.4666666666666667
0.23809523809523808
0.3333333333333333
0.2
0.6071428571428571
0.05
0.0
0.42857142857142855
0.1
0.6785714285714286
0.7777777777777778
0.6666666666666666
0.06666666666666667
0.38095238095238093
0.6428571428571429
0.4666666666666667
0.3333333333333333
0.6388888888888888
0.13333333333333333
0.4666666666666667
0.38095238095238093
0.4642857142857143
0.5357142857142857
0.4642857142857143
0.42857142857142855
0.4666666666666667
0.7222222222222222
0.3333333333333333
0.7777777777777778
0.0
0.0
0.0
0.26666666666666666
0.42857142857142855
0.5714285714285714
0.3333333333333333
0.7222222222222222
0.4
0.2
0.2857142857142857
0.2
0.1
0.2
0.26666666666666666
0.0
0.23809523809523808
0.7222222222222222
0.47619047619047616
0.1
0.13333333333333333
0.6190476190476191
0.0
0.5714285714285714
0.5
0.3333333333333333
0.2857142857142857
0.3333333333333333
0.13333333333333333
0.26666666666666666
0.26666666666666666
0.0
0.6111111111111112
0.2
0.0
0.7222222222222222
0.5238095238095238
0.6111111111111112
0.5333333333333333
0.2
0.2857142857142857
0.1
0.1
0.3333333333333333
0.06666666666666667
0.4642857142857143
0.5238095238095238
0.7777777777777778
0.3333333333333333
0.5714285714285714
0.2857142857142857
0.7142857142857143
0.2
0.26666666666666666
0.6190476190476191
0.23809523809523808
0.13333333333333333
0.4666666666666667
0.0
0.0
0.7777777777777778
0.3333333333333333
--------------------------------
top-3
0.3333333333333333
0.6
0.6666666666666666
0.16666666666666666
0.8
0.8
1.0
0.7
0.16666666666666666
1.0
0.0
0.5
0.0
0.8
0.0
0.0
0.5
0.0
0.8
0.8
0.7
0.0
0.16666666666666666
0.8
0.5
0.16666666666666666
0.6
0.3333333333333333
0.5
0.5
0.3333333333333333
0.6666666666666666
0.3333333333333333
0.5
0.5
0.9
0.3333333333333333
0.8
0.0
0.0
0.0
0.3333333333333333
0.6666666666666666
0.7
0.3333333333333333
0.8
0.5
0.3333333333333333
0.16666666666666666
0.16666666666666666
0.16666666666666666
0.3333333333333333
0.3333333333333333
0.0
0.0
0.8
0.6
0.16666666666666666
0.3333333333333333
0.8
0.0
0.7
0.5
0.16666666666666666
0.3333333333333333
0.16666666666666666
0.3333333333333333
0.3333333333333333
0.16666666666666666
0.0
0.5
0.16666666666666666
0.0
0.8
0.6
0.5
0.5
0.3333333333333333
0.3333333333333333
0.16666666666666666
0.16666666666666666
0.16666666666666666
0.0
0.3333333333333333
0.5
0.8
0.6666666666666666
0.7
0.3333333333333333
0.8
0.3333333333333333
0.3333333333333333
0.7
0.0
0.0
0.5
0.0
0.0
0.8
0.3333333333333333

Average20: 0.27864023954056105	Count: 100
Average10: 0.3265394523776877	Count: 100
Average5: 0.3608571428571429	Count: 100
Average3: 0.39866666666666667	Count: 100
