--------------------------------
top-20
0.39384615384615385
0.233201581027668
0.26
0.21014492753623187
0.5107692307692308
0.13438735177865613
0.30952380952380953
0.43874643874643876
0.17028985507246377
0.1976284584980237
0.45
0.21014492753623187
0.24666666666666667
0.2028985507246377
0.1471861471861472
0.31
0.19480519480519481
0.09523809523809523
0.15584415584415584
0.5230769230769231
0.33666666666666667
0.36153846153846153
0.22943722943722944
0.2898550724637681
0.2509881422924901
0.1383399209486166
0.391304347826087
0.443019943019943
0.2683982683982684
0.2857142857142857
0.2391304347826087
0.4852216748768473
0.24166666666666667
0.35
0.4248768472906404
0.4700854700854701
0.30434782608695654
0.3188405797101449
0.05238095238095238
0.08095238095238096
0.05238095238095238
0.15810276679841898
0.2276923076923077
0.18297101449275363
0.22666666666666666
0.2134387351778656
0.19480519480519481
0.3507692307692308
0.16017316017316016
0.15584415584415584
0.11857707509881422
0.2644927536231884
0.2210144927536232
0.08300395256916997
0.34782608695652173
0.19523809523809524
0.3463203463203463
0.19927536231884058
0.14285714285714285
0.17193675889328064
0.4116809116809117
0.33766233766233766
0.21428571428571427
0.2717391304347826
0.301994301994302
0.2633333333333333
0.18972332015810275
0.11255411255411256
0.1645021645021645
0.22943722943722944
0.36772486772486773
0.24675324675324675
0.04285714285714286
0.5020161290322581
0.3148148148148148
0.2845849802371542
0.25181159420289856
0.25166666666666665
0.34
0.2028985507246377
0.12987012987012986
0.21739130434782608
0.329004329004329
0.35833333333333334
0.2536231884057971
0.5850574712643678
0.20948616600790515
0.17028985507246377
0.20952380952380953
0.3380952380952381
0.20948616600790515
0.1619047619047619
0.37333333333333335
0.2391304347826087
0.1774891774891775
0.2554112554112554
0.2644927536231884
0.15584415584415584
0.23550724637681159
0.32608695652173914
--------------------------------
top-10
0.4175824175824176
0.4230769230769231
0.28846153846153844
0.12121212121212122
0.6862745098039216
0.3090909090909091
0.2857142857142857
0.6095238095238096
0.09090909090909091
0.2
0.4725274725274725
0.16666666666666666
0.2909090909090909
0.30303030303030304
0.14545454545454545
0.24358974358974358
0.30128205128205127
0.022222222222222223
0.2222222222222222
0.7058823529411765
0.4725274725274725
0.38461538461538464
0.24358974358974358
0.2727272727272727
0.2
0.18181818181818182
0.34065934065934067
0.41904761904761906
0.41025641025641024
0.24242424242424243
0.34615384615384615
0.45714285714285713
0.509090909090909
0.5151515151515151
0.31868131868131866
0.5904761904761905
0.475
0.3076923076923077
0.08888888888888889
0.2
0.13333333333333333
0.3090909090909091
0.18181818181818182
0.2545454545454545
0.21794871794871795
0.4909090909090909
0.16363636363636364
0.3956043956043956
0.25757575757575757
0.2222222222222222
0.044444444444444446
0.2909090909090909
0.18181818181818182
0.07272727272727272
0.4551282051282051
0.4727272727272727
0.41904761904761906
0.3090909090909091
0.14545454545454545
0.14545454545454545
0.3523809523809524
0.4
0.3787878787878788
0.31868131868131866
0.15151515151515152
0.3484848484848485
0.16363636363636364
0.16666666666666666
0.25757575757575757
0.3333333333333333
0.358974358974359
0.38461538461538464
0.08888888888888889
0.3619047619047619
0.3090909090909091
0.5641025641025641
0.2196969696969697
0.14393939393939395
0.46153846153846156
0.21794871794871795
0.18181818181818182
0.2
0.34615384615384615
0.45604395604395603
0.32051282051282054
0.7843137254901961
0.25757575757575757
0.044444444444444446
0.32727272727272727
0.44761904761904764
0.2948717948717949
0.2878787878787879
0.45054945054945056
0.07272727272727272
0.2545454545454545
0.19696969696969696
0.24358974358974358
0.16666666666666666
0.2878787878787879
0.45454545454545453
--------------------------------
top-5
0.42857142857142855
0.6428571428571429
0.3333333333333333
0.2
0.75
0.5714285714285714
0.26666666666666666
0.6071428571428571
0.13333333333333333
0.2857142857142857
0.42857142857142855
0.13333333333333333
0.30952380952380953
0.47619047619047616
0.2
0.1
0.4666666666666667
0.0
0.7
0.7777777777777778
0.6071428571428571
0.2857142857142857
0.2
0.23809523809523808
0.2
0.2
0.2619047619047619
0.2
0.5
0.26666666666666666
0.13333333333333333
0.2857142857142857
0.6428571428571429
0.7777777777777778
0.23809523809523808
0.75
0.38095238095238093
0.4
0.26666666666666666
0.42857142857142855
0.3333333333333333
0.5
0.3333333333333333
0.26666666666666666
0.06666666666666667
0.9523809523809523
0.23809523809523808
0.23809523809523808
0.23809523809523808
0.23809523809523808
0.1
0.3333333333333333
0.2
0.0
0.44642857142857145
0.7857142857142857
0.2857142857142857
0.3333333333333333
0.38095238095238093
0.3
0.13333333333333333
0.26666666666666666
0.38095238095238093
0.2
0.1
0.8571428571428571
0.13333333333333333
0.1
0.6666666666666666
0.42857142857142855
0.4666666666666667
0.7619047619047619
0.26666666666666666
0.2
0.5714285714285714
0.6388888888888888
0.4
0.1
0.6666666666666666
0.0
0.3333333333333333
0.3333333333333333
0.2857142857142857
0.4642857142857143
0.13333333333333333
0.7777777777777778
0.26666666666666666
0.0
0.4666666666666667
0.42857142857142855
0.6
0.3333333333333333
0.4642857142857143
0.0
0.6
0.5333333333333333
0.30952380952380953
0.0
0.6666666666666666
0.4666666666666667
--------------------------------
top-3
0.6666666666666666
0.8
0.16666666666666666
0.16666666666666666
0.8
0.8
0.3333333333333333
0.7
0.0
0.3333333333333333
0.16666666666666666
0.0
0.16666666666666666
0.5
0.3333333333333333
0.0
0.6666666666666666
0.0
0.7
0.8
0.8
0.16666666666666666
0.3333333333333333
0.0
0.3333333333333333
0.0
0.16666666666666666
0.6666666666666666
0.5
0.3333333333333333
0.3333333333333333
0.3333333333333333
0.8
0.8
0.0
0.8
0.5
0.3333333333333333
0.3333333333333333
0.5
0.5
0.5
0.3333333333333333
0.6666666666666666
0.0
0.8
0.0
0.0
0.0
0.0
0.3333333333333333
0.16666666666666666
0.3333333333333333
0.0
0.3333333333333333
0.8
0.16666666666666666
0.3333333333333333
0.16666666666666666
0.6666666666666666
0.0
0.16666666666666666
0.5
0.16666666666666666
0.3333333333333333
0.8
0.0
0.0
0.9
0.16666666666666666
0.6
0.9
0.3333333333333333
0.16666666666666666
0.8
0.6
0.3333333333333333
0.16666666666666666
0.8
0.0
0.5
0.3333333333333333
0.16666666666666666
0.3333333333333333
0.3333333333333333
0.8
0.3333333333333333
0.0
0.5
0.16666666666666666
0.8
0.3333333333333333
0.3333333333333333
0.0
0.6
0.5
0.16666666666666666
0.0
0.7
0.6

Average20: 0.25871951505721763	Count: 100
Average10: 0.3050280258956729	Count: 100
Average5: 0.36447222222222214	Count: 100
Average3: 0.3746666666666668	Count: 100
