--------------------------------
top-20
0.30434782608695654
0.31225296442687744
0.05714285714285714
0.16304347826086957
0.4666666666666667
0.2826086956521739
0.37538461538461537
0.42028985507246375
0.015789473684210527
0.16600790513833993
0.39316239316239315
0.11255411255411256
0.13438735177865613
0.27076923076923076
0.18972332015810275
0.25333333333333335
0.2714285714285714
0.08225108225108226
0.15019762845849802
0.4603174603174603
0.26877470355731226
0.2885375494071146
0.22510822510822512
0.26666666666666666
0.12554112554112554
0.21739130434782608
0.2943722943722944
0.20652173913043478
0.19367588932806323
0.3333333333333333
0.2966666666666667
0.4497354497354497
0.3007246376811594
0.21212121212121213
0.3941798941798942
0.5415384615384615
0.32
0.48412698412698413
0.05238095238095238
0.06493506493506493
0.047619047619047616
0.18181818181818182
0.17028985507246377
0.2766798418972332
0.20346320346320346
0.3333333333333333
0.10822510822510822
0.1541501976284585
0.12648221343873517
0.1976284584980237
0.06493506493506493
0.19480519480519481
0.2134387351778656
0.042105263157894736
0.1038961038961039
0.3952569169960474
0.30666666666666664
0.12987012987012986
0.07792207792207792
0.15151515151515152
0.29347826086956524
0.22510822510822512
0.09523809523809523
0.18972332015810275
0.13043478260869565
0.1523809523809524
0.1380952380952381
0.06666666666666667
0.1225296442687747
0.11255411255411256
0.2246376811594203
0.17666666666666667
0.06315789473684211
0.5170454545454546
0.3723076923076923
0.4646153846153846
0.19367588932806323
0.25889328063241107
0.37037037037037035
0.07142857142857142
0.11904761904761904
0.07792207792207792
0.2964426877470356
0.32407407407407407
0.19047619047619047
0.5320197044334976
0.16883116883116883
0.20346320346320346
0.1038961038961039
0.2608695652173913
0.12554112554112554
0.12554112554112554
0.31620553359683795
0.24
0.19480519480519481
0.14761904761904762
0.09523809523809523
0.06190476190476191
0.30039525691699603
0.16205533596837945
--------------------------------
top-10
0.4230769230769231
0.5128205128205128
0.022222222222222223
0.18181818181818182
0.6470588235294118
0.4230769230769231
0.45714285714285713
0.5583333333333333
0.0
0.2727272727272727
0.49523809523809526
0.18181818181818182
0.13636363636363635
0.30303030303030304
0.19696969696969696
0.15151515151515152
0.34615384615384615
0.022222222222222223
0.4444444444444444
0.6911764705882353
0.44871794871794873
0.2967032967032967
0.30303030303030304
0.34615384615384615
0.23636363636363636
0.2948717948717949
0.45454545454545453
0.19696969696969696
0.2727272727272727
0.4175824175824176
0.44871794871794873
0.47619047619047616
0.4358974358974359
0.36363636363636365
0.2857142857142857
0.6333333333333333
0.38461538461538464
0.638095238095238
0.08888888888888889
0.16363636363636364
0.08888888888888889
0.19696969696969696
0.18181818181818182
0.2692307692307692
0.30303030303030304
0.5054945054945055
0.13333333333333333
0.2
0.15151515151515152
0.10909090909090909
0.0
0.16666666666666666
0.2727272727272727
0.01818181818181818
0.16363636363636364
0.6095238095238096
0.3974358974358974
0.08888888888888889
0.07272727272727272
0.41818181818181815
0.31868131868131866
0.4696969696969697
0.10909090909090909
0.12727272727272726
0.12727272727272726
0.36363636363636365
0.14545454545454545
0.12727272727272726
0.16363636363636364
0.03636363636363636
0.3939393939393939
0.05454545454545454
0.1111111111111111
0.4095238095238095
0.4835164835164835
0.6416666666666667
0.2878787878787879
0.1858974358974359
0.26373626373626374
0.17777777777777778
0.03636363636363636
0.17777777777777778
0.34065934065934067
0.2545454545454545
0.18181818181818182
0.7320261437908496
0.12727272727272726
0.3181818181818182
0.14545454545454545
0.47435897435897434
0.23636363636363636
0.16666666666666666
0.5
0.19696969696969696
0.2
0.3090909090909091
0.0
0.044444444444444446
0.5256410256410257
0.23636363636363636
--------------------------------
top-5
0.42857142857142855
0.6428571428571429
0.1
0.2
0.6944444444444444
0.6428571428571429
0.38095238095238093
0.6071428571428571
0.0
0.4666666666666667
0.42857142857142855
0.3333333333333333
0.13333333333333333
0.47619047619047616
0.2
0.0
0.38095238095238093
0.1
0.6785714285714286
0.7777777777777778
0.6785714285714286
0.06666666666666667
0.2857142857142857
0.5238095238095238
0.3333333333333333
0.4
0.4642857142857143
0.13333333333333333
0.38095238095238093
0.4
0.4642857142857143
0.5
0.6428571428571429
0.5714285714285714
0.1
0.7777777777777778
0.3333333333333333
0.7777777777777778
0.0
0.1
0.2
0.13333333333333333
0.5
0.13333333333333333
0.2857142857142857
0.7222222222222222
0.13333333333333333
0.23809523809523808
0.2
0.13333333333333333
0.0
0.2
0.3333333333333333
0.0
0.13333333333333333
0.7777777777777778
0.5714285714285714
0.13333333333333333
0.0
0.5714285714285714
0.06666666666666667
0.6428571428571429
0.2
0.2
0.1
0.47619047619047616
0.06666666666666667
0.13333333333333333
0.26666666666666666
0.0
0.42857142857142855
0.1
0.0
0.4666666666666667
0.6071428571428571
0.6111111111111112
0.38095238095238093
0.06666666666666667
0.1
0.4
0.0
0.06666666666666667
0.23809523809523808
0.3333333333333333
0.4
0.7777777777777778
0.13333333333333333
0.5238095238095238
0.06666666666666667
0.5714285714285714
0.2
0.2
0.5357142857142857
0.2
0.23809523809523808
0.42857142857142855
0.0
0.06666666666666667
0.7777777777777778
0.2
--------------------------------
top-3
0.5
0.8
0.3333333333333333
0.16666666666666666
0.8
0.8
0.3333333333333333
0.7
0.0
1.0
0.16666666666666666
0.5
0.0
0.5
0.16666666666666666
0.0
0.3333333333333333
0.3333333333333333
0.8
0.8
0.8
0.0
0.16666666666666666
0.7
0.5
0.16666666666666666
0.3333333333333333
0.3333333333333333
0.16666666666666666
0.5
0.3333333333333333
0.5
0.8
0.6
0.16666666666666666
0.8
0.3333333333333333
0.8
0.0
0.16666666666666666
0.16666666666666666
0.3333333333333333
0.6666666666666666
0.3333333333333333
0.16666666666666666
0.8
0.0
0.0
0.16666666666666666
0.16666666666666666
0.0
0.3333333333333333
0.3333333333333333
0.0
0.0
0.8
0.6
0.16666666666666666
0.0
0.8
0.0
0.7
0.6666666666666666
0.16666666666666666
0.3333333333333333
0.6666666666666666
0.0
0.0
0.16666666666666666
0.0
0.16666666666666666
0.3333333333333333
0.0
0.5
0.7
0.5
0.5
0.0
0.3333333333333333
0.5
0.0
0.0
0.0
0.5
0.5
0.8
0.0
0.7
0.0
0.8
0.3333333333333333
0.0
0.5
0.0
0.0
0.3333333333333333
0.0
0.0
0.8
0.16666666666666666

Average20: 0.22183447777800933	Count: 100
Average10: 0.2820291212055918	Count: 100
Average5: 0.32277777777777755	Count: 100
Average3: 0.3470000000000001	Count: 100
