--------------------------------
top-20
0.19473684210526315
0.45
0.09090909090909091
0.03333333333333333
0.2015810276679842
0.08300395256916997
0.12121212121212122
0.28095238095238095
0.16233766233766234
0.26
0.0380952380952381
0.2571428571428571
0.19047619047619047
0.23333333333333334
0.4273399014778325
0.20652173913043478
0.33152173913043476
0.09473684210526316
0.047619047619047616
0.05238095238095238
0.047619047619047616
0.10952380952380952
0.24285714285714285
0.04329004329004329
0.3066502463054187
0.22077922077922077
0.29004329004329005
0.19913419913419914
0.0380952380952381
0.05263157894736842
0.08225108225108226
0.28063241106719367
0.08225108225108226
0.28442028985507245
0.05627705627705628
0.015789473684210527
0.1067193675889328
0.15151515151515152
0.11052631578947368
0.22380952380952382
0.030303030303030304
0.1761904761904762
0.04329004329004329
0.10144927536231885
0.15263157894736842
0.09881422924901186
0.20346320346320346
0.0380952380952381
0.023809523809523808
0.10476190476190476
0.18095238095238095
0.018421052631578946
0.023809523809523808
0.10476190476190476
0.17532467532467533
0.2984189723320158
0.26
0.23376623376623376
0.09090909090909091
0.30333333333333334
0.15584415584415584
0.02857142857142857
0.08421052631578947
0.13333333333333333
0.023809523809523808
0.19480519480519481
0.09956709956709957
0.3415384615384615
0.07142857142857142
0.11688311688311688
0.10952380952380952
0.11255411255411256
0.07368421052631578
0.21666666666666667
0.20652173913043478
0.03684210526315789
0.28
0.1523809523809524
0.21904761904761905
0.04285714285714286
0.07142857142857142
0.0761904761904762
0.19367588932806323
0.3593073593073593
0.21645021645021645
0.0735930735930736
0.1471861471861472
0.15810276679841898
0.25333333333333335
0.06060606060606061
0.4060846560846561
0.10144927536231885
0.03463203463203463
0.1383399209486166
0.15584415584415584
0.11904761904761904
0.09473684210526316
0.18947368421052632
0.20652173913043478
0.11052631578947368
--------------------------------
top-10
0.21794871794871795
0.5333333333333333
0.022222222222222223
0.08888888888888889
0.18181818181818182
0.03636363636363636
0.2727272727272727
0.5
0.11818181818181818
0.32727272727272727
0.05454545454545454
0.3626373626373626
0.3516483516483517
0.2857142857142857
0.3241758241758242
0.3141025641025641
0.46153846153846156
0.19696969696969696
0.05454545454545454
0.05454545454545454
0.09090909090909091
0.2
0.19696969696969696
0.022222222222222223
0.3333333333333333
0.4090909090909091
0.3717948717948718
0.2
0.0
0.12727272727272726
0.03636363636363636
0.4725274725274725
0.07272727272727272
0.3484848484848485
0.0
0.06666666666666667
0.09090909090909091
0.26666666666666666
0.26666666666666666
0.18181818181818182
0.0
0.28205128205128205
0.01818181818181818
0.06666666666666667
0.22727272727272727
0.12727272727272726
0.16363636363636364
0.07575757575757576
0.06666666666666667
0.044444444444444446
0.21212121212121213
0.03636363636363636
0.022222222222222223
0.24242424242424243
0.12878787878787878
0.2967032967032967
0.15151515151515152
0.27564102564102566
0.022222222222222223
0.3717948717948718
0.22527472527472528
0.0
0.044444444444444446
0.26666666666666666
0.022222222222222223
0.32051282051282054
0.15555555555555556
0.34615384615384615
0.044444444444444446
0.01818181818181818
0.23636363636363636
0.06666666666666667
0.24444444444444444
0.15555555555555556
0.22727272727272727
0.03636363636363636
0.3181818181818182
0.4393939393939394
0.38461538461538464
0.044444444444444446
0.16363636363636364
0.08888888888888889
0.2692307692307692
0.5757575757575758
0.358974358974359
0.06666666666666667
0.12121212121212122
0.09090909090909091
0.30303030303030304
0.07272727272727272
0.32967032967032966
0.0
0.044444444444444446
0.08888888888888889
0.18181818181818182
0.17777777777777778
0.2545454545454545
0.32051282051282054
0.2222222222222222
0.20512820512820512
--------------------------------
top-5
0.0
0.5
0.0
0.0
0.3333333333333333
0.0
0.3333333333333333
0.6607142857142857
0.13333333333333333
0.2857142857142857
0.0
0.23809523809523808
0.23809523809523808
0.0
0.36666666666666664
0.7
0.38095238095238093
0.2
0.1
0.1
0.0
0.06666666666666667
0.13333333333333333
0.1
0.4642857142857143
0.23809523809523808
0.3333333333333333
0.06666666666666667
0.0
0.2
0.0
0.5357142857142857
0.1
0.6428571428571429
0.0
0.06666666666666667
0.1
0.7
0.3333333333333333
0.3333333333333333
0.0
0.06666666666666667
0.0
0.06666666666666667
0.13333333333333333
0.13333333333333333
0.26666666666666666
0.0
0.0
0.06666666666666667
0.4
0.1
0.0
0.38095238095238093
0.06666666666666667
0.06666666666666667
0.3
0.13333333333333333
0.0
0.3333333333333333
0.0
0.0
0.06666666666666667
0.26666666666666666
0.1
0.2857142857142857
0.26666666666666666
0.2
0.0
0.0
0.5
0.2
0.2
0.06666666666666667
0.5
0.0
0.38095238095238093
0.4642857142857143
0.23809523809523808
0.0
0.3333333333333333
0.1
0.2
0.5972222222222222
0.23809523809523808
0.06666666666666667
0.1
0.1
0.42857142857142855
0.13333333333333333
0.13333333333333333
0.0
0.0
0.13333333333333333
0.4
0.13333333333333333
0.2857142857142857
0.23809523809523808
0.3333333333333333
0.13333333333333333
--------------------------------
top-3
0.0
0.5
0.0
0.0
0.5
0.0
0.5
0.8
0.3333333333333333
0.3333333333333333
0.0
0.0
0.0
0.0
0.5833333333333334
0.6
0.3333333333333333
0.3333333333333333
0.0
0.0
0.0
0.0
0.0
0.3333333333333333
0.3333333333333333
0.0
0.16666666666666666
0.0
0.0
0.16666666666666666
0.0
0.5
0.3333333333333333
0.8
0.0
0.0
0.3333333333333333
0.6
0.3333333333333333
0.5
0.0
0.0
0.0
0.0
0.0
0.0
0.6666666666666666
0.0
0.0
0.0
0.3333333333333333
0.3333333333333333
0.0
0.3333333333333333
0.0
0.0
0.5
0.3333333333333333
0.0
0.3333333333333333
0.0
0.0
0.0
0.6666666666666666
0.16666666666666666
0.3333333333333333
0.3333333333333333
0.3333333333333333
0.0
0.0
0.55
0.3333333333333333
0.16666666666666666
0.0
0.5
0.3333333333333333
0.16666666666666666
0.3333333333333333
0.0
0.0
0.5
0.0
0.3333333333333333
0.5
0.0
0.0
0.3333333333333333
0.16666666666666666
0.16666666666666666
0.3333333333333333
0.16666666666666666
0.0
0.0
0.3333333333333333
0.6666666666666666
0.3333333333333333
0.16666666666666666
0.0
0.5
0.3333333333333333

Average20: 0.1523115540137871	Var: 0.009944803193623501	Count: 100
Average10: 0.1887814962814963	Var: 0.019454447471828014	Count: 100
Average5: 0.19322222222222213	Var: 0.033385275510204086	Count: 100
Average3: 0.21100000000000002	Var: 0.051628999999999974	Count: 100
