--------------------------------
top-20
0.10952380952380952
0.1422924901185771
0.023809523809523808
0.03684210526315789
0.15584415584415584
0.20948616600790515
0.18769230769230769
0.15584415584415584
0.010526315789473684
0.05789473684210526
0.13438735177865613
0.031578947368421054
0.06666666666666667
0.07142857142857142
0.10952380952380952
0.03463203463203463
0.13852813852813853
0.010526315789473684
0.07368421052631578
0.13438735177865613
0.18181818181818182
0.0761904761904762
0.02857142857142857
0.042105263157894736
0.015789473684210527
0.15714285714285714
0.047619047619047616
0.009523809523809525
0.0380952380952381
0.06190476190476191
0.1
0.015789473684210527
0.14285714285714285
0.06060606060606061
0.04736842105263158
0.03333333333333333
0.15579710144927536
0.37538461538461537
0.015789473684210527
0.03684210526315789
0.010526315789473684
0.031578947368421054
0.015789473684210527
0.05714285714285714
0.015789473684210527
0.2450592885375494
0.015789473684210527
0.06315789473684211
0.042105263157894736
0.02631578947368421
0.010526315789473684
0.010526315789473684
0.06666666666666667
0.014285714285714285
0.049783549783549784
0.22924901185770752
0.15810276679841898
0.009523809523809525
0.009523809523809525
0.06842105263157895
0.08571428571428572
0.03684210526315789
0.02631578947368421
0.02631578947368421
0.042105263157894736
0.11052631578947368
0.03684210526315789
0.010526315789473684
0.10526315789473684
0.04736842105263158
0.19913419913419914
0.05263157894736842
0.015789473684210527
0.03684210526315789
0.17316017316017315
0.2572463768115942
0.015789473684210527
0.03684210526315789
0.023809523809523808
0.05714285714285714
0.02857142857142857
0.015789473684210527
0.1038961038961039
0.023809523809523808
0.01904761904761905
0.08225108225108226
0.010526315789473684
0.10476190476190476
0.021052631578947368
0.06315789473684211
0.015789473684210527
0.01904761904761905
0.015789473684210527
0.05714285714285714
0.11904761904761904
0.010526315789473684
0.04736842105263158
0.031578947368421054
0.27898550724637683
0.07142857142857142
--------------------------------
top-10
0.2545454545454545
0.09090909090909091
0.022222222222222223
0.15555555555555556
0.03636363636363636
0.28205128205128205
0.07272727272727272
0.14545454545454545
0.022222222222222223
0.18181818181818182
0.10606060606060606
0.044444444444444446
0.12878787878787878
0.05454545454545454
0.22727272727272727
0.022222222222222223
0.24242424242424243
0.022222222222222223
0.2222222222222222
0.07272727272727272
0.22727272727272727
0.07272727272727272
0.08888888888888889
0.10909090909090909
0.01818181818181818
0.2878787878787879
0.08888888888888889
0.0
0.044444444444444446
0.2
0.2545454545454545
0.044444444444444446
0.12121212121212122
0.05454545454545454
0.16363636363636364
0.022222222222222223
0.1111111111111111
0.5333333333333333
0.044444444444444446
0.1111111111111111
0.0
0.1111111111111111
0.022222222222222223
0.022222222222222223
0.022222222222222223
0.3626373626373626
0.022222222222222223
0.05454545454545454
0.08888888888888889
0.01818181818181818
0.01818181818181818
0.0
0.26666666666666666
0.0
0.01818181818181818
0.34065934065934067
0.2
0.0
0.022222222222222223
0.2222222222222222
0.10909090909090909
0.044444444444444446
0.06666666666666667
0.06666666666666667
0.07272727272727272
0.12727272727272726
0.03636363636363636
0.044444444444444446
0.21818181818181817
0.03636363636363636
0.2878787878787879
0.022222222222222223
0.06666666666666667
0.10909090909090909
0.25757575757575757
0.21794871794871795
0.0
0.05454545454545454
0.07272727272727272
0.13333333333333333
0.022222222222222223
0.022222222222222223
0.14545454545454545
0.044444444444444446
0.022222222222222223
0.03636363636363636
0.022222222222222223
0.32727272727272727
0.05454545454545454
0.17777777777777778
0.022222222222222223
0.05454545454545454
0.03636363636363636
0.12727272727272726
0.13636363636363635
0.0
0.09090909090909091
0.022222222222222223
0.44871794871794873
0.08888888888888889
--------------------------------
top-5
0.3333333333333333
0.0
0.1
0.13333333333333333
0.1
0.26666666666666666
0.0
0.4
0.06666666666666667
0.4
0.0
0.2
0.06666666666666667
0.0
0.6
0.1
0.26666666666666666
0.1
0.3333333333333333
0.0
0.38095238095238093
0.13333333333333333
0.2
0.3
0.0
0.42857142857142855
0.0
0.0
0.0
0.38095238095238093
0.3333333333333333
0.2
0.0
0.0
0.4
0.06666666666666667
0.3333333333333333
0.6388888888888888
0.0
0.0
0.0
0.0
0.1
0.1
0.1
0.23809523809523808
0.0
0.1
0.2
0.0
0.0
0.0
0.3333333333333333
0.0
0.0
0.13333333333333333
0.47619047619047616
0.0
0.1
0.42857142857142855
0.06666666666666667
0.06666666666666667
0.0
0.13333333333333333
0.2
0.13333333333333333
0.0
0.2
0.3333333333333333
0.0
0.2857142857142857
0.0
0.1
0.06666666666666667
0.3333333333333333
0.13333333333333333
0.0
0.0
0.2
0.4
0.0
0.0
0.13333333333333333
0.06666666666666667
0.0
0.1
0.0
0.5238095238095238
0.0
0.6
0.0
0.0
0.0
0.13333333333333333
0.06666666666666667
0.0
0.0
0.1
0.6111111111111112
0.06666666666666667
--------------------------------
top-3
0.16666666666666666
0.0
0.3333333333333333
0.0
0.16666666666666666
0.3333333333333333
0.0
0.5
0.0
0.6666666666666666
0.0
0.6666666666666666
0.0
0.0
0.7
0.16666666666666666
0.3333333333333333
0.3333333333333333
0.16666666666666666
0.0
0.3333333333333333
0.0
0.16666666666666666
0.6666666666666666
0.0
0.16666666666666666
0.0
0.0
0.0
0.3333333333333333
0.16666666666666666
0.6666666666666666
0.0
0.0
0.5
0.0
0.3333333333333333
0.6
0.0
0.0
0.0
0.0
0.3333333333333333
0.0
0.3333333333333333
0.0
0.0
0.3333333333333333
0.16666666666666666
0.0
0.0
0.0
0.6666666666666666
0.0
0.0
0.3333333333333333
0.6666666666666666
0.0
0.0
0.5
0.0
0.0
0.0
0.0
0.3333333333333333
0.0
0.0
0.6666666666666666
0.3333333333333333
0.0
0.3333333333333333
0.0
0.3333333333333333
0.0
0.16666666666666666
0.3333333333333333
0.0
0.0
0.16666666666666666
0.5
0.0
0.0
0.0
0.0
0.0
0.3333333333333333
0.0
0.7
0.0
0.7
0.0
0.0
0.0
0.0
0.0
0.0
0.0
0.16666666666666666
0.5
0.0

Average20: 0.07223267419079772	Count: 100
Average10: 0.1076363081363081	Count: 100
Average5: 0.1462619047619047	Count: 100
Average3: 0.17366666666666672	Count: 100
