0 1
1 1
2 1
3 1
4 2
5 2
6 3
7 3
8 3
9 3
10 3
11 3
12 3
13 3
14 3
15 4
17 4
16 5
19 3
18 3
21 3
20 3
23 2
22 2
25 2
24 2
27 2
26 2
29 2
28 2
31 2
30 2
34 7
35 7
32 2
33 7
38 7
39 7
36 7
37 7
42 7
43 7
40 7
41 7
46 7
47 8
44 7
45 7
51 8
50 8
49 8
48 8
55 6
54 6
53 6
52 6
59 6
58 6
57 6
56 6
63 7
62 3
61 7
60 9
68 7
69 3
70 7
71 3
64 3
65 7
66 3
67 7
76 6
77 6
78 6
79 6
72 3
73 3
74 3
75 3
85 7
84 7
87 7
86 7
81 7
80 6
83 7
82 7
93 3
92 3
95 3
94 3
89 7
88 7
91 3
90 3
102 8
103 8
100 8
101 8
98 8
99 8
96 3
97 3
110 2
111 2
108 2
109 2
106 8
107 8
104 8
105 8
119 8
118 8
117 8
116 3
115 2
114 2
113 2
112 2
127 3
126 3
125 3
124 3
123 8
122 8
121 8
120 8
137 3
136 3
139 3
138 3
141 3
140 3
143 3
142 3
129 3
128 3
131 3
130 3
133 9
132 3
135 3
134 3
152 2
153 2
154 3
155 3
156 3
157 3
158 3
159 3
144 3
145 3
146 3
147 3
148 2
149 2
150 2
151 2
171 9
170 3
169 3
168 3
175 9
174 10
173 10
172 10
163 9
162 9
161 9
160 9
167 3
166 9
165 9
164 9
186 11
187 11
184 11
185 11
190 3
191 3
188 11
189 11
178 10
179 10
176 10
177 10
182 11
183 11
180 10
181 10
205 8
204 8
207 8
206 8
201 9
200 9
203 8
202 9
197 8
196 8
199 9
198 9
193 8
192 8
195 8
194 8
220 3
221 3
222 3
223 3
216 7
217 7
218 7
219 7
212 7
213 7
214 7
215 7
208 8
209 8
210 8
211 7
239 3
238 3
237 3
236 3
235 3
234 3
233 3
232 3
231 3
230 9
229 3
228 9
227 3
226 3
225 3
224 3
254 3
255 3
252 7
253 7
250 7
251 7
248 7
249 7
246 7
247 7
244 7
245 7
242 3
243 3
240 3
241 3
275 3
274 3
273 7
272 7
279 3
278 3
277 3
276 3
283 3
282 3
281 3
280 3
287 3
286 3
285 3
284 3
258 3
259 3
256 3
257 3
262 3
263 3
260 3
261 3
266 7
267 7
264 3
265 7
270 7
271 7
268 7
269 7
305 3
304 12
307 3
306 3
309 3
308 3
311 8
310 7
313 8
312 8
315 8
314 8
317 3
316 3
319 3
318 3
288 3
289 3
290 3
291 3
292 3
293 3
294 3
295 3
296 3
297 3
298 3
299 2
300 3
301 3
302 12
303 12
343 3
342 3
341 3
340 3
339 3
338 3
337 2
336 2
351 3
350 3
349 3
348 3
347 3
346 3
345 3
344 3
326 3
327 3
324 3
325 3
322 3
323 3
320 3
321 3
334 2
335 2
332 2
333 2
330 7
331 2
328 3
329 3
373 7
372 7
375 7
374 7
369 7
368 3
371 7
370 7
381 8
380 7
383 8
382 8
377 7
376 7
379 9
378 9
356 8
357 8
358 8
359 3
352 3
353 3
354 8
355 8
364 3
365 3
366 3
367 3
360 3
361 3
362 3
363 3
410 9
411 7
408 9
409 9
414 7
415 7
412 7
413 7
402 9
403 9
400 2
401 9
406 9
407 9
404 9
405 9
395 8
394 8
393 3
392 3
399 2
398 9
397 7
396 3
387 3
386 3
385 3
384 8
391 3
390 3
389 3
388 3
440 3
441 3
442 3
443 3
444 3
445 3
446 2
447 9
432 7
433 3
434 3
435 3
436 3
437 3
438 3
439 3
425 3
424 7
427 3
426 3
429 3
428 3
431 7
430 3
417 7
416 7
419 7
418 7
421 7
420 7
423 7
422 7
478 9
479 3
476 9
477 9
474 8
475 8
472 3
473 9
470 8
471 8
468 8
469 3
466 8
467 8
464 8
465 8
463 3
462 3
461 3
460 3
459 3
458 3
457 3
456 3
455 9
454 9
453 9
452 9
451 9
450 9
449 9
448 9
508 3
509 3
510 3
511 3
504 11
505 3
506 3
507 3
500 11
501 11
502 11
503 11
496 2
497 2
498 8
499 11
493 8
492 8
495 8
494 8
489 8
488 8
491 8
490 8
485 9
484 13
487 8
486 8
481 3
480 9
483 13
482 13
550 3
551 3
548 7
549 7
546 7
547 7
544 7
545 7
558 3
559 3
556 3
557 3
554 3
555 3
552 3
553 3
567 8
566 8
565 8
564 8
563 8
562 8
561 8
560 8
574 3
573 3
572 3
571 3
570 3
569 8
568 8
516 13
517 13
518 13
519 3
512 13
513 13
514 13
515 13
524 3
525 3
526 3
527 3
520 3
521 3
522 3
523 3
533 12
532 8
535 12
534 12
529 8
528 3
531 8
530 8
541 7
540 12
543 7
542 7
537 12
536 12
539 12
538 12
