--------------------------------
top50
0.013877551020408163
0.0
0.0
0.0
0.08313725490196078
0.08470588235294117
0.0
0.0
0.0
0.0
0.0
0.07764705882352942
0.0
0.07764705882352942
0.0
0.1546003016591252
0.0
0.0
0.0
0.0
0.22423802612481858
0.017142857142857144
0.0
0.0
0.03428571428571429
0.07764705882352942
0.0
0.0
0.0
0.10588235294117647
0.0
0.0
0.015510204081632653
0.0
0.0024489795918367346
0.16138763197586728
0.025306122448979593
0.0
0.0
0.0
0.0
0.0
0.0
0.07764705882352942
0.0
0.08862745098039215
0.0
0.09490196078431372
0.0815686274509804
0.0
--------------------------------
top10
0.34545454545454546
0.0
0.0
0.0
0.022222222222222223
0.0
0.0
0.0
0.0
0.0
0.0
0.0
0.0
0.0
0.0
0.34545454545454546
0.0
0.0
0.0
0.0
0.0
0.0
0.0
0.0
0.36363636363636365
0.0
0.0
0.0
0.0
0.0
0.0
0.0
0.0
0.0
0.0
0.0
0.34545454545454546
0.0
0.0
0.0
0.0
0.0
0.0
0.0
0.0
0.36363636363636365
0.0
0.36363636363636365
0.0
0.0
--------------------------------
top5
0.6
0.0
0.0
0.0
0.6
0.0
0.0
0.0
0.0
0.0
0.0
0.0
0.0
0.0
0.0
0.0
0.0
0.0
0.0
0.0
0.0
0.0
0.0
0.0
0.0
0.0
0.0
0.0
0.0
0.0
0.0
0.0
0.0
0.0
0.0
0.0
0.6
0.0
0.0
0.0
0.0
0.0
0.0
0.0
0.0
0.1
0.0
0.6666666666666666
0.0
0.0
