--------------------------------
top50
0.0
0.013877551020408163
0.0
0.0
0.08235294117647059
0.08392156862745098
0.08313725490196078
0.08470588235294117
0.0
0.0
0.0
0.09254901960784313
0.15912518853695323
0.0
0.0
0.1546003016591252
0.21915820029027577
0.08
0.0
0.0
0.22423802612481858
0.013061224489795919
0.017142857142857144
0.0
0.0
0.17647058823529413
0.0
0.0
0.0
0.03428571428571429
0.0
0.0
0.0
0.0
0.0
0.07764705882352942
0.0
0.0
0.08941176470588236
0.11686274509803922
0.08862745098039215
0.0
0.0
0.09176470588235294
0.0
0.007346938775510204
0.0
0.0
0.09490196078431372
0.0
--------------------------------
top10
0.0
0.34545454545454546
0.0
0.0
0.34545454545454546
0.06666666666666667
0.022222222222222223
0.0
0.0
0.0
0.0
0.0
0.0
0.0
0.0
0.34545454545454546
0.022222222222222223
0.0
0.0
0.0
0.0
0.0
0.0
0.0
0.0
0.34545454545454546
0.0
0.0
0.0
0.36363636363636365
0.0
0.0
0.0
0.0
0.0
0.0
0.0
0.0
0.0
0.34545454545454546
0.36363636363636365
0.0
0.0
0.34545454545454546
0.0
0.0
0.0
0.0
0.36363636363636365
0.0
--------------------------------
top5
0.0
0.6
0.0
0.0
0.6
0.6
0.6
0.0
0.0
0.0
0.0
0.0
0.0
0.0
0.0
0.0
0.1
0.0
0.0
0.0
0.0
0.0
0.0
0.0
0.0
0.0
0.0
0.0
0.0
0.0
0.0
0.0
0.0
0.0
0.0
0.0
0.0
0.0
0.0
0.6
0.1
0.0
0.0
0.6
0.0
0.0
0.0
0.0
0.6666666666666666
0.0
