--------------------------------
top50
0.5669199298655757
0.8476733977172959
0.8608695652173913
0.666314119513485
0.775
0.5505552308591467
0.17647058823529413
0.2409288824383164
0.6579234972677596
0.6524590163934426
0.7762237762237763
0.5616598480420807
0.5733489187609585
0.772027972027972
0.78125
0.6508196721311476
0.529340592861464
0.7336309523809523
0.7450396825396826
0.7395833333333334
0.11450980392156863
0.52994555353902
0.09224489795918367
0.6475409836065574
0.5803623611922852
0.4605263157894737
0.651912568306011
0.74034902168165
0.6842940243257536
0.5394506136762127
0.6693989071038251
0.646448087431694
0.7301587301587301
0.7701631701631702
0.5402298850574713
0.6218585622443016
0.6758328926493918
0.6821787414066631
0.7495039682539683
0.7808857808857809
0.48872180451127817
0.7410714285714286
0.6508196721311476
0.603954802259887
0.7040450588837686
0.6639344262295082
0.6825396825396826
0.5420447670901392
0.39675324675324675
0.7610576923076923
--------------------------------
top10
0.0
0.8461538461538461
0.7564102564102564
0.34545454545454546
0.1111111111111111
0.0
0.044444444444444446
0.0
0.34545454545454546
0.36363636363636365
0.38181818181818183
0.06666666666666667
0.0
0.022222222222222223
0.782051282051282
0.0
0.34545454545454546
0.34545454545454546
0.5909090909090909
0.36363636363636365
0.022222222222222223
0.0
0.022222222222222223
0.34545454545454546
0.0
0.36363636363636365
0.34545454545454546
0.15555555555555556
0.08888888888888889
0.06666666666666667
0.5909090909090909
0.022222222222222223
0.36363636363636365
0.6212121212121212
0.06666666666666667
0.044444444444444446
0.34545454545454546
0.36363636363636365
0.7307692307692307
0.06666666666666667
0.022222222222222223
0.36363636363636365
0.38181818181818183
0.022222222222222223
0.022222222222222223
0.0
0.0
0.0
0.044444444444444446
0.43636363636363634
--------------------------------
top5
0.0
0.1
0.6
0.0
0.6
0.0
0.0
0.0
0.0
0.1
0.0
0.1
0.0
0.0
0.8571428571428571
0.0
0.0
0.0
0.0
0.6
0.1
0.0
0.0
0.0
0.0
0.0
0.0
0.6
0.6
0.1
0.0
0.0
0.0
0.6666666666666666
0.1
0.6
0.0
0.0
0.0
0.6
0.0
0.0
0.0
0.1
0.0
0.0
0.0
0.0
0.1
0.6
