--------------------------------
top-50
0.21978021978021978
0.0
0.27472527472527475
0.0
0.10526315789473684
0.1036734693877551
0.09446693657219973
0.31868131868131866
0.4889795918367347
0.4987755102040816
0.0
0.08636977058029689
0.0
0.20952380952380953
0.07256894049346879
0.0
0.09523809523809523
0.10740203193033382
0.10194805194805195
0.30612244897959184
0.4987755102040816
0.4252252252252252
0.43495495495495495
0.24897959183673468
0.23169398907103825
0.0660377358490566
0.21997300944669365
0.10194805194805195
0.0
0.0
0.22950819672131148
0.0
0.26373626373626374
0.17470300489168414
0.4175824175824176
0.30857142857142855
0.07547169811320754
0.20827285921625543
0.0
0.29061224489795917
0.0
0.4873469387755102
0.12653061224489795
0.15583508036338226
0.29061224489795917
0.2967032967032967
0.30857142857142855
0.21904761904761905
--------------------------------
top-10
0.24242424242424243
0.0
0.2564102564102564
0.0
0.2857142857142857
0.0
0.32727272727272727
0.3956043956043956
0.4
0.5272727272727272
0.0
0.3090909090909091
0.0
0.13636363636363635
0.5
0.0
0.09523809523809523
0.45
0.2727272727272727
0.3076923076923077
0.5272727272727272
0.06666666666666667
0.37777777777777777
0.06666666666666667
0.022222222222222223
0.3939393939393939
0.2967032967032967
0.2727272727272727
0.0
0.0
0.044444444444444446
0.0
0.3516483516483517
0.12727272727272726
0.48717948717948717
0.38461538461538464
0.24444444444444444
0.16363636363636364
0.0
0.0
0.0
0.2727272727272727
0.022222222222222223
0.0
0.5769230769230769
0.5
0.38461538461538464
0.044444444444444446
--------------------------------
top-5
0.0
0.0
0.2
0.0
0.1
0.0
0.19047619047619047
0.06666666666666667
0.5357142857142857
0.5555555555555556
0.0
0.06666666666666667
0.0
0.06666666666666667
0.2857142857142857
0.0
0.2
0.06666666666666667
0.38095238095238093
0.0
0.5555555555555556
0.3
0.9047619047619048
0.3
0.1
0.2
0.38095238095238093
0.38095238095238093
0.0
0.0
0.1
0.0
0.06666666666666667
0.38095238095238093
0.19047619047619047
0.06666666666666667
0.2857142857142857
0.3333333333333333
0.0
0.0
0.0
0.38095238095238093
0.0
0.0
0.5357142857142857
0.32142857142857145
0.06666666666666667
0.0

Average50: 0.1909210839718006	Count: 48
Average10: 0.21112417674917672	Count: 48
Average5: 0.17845568783068785	Count: 48
