--------------------------------
top-50
0.15990338164251208
0.125
0.4303599374021909
0.0
0.0
0.21428571428571427
0.21818181818181817
0.17471264367816092
NaN
0.23809523809523808
0.125
0.0
0.4303599374021909
0.31997677119628337
0.13532763532763534
0.13532763532763534
0.12083333333333333
0.06773399014778325
0.11397058823529412
0.11397058823529412
0.0
0.5
0.0625
0.0
0.13532763532763534
0.15990338164251208
0.0
0.09090909090909091
0.15990338164251208
0.24242424242424243
0.21428571428571427
0.0
0.2692307692307692
0.4303599374021909
0.26666666666666666
0.23448275862068965
0.4454802259887006
0.13736263736263737
0.08152173913043478
0.43103448275862066
0.13105413105413105
0.07971014492753623
0.4303599374021909
0.19444444444444445
0.3209990749306198
0.271264367816092
0.3209990749306198
0.08152173913043478
0.09090909090909091
0.21305418719211822
0.17786561264822134
0.4303599374021909
0.13736263736263737
0.17786561264822134
0.17786561264822134
0.15990338164251208
0.4303599374021909
0.23809523809523808
0.20454545454545456
0.0
0.0
0.0
0.23214285714285715
0.09090909090909091
0.13532763532763534
0.14367816091954022
0.4454802259887006
0.10028449502133713
0.07971014492753623
0.21428571428571427
0.17471264367816092
0.25
0.08152173913043478
0.1394736842105263
0.0
0.14367816091954022
0.24942528735632183
0.19444444444444445
0.0
0.14285714285714285
0.0
0.09090909090909091
0.0
0.15019762845849802
0.23626373626373626
0.09310344827586207
0.21428571428571427
0.07971014492753623
0.08152173913043478
0.08152173913043478
0.4303599374021909
0.21305418719211822
0.06773399014778325
0.0
0.0
0.0
0.0
0.0
0.10028449502133713
0.4303599374021909
--------------------------------
top-10
0.38461538461538464
0.125
0.38461538461538464
0.0
0.0
0.21428571428571427
0.32727272727272727
0.43956043956043955
NaN
0.23809523809523808
0.125
0.0
0.38461538461538464
0.5228758169934641
0.0
0.0
0.30303030303030304
0.30303030303030304
0.30303030303030304
0.30303030303030304
0.0
0.5
0.1
0.0
0.0
0.38461538461538464
0.0
0.18181818181818182
0.38461538461538464
0.42424242424242425
0.21428571428571427
0.0
0.2636363636363636
0.38461538461538464
0.26666666666666666
0.46794871794871795
0.5147058823529411
0.30303030303030304
0.18181818181818182
0.5147058823529411
0.30303030303030304
0.18181818181818182
0.38461538461538464
0.19444444444444445
0.5294117647058824
0.5147058823529411
0.5
0.18181818181818182
0.18181818181818182
0.47619047619047616
0.0
0.38461538461538464
0.30303030303030304
0.0
0.0
0.38461538461538464
0.38461538461538464
0.23809523809523808
0.3712121212121212
0.0
0.0
0.0
0.23214285714285715
0.18181818181818182
0.0
0.5952380952380952
0.5147058823529411
0.38461538461538464
0.18181818181818182
0.21428571428571427
0.43956043956043955
0.43956043956043955
0.18181818181818182
0.35454545454545455
0.0
0.5952380952380952
0.4166666666666667
0.19444444444444445
0.0
0.14285714285714285
0.0
0.18181818181818182
0.0
0.5714285714285714
0.5576923076923077
0.4621212121212121
0.21428571428571427
0.18181818181818182
0.18181818181818182
0.18181818181818182
0.38461538461538464
0.47619047619047616
0.30303030303030304
0.0
0.0
0.0
0.0
0.0
0.38461538461538464
0.38461538461538464
--------------------------------
top-5
0.47619047619047616
0.3333333333333333
0.3333333333333333
0.0
0.0
0.47619047619047616
0.3333333333333333
0.47619047619047616
NaN
0.47619047619047616
0.3333333333333333
0.0
0.3333333333333333
0.5555555555555556
0.0
0.0
0.3333333333333333
0.47619047619047616
0.47619047619047616
0.47619047619047616
0.0
0.5
0.2
0.0
0.0
0.47619047619047616
0.0
0.3333333333333333
0.47619047619047616
0.3333333333333333
0.47619047619047616
0.0
0.3333333333333333
0.47619047619047616
0.4666666666666667
0.3333333333333333
0.5555555555555556
0.3333333333333333
0.3333333333333333
0.5555555555555556
0.3333333333333333
0.3333333333333333
0.3333333333333333
0.47619047619047616
0.5357142857142857
0.5555555555555556
0.5357142857142857
0.3333333333333333
0.3333333333333333
0.5555555555555556
0.0
0.3333333333333333
0.3333333333333333
0.0
0.0
0.47619047619047616
0.3333333333333333
0.3
0.5357142857142857
0.0
0.0
0.0
0.3333333333333333
0.3333333333333333
0.0
0.5555555555555556
0.5555555555555556
0.47619047619047616
0.3333333333333333
0.47619047619047616
0.47619047619047616
0.3333333333333333
0.3333333333333333
0.6785714285714286
0.0
0.5555555555555556
0.6428571428571429
0.47619047619047616
0.0
0.3333333333333333
0.0
0.0
0.0
0.6111111111111112
0.6607142857142857
0.6428571428571429
0.3333333333333333
0.0
0.3333333333333333
0.3333333333333333
0.3333333333333333
0.5555555555555556
0.47619047619047616
0.0
0.0
0.0
0.0
0.0
0.47619047619047616
0.3333333333333333

Average50: 0.16505261321900588	Count: 99
Average10: 0.247413949686677	Count: 99
Average5: 0.3100088183421515	Count: 99
