--------------------------------
top-50
0.14980392156862746
0.10275689223057644
0.38426501035196686
0.41338760741745817
0.1824858757062147
0.7020408163265306
0.03918367346938775
0.17411764705882352
0.3288690476190476
0.0236734693877551
0.022745098039215685
0.02588235294117647
0.4170324846356453
0.38579234972677595
0.08181818181818182
0.07792207792207792
0.17012987012987013
0.17230576441102757
0.14255765199161424
0.14465408805031446
0.4773892773892774
0.08069381598793364
0.12858141160027953
0.083710407239819
0.11764705882352941
0.14980392156862746
0.083710407239819
0.05725490196078432
0.5144230769230769
0.34484228473998296
0.023529411764705882
0.043740573152337855
0.030204081632653063
0.4170324846356453
0.025098039215686273
0.20081632653061224
0.3320910973084886
0.10225988700564972
0.07662337662337662
0.4004140786749482
0.2016326530612245
0.165520888418826
0.4170324846356453
0.16026936026936026
0.4048076923076923
0.20979591836734693
0.4048076923076923
0.09831649831649832
0.054901960784313725
0.07407407407407407
0.24305555555555555
0.39006211180124223
0.02196078431372549
0.24057539682539683
0.24553571428571427
0.1403921568627451
0.4170324846356453
0.022745098039215685
0.5020408163265306
0.34576271186440677
0.029411764705882353
0.15288220551378445
0.48278560250391234
0.04244897959183674
0.08181818181818182
0.22271825396825398
0.3145780051150895
0.044081632653061226
0.18032786885245902
0.25650332728372655
0.17411764705882352
0.06938775510204082
0.11949685534591195
0.07265306122448979
0.04
0.22271825396825398
0.15510204081632653
0.02865761689291101
0.18867924528301888
0.18234950321449445
0.15288220551378445
0.05411764705882353
0.4773892773892774
0.24851190476190477
0.03918367346938775
0.018823529411764704
0.02196078431372549
0.08470588235294117
0.16885245901639345
0.16885245901639345
0.3490683229813665
0.298783712321523
0.17230576441102757
0.41338760741745817
0.2101010101010101
0.07616892911010557
0.2811188811188811
0.06431372549019608
0.022040816326530613
0.4057971014492754
--------------------------------
top-10
0.1794871794871795
0.09090909090909091
0.5256410256410257
0.0
0.03636363636363636
0.24444444444444444
0.26666666666666666
0.580952380952381
0.0
0.022222222222222223
0.044444444444444446
0.022222222222222223
0.8888888888888888
0.2967032967032967
0.5384615384615384
0.4393939393939394
0.7189542483660131
0.5555555555555556
0.5454545454545454
0.5909090909090909
0.03636363636363636
0.022222222222222223
0.7973856209150327
0.32727272727272727
0.6176470588235294
0.1794871794871795
0.32727272727272727
0.06666666666666667
0.3516483516483517
0.022222222222222223
0.044444444444444446
0.0
0.3333333333333333
0.8888888888888888
0.044444444444444446
0.5
0.1794871794871795
0.022222222222222223
0.23636363636363636
0.6538461538461539
0.7573529411764706
0.0
0.8888888888888888
0.24444444444444444
0.20512820512820512
0.5128205128205128
0.20512820512820512
0.0
0.08888888888888889
0.18181818181818182
0.27472527472527475
0.6538461538461539
0.022222222222222223
0.31868131868131866
0.3626373626373626
0.26373626373626374
0.8888888888888888
0.06666666666666667
0.0
0.8104575163398693
0.0
0.07575757575757576
0.03636363636363636
0.0
0.5384615384615384
0.2564102564102564
0.09090909090909091
0.21818181818181817
0.0
0.03636363636363636
0.580952380952381
0.3076923076923077
0.4083333333333333
0.3076923076923077
0.5897435897435898
0.2564102564102564
0.3484848484848485
0.044444444444444446
0.6363636363636364
0.13636363636363635
0.07575757575757576
0.4222222222222222
0.03636363636363636
0.43956043956043955
0.4
0.25757575757575757
0.0
0.5384615384615384
0.0
0.0
0.38095238095238093
0.38461538461538464
0.5555555555555556
0.0
0.0
0.14545454545454545
0.3111111111111111
0.7047619047619048
0.022222222222222223
0.7692307692307693
--------------------------------
top-5
0.2
0.0
0.2857142857142857
0.0
0.0
0.8
0.8571428571428571
0.3333333333333333
0.0
0.1
0.2
0.0
0.8055555555555556
0.0
0.42857142857142855
0.42857142857142855
0.42857142857142855
0.32142857142857145
0.39285714285714285
0.32142857142857145
0.0
0.0
0.6111111111111112
0.6071428571428571
0.42857142857142855
0.2
0.6071428571428571
0.3
0.2
0.0
0.2
0.0
0.5
0.8055555555555556
0.2
0.7222222222222222
0.0
0.1
0.2
0.5
0.7555555555555555
0.0
0.8055555555555556
0.5333333333333333
0.0
0.7222222222222222
0.0
0.0
0.4
0.3333333333333333
0.4666666666666667
0.5
0.1
0.0
0.4
0.3
0.8055555555555556
0.3
0.0
0.7777777777777778
0.0
0.0
0.0
0.0
0.42857142857142855
0.2
0.0
0.13333333333333333
0.0
0.0
0.3333333333333333
0.2
0.42857142857142855
0.2
0.75
0.2
0.6111111111111112
0.2
0.8333333333333334
0.1
0.0
0.8214285714285714
0.0
0.26666666666666666
0.4
0.06666666666666667
0.0
0.42857142857142855
0.0
0.0
0.0
0.5714285714285714
0.32142857142857145
0.0
0.0
0.4666666666666667
0.9047619047619048
0.5555555555555556
0.1
0.6944444444444444

Average50: 0.19380695347816598	Count: 100
Average10: 0.29297998406821923	Count: 100
Average5: 0.29500793650793644	Count: 100
