--------------------------------
top-50
0.10989010989010989
0.0
0.21428571428571427
0.0
0.06005398110661268
0.05183673469387755
0.06005398110661268
0.24725274725274726
0.25265306122448977
0.26081632653061226
0.0
0.05128205128205128
0.0
0.10476190476190476
0.06204644412191582
0.0
0.09523809523809523
0.0997822931785196
0.09512987012987013
0.17061224489795918
0.26081632653061226
0.32774774774774773
0.33513513513513515
0.12571428571428572
0.19316939890710383
0.05551523947750363
0.19095816464237517
0.09512987012987013
0.0
0.0
0.19098360655737706
0.0
0.26373626373626374
0.16981132075471697
0.3076923076923077
0.1730612244897959
0.07329462989840348
0.2053701015965167
0.0
0.1457142857142857
0.0
0.2493877551020408
0.12448979591836734
0.1488469601677149
0.1457142857142857
0.2967032967032967
0.1730612244897959
0.10952380952380952
--------------------------------
top-10
0.15151515151515152
0.0
0.21153846153846154
0.0
0.2619047619047619
0.0
0.2727272727272727
0.3076923076923077
0.4
0.509090909090909
0.0
0.2636363636363636
0.0
0.09848484848484848
0.4696969696969697
0.0
0.09523809523809523
0.375
0.2636363636363636
0.25
0.509090909090909
0.06666666666666667
0.37777777777777777
0.06666666666666667
0.011111111111111112
0.3484848484848485
0.27472527472527475
0.2636363636363636
0.0
0.0
0.03333333333333333
0.0
0.3076923076923077
0.12727272727272726
0.3717948717948718
0.3076923076923077
0.2222222222222222
0.16363636363636364
0.0
0.0
0.0
0.2545454545454545
0.022222222222222223
0.0
0.34615384615384615
0.40384615384615385
0.3076923076923077
0.022222222222222223
--------------------------------
top-5
0.0
0.0
0.2
0.0
0.05
0.0
0.19047619047619047
0.06666666666666667
0.48214285714285715
0.5
0.0
0.06666666666666667
0.0
0.06666666666666667
0.2619047619047619
0.0
0.2
0.06666666666666667
0.3333333333333333
0.0
0.5
0.3
0.8333333333333334
0.3
0.05
0.2
0.3333333333333333
0.3333333333333333
0.0
0.0
0.05
0.0
0.06666666666666667
0.3333333333333333
0.19047619047619047
0.06666666666666667
0.2619047619047619
0.3333333333333333
0.0
0.0
0.0
0.3333333333333333
0.0
0.0
0.42857142857142855
0.32142857142857145
0.06666666666666667
0.0

Average50: 0.13119317908426467	Count: 48
Average10: 0.18205515549265547	Count: 48
Average5: 0.1622271825396825	Count: 48
