--------------------------------
top-50
0.2967032967032967
0.0
0.2857142857142857
0.0
0.08771929824561403
0.2710204081632653
0.09986504723346828
0.32967032967032966
0.5004081632653061
0.5102040816326531
0.0
0.10661268556005399
0.0
0.08571428571428572
0.06821480406386067
0.0
0.0
0.10740203193033382
0.10839598997493734
0.30612244897959184
0.5102040816326531
0.37464788732394366
0.379476861167002
0.2742857142857143
0.226775956284153
0.061683599419448475
0.18083670715249664
0.10839598997493734
0.0
0.0
0.22513661202185792
0.0
0.26373626373626374
0.18238993710691823
0.3956043956043956
0.30857142857142855
0.07982583454281568
0.24238026124818576
0.0
0.28244897959183674
0.0
0.4987755102040816
0.14448979591836736
0.15164220824598182
0.28244897959183674
0.2967032967032967
0.30857142857142855
0.10476190476190476
--------------------------------
top-10
0.42857142857142855
0.42424242424242425
0.3076923076923077
0.0
0.2948717948717949
0.0
0.32727272727272727
0.4175824175824176
0.4
0.5272727272727272
0.5
0.3090909090909091
0.0
0.18181818181818182
0.5151515151515151
0.42424242424242425
0.0
0.45
0.3717948717948718
0.3333333333333333
0.5272727272727272
0.06666666666666667
0.37777777777777777
0.044444444444444446
0.022222222222222223
0.4090909090909091
0.15384615384615385
0.3717948717948718
0.0
0.0
0.044444444444444446
0.42424242424242425
0.3516483516483517
0.24444444444444444
0.4945054945054945
0.41025641025641024
0.28888888888888886
0.16363636363636364
0.0
0.0
0.0
0.2727272727272727
0.022222222222222223
0.0
0.0
0.34615384615384615
0.41025641025641024
0.18181818181818182
--------------------------------
top-5
0.26666666666666666
0.3333333333333333
0.4
0.3333333333333333
0.1
0.0
0.19047619047619047
0.2
0.5357142857142857
0.5555555555555556
0.3333333333333333
0.06666666666666667
0.0
0.0
0.3333333333333333
0.3333333333333333
0.0
0.06666666666666667
0.38095238095238093
0.2
0.5555555555555556
0.3
0.9047619047619048
0.2
0.1
0.26666666666666666
0.13333333333333333
0.38095238095238093
0.0
0.06666666666666667
0.1
0.3333333333333333
0.06666666666666667
0.6666666666666666
0.19047619047619047
0.2
0.38095238095238093
0.3333333333333333
0.0
0.0
0.0
0.38095238095238093
0.0
0.0
0.0
0.32142857142857145
0.2
0.0

Average50: 0.18849084980233818	Count: 48
Average10: 0.24669369981869985	Count: 48
Average5: 0.22314814814814812	Count: 48
