--------------------------------
top-50
0.4945054945054945
0.5274841437632135
0.4945054945054945
0.554968287526427
0.4502923976608187
0.6666666666666666
0.15384615384615385
0.4945054945054945
0.0
0.0
0.5274841437632135
0.28205128205128205
0.554968287526427
0.7333333333333333
0.2571428571428571
0.5274841437632135
0.47619047619047616
0.2571428571428571
0.0
0.09090909090909091
0.0
0.0
0.0
0.6666666666666666
0.38095238095238093
0.2571428571428571
0.4502923976608187
0.0
0.5317124735729387
0.0
0.42857142857142855
0.5274841437632135
0.0
0.25
0.38461538461538464
0.09090909090909091
0.5636363636363636
0.0
0.0
0.0
0.554968287526427
0.0
0.38095238095238093
0.0
0.0
0.0
0.09090909090909091
0.6952380952380952
--------------------------------
top-10
0.7032967032967034
0.6538461538461539
0.7032967032967034
0.5789473684210527
0.6538461538461539
0.6666666666666666
0.2
0.7032967032967034
0.0
0.0
0.5454545454545454
0.34545454545454546
0.5789473684210527
0.7802197802197802
0.5454545454545454
0.6538461538461539
0.47619047619047616
0.5454545454545454
0.0
0.34545454545454546
0.0
0.0
0.0
0.6666666666666666
0.782051282051282
0.5454545454545454
0.7032967032967034
0.0
0.5606060606060606
0.0
0.5454545454545454
0.6538461538461539
0.0
0.25
0.5111111111111111
0.34545454545454546
0.7090909090909091
0.0
0.0
0.0
0.5789473684210527
0.0
0.782051282051282
0.0
0.0
0.0
0.34545454545454546
0.803030303030303
--------------------------------
top-5
0.7619047619047619
0.6
0.7619047619047619
0.5555555555555556
0.7619047619047619
0.6666666666666666
0.6
0.7619047619047619
0.0
0.0
0.6
0.6
0.5555555555555556
0.5555555555555556
0.7619047619047619
0.6
0.6
0.7619047619047619
0.0
0.0
0.0
0.0
0.0
0.6666666666666666
0.5555555555555556
0.7619047619047619
0.7619047619047619
0.0
0.6
0.0
0.0
0.6
0.0
0.6
0.7619047619047619
0.0
0.75
0.0
0.0
0.0
0.5555555555555556
0.0
0.5555555555555556
0.0
0.0
0.0
0.0
0.8571428571428571

Average50: 0.2874485759774928	Count: 48
Average10: 0.3846289370960423	Count: 48
Average5: 0.38606150793650795	Count: 48
