--------------------------------
top-50
0.14941176470588236
0.09053884711779449
0.3091097308488613
0.3312980551786522
0.15734463276836158
0.3551020408163265
0.036734693877551024
0.17058823529411765
0.29092261904761907
0.02122448979591837
0.02
0.02196078431372549
0.34657594381035994
0.33825136612021856
0.0724025974025974
0.0685064935064935
0.15941558441558443
0.15570175438596492
0.1387141858839972
0.14081062194269742
0.43053613053613055
0.0746606334841629
0.123340321453529
0.08144796380090498
0.11647058823529412
0.14941176470588236
0.08144796380090498
0.05529411764705883
0.46442307692307694
0.27429667519181583
0.021176470588235293
0.04072398190045249
0.025306122448979593
0.34657594381035994
0.022745098039215685
0.19959183673469388
0.2567287784679089
0.08333333333333333
0.06785714285714285
0.32712215320910976
0.19877551020408163
0.13458487572712852
0.34657594381035994
0.1531986531986532
0.33990384615384617
0.20857142857142857
0.33990384615384617
0.09057239057239057
0.052941176470588235
0.06918238993710692
0.19915674603174602
0.3130434782608696
0.02196078431372549
0.19890873015873015
0.2013888888888889
0.1403921568627451
0.34657594381035994
0.0203921568627451
0.2510204081632653
0.29915254237288136
0.026395173453996983
0.1400375939849624
0.3933881064162754
0.04
0.0724025974025974
0.18154761904761904
0.2440323955669224
0.044081632653061226
0.15388683236382866
0.2395644283121597
0.17058823529411765
0.0673469387755102
0.11635220125786164
0.07061224489795918
0.04
0.18154761904761904
0.15387755102040818
0.02564102564102564
0.1848357791754018
0.16715371127995324
0.1400375939849624
0.05215686274509804
0.43053613053613055
0.20386904761904762
0.031020408163265307
0.01764705882352941
0.0196078431372549
0.08352941176470588
0.1418032786885246
0.1418032786885246
0.2753623188405797
0.26493918561607616
0.15570175438596492
0.3312980551786522
0.2016835016835017
0.07390648567119155
0.23006993006993007
0.06313725490196079
0.022040816326530613
0.3296066252587992
--------------------------------
top-10
0.16666666666666666
0.07575757575757576
0.47435897435897434
0.0
0.03636363636363636
0.23333333333333334
0.26666666666666666
0.49523809523809526
0.0
0.022222222222222223
0.044444444444444446
0.022222222222222223
0.6929824561403509
0.23626373626373626
0.42948717948717946
0.3484848484848485
0.5686274509803921
0.4869281045751634
0.48484848484848486
0.5303030303030303
0.03636363636363636
0.022222222222222223
0.6503267973856209
0.32727272727272727
0.5183823529411765
0.16666666666666666
0.32727272727272727
0.06666666666666667
0.31868131868131866
0.011111111111111112
0.044444444444444446
0.0
0.26515151515151514
0.6929824561403509
0.044444444444444446
0.46794871794871795
0.14743589743589744
0.022222222222222223
0.19090909090909092
0.5833333333333334
0.6691176470588235
0.0
0.6929824561403509
0.24444444444444444
0.16666666666666666
0.4807692307692308
0.16666666666666666
0.0
0.08888888888888889
0.17272727272727273
0.22527472527472528
0.5833333333333334
0.022222222222222223
0.2692307692307692
0.29120879120879123
0.23626373626373626
0.6929824561403509
0.06666666666666667
0.0
0.6666666666666666
0.0
0.06818181818181818
0.03636363636363636
0.0
0.42948717948717946
0.21153846153846154
0.07575757575757576
0.17272727272727273
0.0
0.02727272727272727
0.49523809523809526
0.25824175824175827
0.37083333333333335
0.27472527472527475
0.48717948717948717
0.21153846153846154
0.3333333333333333
0.044444444444444446
0.6287878787878788
0.12121212121212122
0.06818181818181818
0.4222222222222222
0.03636363636363636
0.3516483516483517
0.3090909090909091
0.24242424242424243
0.0
0.4230769230769231
0.0
0.0
0.30952380952380953
0.3516483516483517
0.4869281045751634
0.0
0.0
0.14545454545454545
0.3111111111111111
0.5904761904761905
0.022222222222222223
0.6794871794871795
--------------------------------
top-5
0.2
0.0
0.23809523809523808
0.0
0.0
0.7
0.7142857142857143
0.30952380952380953
0.0
0.1
0.2
0.0
0.6805555555555556
0.0
0.39285714285714285
0.38095238095238093
0.375
0.32142857142857145
0.35714285714285715
0.32142857142857145
0.0
0.0
0.5277777777777778
0.5178571428571429
0.39285714285714285
0.2
0.5178571428571429
0.3
0.2
0.0
0.2
0.0
0.4
0.6805555555555556
0.2
0.6388888888888888
0.0
0.1
0.2
0.4107142857142857
0.6555555555555556
0.0
0.6805555555555556
0.5
0.0
0.6388888888888888
0.0
0.0
0.4
0.3333333333333333
0.36666666666666664
0.4107142857142857
0.1
0.0
0.2
0.3
0.6805555555555556
0.3
0.0
0.6666666666666666
0.0
0.0
0.0
0.0
0.39285714285714285
0.15
0.0
0.13333333333333333
0.0
0.0
0.30952380952380953
0.16666666666666666
0.35714285714285715
0.16666666666666666
0.6428571428571429
0.15
0.5277777777777778
0.2
0.75
0.1
0.0
0.7142857142857143
0.0
0.16666666666666666
0.3333333333333333
0.06666666666666667
0.0
0.375
0.0
0.0
0.0
0.5238095238095238
0.32142857142857145
0.0
0.0
0.36666666666666664
0.7619047619047619
0.5
0.1
0.5694444444444444

Average50: 0.16466354962601798	Count: 100
Average10: 0.2525187259421003	Count: 100
Average5: 0.2585674603174604	Count: 100
