--------------------------------
top-50
0.368118572292801
0.22775689223057644
0.4122907153729072
0.3419267299864315
0.2078265468006346
0.35061224489795917
0.1206896551724138
0.3003921568627451
0.31200396825396826
0.022040816326530613
0.04072398190045249
0.013725490196078431
0.4668664668664669
0.2806422433288105
0.10586811857229281
0.10163339382940109
0.3015780245470485
0.16071428571428573
0.2962460425146992
0.3066485753052917
0.4372596153846154
0.07873730043541365
0.23872053872053872
0.14519774011299436
0.18904208998548622
0.368118572292801
0.14519774011299436
0.07373737373737374
0.5468883205456095
0.3052003410059676
0.012244897959183673
0.15824915824915825
0.030204081632653063
0.4668664668664669
0.02823529411764706
0.33236574746008707
0.32293762575452717
0.23986013986013985
0.11075394506136763
0.3841046277665996
0.2739477503628447
0.1581173982020095
0.4668664668664669
0.16632996632996633
0.2881287726358149
0.3668763102725367
0.2881287726358149
0.11623376623376623
0.08236574746008708
0.18693221523410203
0.19143310417768378
0.4149543378995434
0.04156862745098039
0.18799576943416182
0.1943416181914331
0.37030075187969924
0.4668664668664669
0.013877551020408163
0.26693877551020406
0.3197648123021257
0.01411764705882353
0.19222633527234267
0.430990990990991
0.047058823529411764
0.10586811857229281
0.20362103174603174
0.29730848861283643
0.07873730043541365
0.1774193548387097
0.279189352692075
0.3003921568627451
0.18040816326530612
0.18170426065162906
0.13959183673469389
0.06673654786862335
0.20362103174603174
0.21988388969521044
0.03092006033182504
0.19924812030075187
0.2625
0.19116869381279747
0.08409090909090909
0.4372596153846154
0.19619249074563722
0.037551020408163265
0.07294117647058823
0.0203921568627451
0.13197586726998492
0.19146825396825398
0.19047619047619047
0.3799467275494673
0.452962460425147
0.16071428571428573
0.3419267299864315
0.20875420875420875
0.13954802259887006
0.21899038461538461
0.23215686274509803
0.05841799709724238
0.4265601217656012
--------------------------------
top-10
0.5359477124183006
0.07272727272727272
0.5330882352941176
0.0
0.07575757575757576
0.05555555555555555
0.4444444444444444
0.6875
0.0
0.022222222222222223
0.06666666666666667
0.022222222222222223
0.7339181286549707
0.29545454545454547
0.4807692307692308
0.3974358974358974
0.7573099415204678
0.6375
0.7692307692307693
0.8131868131868132
0.1858974358974359
0.11363636363636363
0.7287581699346405
0.32727272727272727
0.6176470588235294
0.5359477124183006
0.32727272727272727
0.15555555555555556
0.5620915032679739
0.05555555555555555
0.044444444444444446
0.3626373626373626
0.32575757575757575
0.7339181286549707
0.14545454545454545
0.5761904761904761
0.23626373626373626
0.18181818181818182
0.2196969696969697
0.6102941176470589
0.7309941520467836
0.045454545454545456
0.7339181286549707
0.2803030303030303
0.3560606060606061
0.5875
0.3560606060606061
0.23076923076923078
0.17777777777777778
0.4666666666666667
0.24725274725274726
0.6209150326797386
0.25
0.2692307692307692
0.319047619047619
0.6023391812865497
0.7339181286549707
0.13333333333333333
0.0
0.6360294117647058
0.0
0.06818181818181818
0.4318181818181818
0.03636363636363636
0.4807692307692308
0.36666666666666664
0.10606060606060606
0.3106060606060606
0.01818181818181818
0.011111111111111112
0.6875
0.6323529411764706
0.4375
0.5047619047619047
0.41025641025641024
0.36666666666666664
0.20454545454545456
0.08888888888888889
0.5454545454545454
0.16666666666666666
0.06818181818181818
0.38181818181818183
0.1858974358974359
0.38095238095238093
0.38636363636363635
0.5
0.0
0.45054945054945056
0.0
0.01818181818181818
0.37142857142857144
0.6372549019607843
0.6375
0.0
0.0
0.14545454545454545
0.3111111111111111
0.6345029239766082
0.2
0.6666666666666666
--------------------------------
top-5
0.5694444444444444
0.2
0.42857142857142855
0.13333333333333333
0.0
0.1
0.5714285714285714
0.625
0.0
0.1
0.3
0.0
0.7666666666666667
0.6428571428571429
0.5138888888888888
0.5178571428571429
0.7333333333333333
0.5138888888888888
0.7
0.7
0.2
0.1
0.7333333333333333
0.5178571428571429
0.5277777777777778
0.5694444444444444
0.5178571428571429
0.3333333333333333
0.5972222222222222
0.06666666666666667
0.2857142857142857
0.3333333333333333
0.2
0.7666666666666667
0.5
0.7111111111111111
0.0
0.36666666666666664
0.26666666666666666
0.5972222222222222
0.7333333333333333
0.0
0.7666666666666667
0.2
0.5238095238095238
0.7111111111111111
0.5238095238095238
0.06666666666666667
0.3333333333333333
0.42857142857142855
0.36666666666666664
0.5972222222222222
0.5
0.0
0.4
0.6388888888888888
0.7666666666666667
0.26666666666666666
0.06666666666666667
0.7333333333333333
0.0
0.3333333333333333
0.7321428571428571
0.0
0.5138888888888888
0.36666666666666664
0.0
0.2619047619047619
0.0
0.0
0.625
0.7333333333333333
0.4107142857142857
0.7142857142857143
0.6388888888888888
0.36666666666666664
0.23809523809523808
0.4
0.5277777777777778
0.2
0.0
0.75
0.2
0.26666666666666666
0.30952380952380953
0.35714285714285715
0.2
0.375
0.0
0.0
0.06666666666666667
0.7444444444444445
0.5138888888888888
0.0
0.47619047619047616
0.36666666666666664
0.7619047619047619
0.5
0.23333333333333334
0.5972222222222222

Average50: 0.21999233205946897	Count: 100
Average10: 0.3407483459952499	Count: 100
Average5: 0.38711904761904764	Count: 100
