--------------------------------
top-50
0.24725274725274726
0.26374207188160675
0.24725274725274726
0.2774841437632135
0.22514619883040934
0.3333333333333333
0.07692307692307693
0.24725274725274726
0.0
0.0
0.26374207188160675
0.14102564102564102
0.2774841437632135
0.36666666666666664
0.12857142857142856
0.26374207188160675
0.23809523809523808
0.12857142857142856
0.0
0.045454545454545456
0.0
0.0
0.0
0.3333333333333333
0.19047619047619047
0.12857142857142856
0.22514619883040934
0.0
0.26585623678646936
0.0
0.21428571428571427
0.26374207188160675
0.0
0.125
0.19230769230769232
0.045454545454545456
0.2818181818181818
0.0
0.0
0.0
0.2774841437632135
0.0
0.19047619047619047
0.0
0.0
0.0
0.045454545454545456
0.3476190476190476
--------------------------------
top-10
0.43956043956043955
0.38461538461538464
0.43956043956043955
0.5263157894736842
0.38461538461538464
0.3333333333333333
0.1
0.43956043956043955
0.0
0.0
0.30303030303030304
0.18181818181818182
0.5263157894736842
0.510989010989011
0.30303030303030304
0.38461538461538464
0.23809523809523808
0.30303030303030304
0.0
0.18181818181818182
0.0
0.0
0.0
0.3333333333333333
0.5448717948717948
0.30303030303030304
0.43956043956043955
0.0
0.3712121212121212
0.0
0.30303030303030304
0.38461538461538464
0.0
0.125
0.25555555555555554
0.18181818181818182
0.39090909090909093
0.0
0.0
0.0
0.5263157894736842
0.0
0.5448717948717948
0.0
0.0
0.0
0.18181818181818182
0.4772727272727273
--------------------------------
top-5
0.47619047619047616
0.3333333333333333
0.47619047619047616
0.5555555555555556
0.47619047619047616
0.3333333333333333
0.4666666666666667
0.47619047619047616
0.0
0.0
0.3333333333333333
0.3333333333333333
0.5555555555555556
0.5555555555555556
0.47619047619047616
0.3333333333333333
0.3333333333333333
0.47619047619047616
0.0
0.0
0.0
0.0
0.0
0.3333333333333333
0.5555555555555556
0.47619047619047616
0.47619047619047616
0.0
0.4666666666666667
0.0
0.0
0.3333333333333333
0.0
0.3333333333333333
0.5714285714285714
0.0
0.5357142857142857
0.0
0.0
0.0
0.5555555555555556
0.0
0.5555555555555556
0.0
0.0
0.0
0.0
0.6190476190476191

Average50: 0.1437242879887464	Count: 48
Average10: 0.236323310583179	Count: 48
Average5: 0.26671626984126984	Count: 48
