--------------------------------
top-50
0.2967032967032967
0.0
0.2857142857142857
0.0
0.08771929824561403
0.13551020408163264
0.07894736842105263
0.32967032967032966
0.2583673469387755
0.26653061224489794
0.0
0.07759784075573549
0.0
0.08571428571428572
0.06204644412191582
0.0
0.0
0.10123367198838897
0.09837092731829573
0.17142857142857143
0.26653061224489794
0.29577464788732394
0.3006036217303823
0.13795918367346938
0.18934426229508197
0.05551523947750363
0.18083670715249664
0.09837092731829573
0.0
0.0
0.18770491803278688
0.0
0.26373626373626374
0.17889587700908455
0.3956043956043956
0.17387755102040817
0.0783744557329463
0.23875181422351233
0.0
0.1416326530612245
0.0
0.25510204081632654
0.14244897959183672
0.1474493361285814
0.1416326530612245
0.2967032967032967
0.17387755102040817
0.10476190476190476
--------------------------------
top-10
0.3626373626373626
0.24242424242424243
0.27564102564102566
0.0
0.25
0.0
0.2727272727272727
0.3516483516483517
0.4
0.509090909090909
0.3076923076923077
0.2636363636363636
0.0
0.1590909090909091
0.48484848484848486
0.24242424242424243
0.0
0.375
0.3269230769230769
0.27564102564102566
0.509090909090909
0.06666666666666667
0.37777777777777777
0.044444444444444446
0.022222222222222223
0.36363636363636365
0.15384615384615385
0.3269230769230769
0.0
0.0
0.044444444444444446
0.24242424242424243
0.3076923076923077
0.24444444444444444
0.4230769230769231
0.3333333333333333
0.28888888888888886
0.16363636363636364
0.0
0.0
0.0
0.2545454545454545
0.022222222222222223
0.0
0.0
0.3269230769230769
0.3333333333333333
0.15151515151515152
--------------------------------
top-5
0.26666666666666666
0.2
0.36666666666666664
0.2
0.1
0.0
0.19047619047619047
0.2
0.48214285714285715
0.5
0.2
0.06666666666666667
0.0
0.0
0.30952380952380953
0.2
0.0
0.06666666666666667
0.3333333333333333
0.16666666666666666
0.5
0.3
0.8333333333333334
0.2
0.1
0.26666666666666666
0.13333333333333333
0.3333333333333333
0.0
0.06666666666666667
0.1
0.2
0.06666666666666667
0.5714285714285714
0.19047619047619047
0.2
0.35714285714285715
0.3333333333333333
0.0
0.0
0.0
0.3333333333333333
0.0
0.0
0.0
0.32142857142857145
0.2
0.0

Average50: 0.14127173699230686	Count: 48
Average10: 0.210427361989862	Count: 48
Average5: 0.19699900793650793	Count: 48
