--------------------------------
top-50
0.31980676328502416
0.25
0.6713615023474179
0.0
0.0
0.42857142857142855
0.43636363636363634
0.34942528735632183
NaN
0.47619047619047616
0.25
0.0
0.6713615023474179
0.6399535423925667
0.2706552706552707
0.2706552706552707
0.24166666666666667
0.1354679802955665
0.22794117647058823
0.22794117647058823
0.0
1.0
0.125
0.0
0.2706552706552707
0.31980676328502416
0.0
0.18181818181818182
0.31980676328502416
0.48484848484848486
0.42857142857142855
0.0
0.5384615384615384
0.6713615023474179
0.5333333333333333
0.4689655172413793
0.7271186440677966
0.27472527472527475
0.16304347826086957
0.7147866744593805
0.2621082621082621
0.15942028985507245
0.6713615023474179
0.3888888888888889
0.6419981498612396
0.542528735632184
0.6419981498612396
0.16304347826086957
0.18181818181818182
0.42610837438423643
0.3557312252964427
0.6713615023474179
0.27472527472527475
0.3557312252964427
0.3557312252964427
0.31980676328502416
0.6713615023474179
0.47619047619047616
0.4090909090909091
0.0
0.0
0.0
0.4642857142857143
0.18181818181818182
0.2706552706552707
0.28735632183908044
0.7271186440677966
0.20056899004267426
0.15942028985507245
0.42857142857142855
0.34942528735632183
0.5
0.16304347826086957
0.2789473684210526
0.0
0.28735632183908044
0.49885057471264366
0.3888888888888889
0.0
0.2857142857142857
0.0
0.18181818181818182
0.0
0.30039525691699603
0.4725274725274725
0.18620689655172415
0.42857142857142855
0.15942028985507245
0.16304347826086957
0.16304347826086957
0.6713615023474179
0.42610837438423643
0.1354679802955665
0.0
0.0
0.0
0.0
0.0
0.20056899004267426
0.6713615023474179
--------------------------------
top-10
0.6538461538461539
0.25
0.6538461538461539
0.0
0.0
0.42857142857142855
0.6
0.7032967032967034
NaN
0.47619047619047616
0.25
0.0
0.6538461538461539
0.6274509803921569
0.0
0.0
0.5454545454545454
0.5454545454545454
0.5454545454545454
0.5454545454545454
0.0
1.0
0.2
0.0
0.0
0.6538461538461539
0.0
0.34545454545454546
0.6538461538461539
0.7272727272727273
0.42857142857142855
0.0
0.4909090909090909
0.6538461538461539
0.5333333333333333
0.7435897435897436
0.6691176470588235
0.5454545454545454
0.34545454545454546
0.6691176470588235
0.5454545454545454
0.34545454545454546
0.6538461538461539
0.3888888888888889
0.6985294117647058
0.6691176470588235
0.7
0.34545454545454546
0.34545454545454546
0.7142857142857143
0.0
0.6538461538461539
0.5454545454545454
0.0
0.0
0.6538461538461539
0.6538461538461539
0.47619047619047616
0.6515151515151515
0.0
0.0
0.0
0.4642857142857143
0.34545454545454546
0.0
0.7142857142857143
0.6691176470588235
0.6538461538461539
0.34545454545454546
0.42857142857142855
0.7032967032967034
0.7032967032967034
0.34545454545454546
0.5636363636363636
0.0
0.7142857142857143
0.717948717948718
0.3888888888888889
0.0
0.2857142857142857
0.0
0.34545454545454546
0.0
0.7032967032967034
0.7307692307692307
0.6515151515151515
0.42857142857142855
0.34545454545454546
0.34545454545454546
0.34545454545454546
0.6538461538461539
0.7142857142857143
0.5454545454545454
0.0
0.0
0.0
0.0
0.0
0.6538461538461539
0.6538461538461539
--------------------------------
top-5
0.7619047619047619
0.6
0.6
0.0
0.0
0.7619047619047619
0.6
0.7619047619047619
NaN
0.7619047619047619
0.6
0.0
0.6
0.6666666666666666
0.0
0.0
0.6
0.7619047619047619
0.7619047619047619
0.7619047619047619
0.0
1.0
0.4
0.0
0.0
0.7619047619047619
0.0
0.6
0.7619047619047619
0.6
0.7619047619047619
0.0
0.6
0.7619047619047619
0.8
0.6
0.6666666666666666
0.6
0.6
0.6666666666666666
0.6
0.6
0.6
0.7619047619047619
0.75
0.5555555555555556
0.75
0.6
0.6
0.6666666666666666
0.0
0.6
0.6
0.0
0.0
0.7619047619047619
0.6
0.6
0.75
0.0
0.0
0.0
0.6
0.6
0.0
0.5555555555555556
0.6666666666666666
0.7619047619047619
0.6
0.7619047619047619
0.7619047619047619
0.6
0.6
0.8214285714285714
0.0
0.5555555555555556
0.8095238095238095
0.7619047619047619
0.0
0.6
0.0
0.0
0.0
0.6666666666666666
0.7857142857142857
0.75
0.6
0.0
0.6
0.6
0.6
0.6666666666666666
0.7619047619047619
0.0
0.0
0.0
0.0
0.0
0.7619047619047619
0.6

Average50: 0.31000590435182196	Count: 99
Average10: 0.40748132998578607	Count: 99
Average5: 0.48107263107263126	Count: 99
