--------------------------------
top-50
0.9683257918552036
0.8509984639016898
0.986938775510204
0.8310291858678955
0.9820408163265306
0.8044034818228366
0.9885714285714285
0.815668202764977
0.8551587301587301
0.8187403993855606
0.8254237288135593
0.8003072196620584
0.9198653198653198
0.8802177858439202
0.8223776223776224
0.8635912698412699
0.9205387205387205
0.8609201480698043
0.8253968253968254
0.9358974358974359
0.8402457757296466
0.9904761904761905
0.986938775510204
0.8228366615463389
0.8942760942760942
0.8228366615463389
0.9683257918552036
0.986938775510204
0.8005952380952381
0.947209653092006
0.8802177858439202
0.9844897959183674
0.9904761904761905
0.9828571428571429
0.9158249158249159
0.8930450029222676
0.8305171530977983
0.8376856118791602
0.7817460317460317
0.9117845117845118
0.9084175084175085
0.9904761904761905
0.8397337429595494
0.8269329237071172
0.8842781998831093
0.8248847926267281
0.9050505050505051
0.9877551020408163
0.9705882352941176
0.8216346153846154
0.8154761904761905
0.8161802355350742
0.9836734693877551
0.8936026936026936
0.9751131221719457
0.8487572712850344
0.8826017979904812
0.891291642314436
0.986938775510204
0.8228366615463389
0.8223246287762417
0.9828571428571429
0.8451198129748685
0.9828571428571429
0.8432539682539683
0.9366515837104072
0.8996632996632996
0.9904761904761905
0.8263888888888888
0.8428059395801332
0.9812244897959184
0.8571428571428571
0.9683257918552036
0.837123215230037
0.9904761904761905
0.978129713423831
0.8269329237071172
0.9245791245791246
0.9885714285714285
0.9836734693877551
0.9904761904761905
0.969079939668175
0.8501984126984127
0.85193019566367
0.9205387205387205
0.8602150537634409
0.9812244897959184
0.8561607615018508
0.804915514592934
0.9904761904761905
0.986938775510204
0.9158249158249159
0.844342037890425
0.9259259259259259
0.8591909882232462
0.8856624319419237
0.8730830248545743
0.8508725542041248
0.8279569892473119
0.807909604519774
--------------------------------
top-10
0.7320261437908496
0.7134502923976608
0.7660818713450293
0.7647058823529411
0.7777777777777778
0.695906432748538
0.7973856209150327
0.7712418300653595
0.7105263157894737
0.7263157894736842
0.775
0.7450980392156863
0.7421052631578947
0.7105263157894737
0.7543859649122807
0.7450980392156863
0.7251461988304093
0.7315789473684211
0.75
0.7833333333333333
0.7647058823529411
0.8571428571428571
0.7602339181286549
0.7941176470588235
0.7581699346405228
0.7941176470588235
0.7578947368421053
0.738562091503268
0.7719298245614035
0.7777777777777778
0.7189542483660131
0.7124183006535948
0.7666666666666667
0.75
0.7368421052631579
0.7368421052631579
0.7543859649122807
0.7647058823529411
0.738562091503268
0.75
0.8088235294117647
0.6923076923076923
0.75
0.7450980392156863
0.7189542483660131
0.7941176470588235
0.75
0.7660818713450293
0.7916666666666666
0.7485380116959064
0.7581699346405228
0.7843137254901961
0.7581699346405228
0.7450980392156863
0.7916666666666666
0.7973856209150327
0.7251461988304093
0.7426900584795322
0.8166666666666667
0.7941176470588235
0.7941176470588235
0.7473684210526316
0.7516339869281046
0.7450980392156863
0.7210526315789474
0.7426470588235294
0.75
0.7252747252747253
0.7210526315789474
0.6608187134502924
0.8088235294117647
0.6608187134502924
0.7578947368421053
0.7416666666666667
0.8333333333333334
0.7450980392156863
0.7450980392156863
0.7777777777777778
0.7309941520467836
0.7777777777777778
0.7720588235294118
0.75
0.7485380116959064
0.7473684210526316
0.7581699346405228
0.6684210526315789
0.825
0.7602339181286549
0.7485380116959064
0.7720588235294118
0.7777777777777778
0.7368421052631579
0.7719298245614035
0.7450980392156863
0.7134502923976608
0.7426900584795322
0.6842105263157895
0.7251461988304093
0.7421052631578947
0.738562091503268
--------------------------------
top-5
0.7777777777777778
0.7333333333333333
0.7777777777777778
0.7555555555555555
0.7555555555555555
0.6444444444444445
0.7333333333333333
0.7777777777777778
0.6444444444444445
0.6444444444444445
0.7222222222222222
0.6666666666666666
0.7777777777777778
0.6888888888888889
0.7111111111111111
0.7111111111111111
0.7333333333333333
0.7777777777777778
0.7111111111111111
0.7111111111111111
0.75
0.8333333333333334
0.7555555555555555
0.7555555555555555
0.8055555555555556
0.7555555555555555
0.7555555555555555
0.7222222222222222
0.7555555555555555
0.7555555555555555
0.6444444444444445
0.75
0.7777777777777778
0.7777777777777778
0.7555555555555555
0.6888888888888889
0.7333333333333333
0.7777777777777778
0.7222222222222222
0.7222222222222222
0.7777777777777778
0.6666666666666666
0.7142857142857143
0.6666666666666666
0.6444444444444445
0.7333333333333333
0.7222222222222222
0.7777777777777778
0.7222222222222222
0.7111111111111111
0.6944444444444444
0.7777777777777778
0.75
0.7222222222222222
0.7222222222222222
0.7333333333333333
0.7333333333333333
0.7333333333333333
0.7555555555555555
0.7555555555555555
0.7555555555555555
0.7555555555555555
0.6944444444444444
0.7555555555555555
0.7333333333333333
0.8055555555555556
0.8214285714285714
0.8571428571428571
0.7555555555555555
0.7333333333333333
0.7777777777777778
0.7333333333333333
0.7555555555555555
0.8095238095238095
0.7555555555555555
0.6944444444444444
0.6666666666666666
0.7333333333333333
0.7555555555555555
0.7111111111111111
0.7777777777777778
0.8333333333333334
0.7111111111111111
0.7777777777777778
0.7333333333333333
0.6444444444444445
0.7777777777777778
0.7555555555555555
0.7111111111111111
0.7222222222222222
0.7555555555555555
0.8055555555555556
0.7777777777777778
0.7333333333333333
0.5555555555555556
0.7555555555555555
0.7111111111111111
0.7555555555555555
0.7555555555555555
0.8055555555555556
