--------------------------------
top-50
0.8827444956477215
0.7349336057201226
0.7969135802469136
NaN
0.7735621800662451
0.9737373737373738
0.9730094466936572
0.7653769841269841
0.7345817727840199
0.7441471571906354
0.7491803278688525
0.7555938037865749
0.7792833483890395
0.7947530864197531
0.7614942528735632
0.7780788919000301
0.7614942528735632
1.0
0.9727272727272728
0.7637895812053116
0.7233458177278402
0.790990990990991
0.7818889970788705
0.8192090395480226
0.7992792792792793
0.8192090395480226
0.9757575757575757
0.7364158829676071
0.7672072072072073
0.7455959734614505
0.7267117249485748
0.9717171717171718
0.9166666666666666
0.7352336173964149
0.7838364167478091
0.979757085020243
0.7380952380952381
0.7752247752247752
0.7487113402061856
0.7267117249485748
0.754681253944877
0.7295880149812735
0.7301587301587301
0.7555938037865749
0.9555555555555556
0.828904428904429
0.7472527472527473
0.9747474747474747
0.8025225225225225
0.9743589743589743
0.7888888888888889
0.7230961298377029
0.7335830212234706
0.8827444956477215
0.7291666666666666
0.9743589743589743
0.7345817727840199
0.7614942528735632
0.8832565284178188
0.9242424242424242
0.7949921752738655
0.7460815047021944
0.8274802458296752
0.7422172452407615
0.7387057387057387
0.7410736579275905
0.7513661202185792
0.7223470661672909
0.7962962962962963
0.7555938037865749
0.7624743677375256
0.7555938037865749
0.7536292867662528
0.7122063329928499
0.7333333333333333
0.7429526994744386
0.7555938037865749
0.979757085020243
0.7913580246913581
0.7384615384615385
0.7380952380952381
0.7170582226762002
0.7262515262515262
0.7524593914436056
0.7735621800662451
0.9727272727272728
0.8827444956477215
0.7375
0.75625
0.7267117249485748
0.7423076923076923
0.9727272727272728
0.7424643046007403
0.8888888888888888
0.7238766980146291
0.8888888888888888
0.8888888888888888
0.7735621800662451
0.9242424242424242
0.7500525983589312
--------------------------------
top-10
0.783625730994152
0.6526315789473685
0.7
NaN
0.7421052631578947
0.7867647058823529
0.6789473684210526
0.673202614379085
0.6578947368421053
0.6578947368421053
0.7543859649122807
0.5789473684210527
0.7368421052631579
0.7
0.6368421052631579
0.7526315789473684
0.6368421052631579
1.0
0.7912087912087912
0.6368421052631579
0.7777777777777778
0.7867647058823529
0.7450980392156863
0.7320261437908496
0.7578947368421053
0.7320261437908496
0.819047619047619
0.6105263157894737
0.7058823529411765
0.6684210526315789
0.5789473684210527
0.7368421052631579
0.9166666666666666
0.5789473684210527
0.7450980392156863
0.7052631578947368
0.5263157894736842
0.7543859649122807
0.7368421052631579
0.5789473684210527
0.7368421052631579
0.7912087912087912
0.7279411764705882
0.5789473684210527
0.9555555555555556
0.7017543859649122
0.7485380116959064
0.75
0.7602339181286549
0.6470588235294118
0.7052631578947368
0.7777777777777778
0.6526315789473685
0.783625730994152
0.8
0.6789473684210526
0.6578947368421053
0.6368421052631579
0.7894736842105263
0.9090909090909091
0.7660818713450293
0.6105263157894737
0.7134502923976608
0.6789473684210526
0.6526315789473685
0.6526315789473685
0.7426900584795322
0.7362637362637363
0.7105263157894737
0.5789473684210527
0.7352941176470589
0.5789473684210527
0.7473684210526316
0.8
0.5736842105263158
0.7581699346405228
0.5789473684210527
0.7052631578947368
0.7105263157894737
0.6526315789473685
0.5263157894736842
0.7777777777777778
0.6578947368421053
0.7263157894736842
0.7421052631578947
0.7426900584795322
0.783625730994152
0.7315789473684211
0.7631578947368421
0.5789473684210527
0.7473684210526316
0.7794117647058824
0.7309941520467836
0.8888888888888888
0.6257309941520468
0.8888888888888888
0.8888888888888888
0.7421052631578947
0.9393939393939394
0.7368421052631579
--------------------------------
top-5
0.7555555555555555
0.6444444444444445
0.6444444444444445
NaN
0.7555555555555555
0.7555555555555555
0.6888888888888889
0.8214285714285714
0.5555555555555556
0.5555555555555556
0.7555555555555555
0.5555555555555556
0.7555555555555555
0.6444444444444445
0.5555555555555556
0.7555555555555555
0.5555555555555556
1.0
0.75
0.5555555555555556
0.7777777777777778
0.7777777777777778
0.7333333333333333
0.8055555555555556
0.7777777777777778
0.8055555555555556
0.7857142857142857
0.5555555555555556
0.7555555555555555
0.6888888888888889
0.6666666666666666
0.7333333333333333
0.7857142857142857
0.6666666666666666
0.7333333333333333
0.5555555555555556
0.5555555555555556
0.7777777777777778
0.7555555555555555
0.6666666666666666
0.7111111111111111
0.8055555555555556
0.6666666666666666
0.5555555555555556
0.7619047619047619
0.7333333333333333
0.7555555555555555
0.7333333333333333
0.7111111111111111
0.6785714285714286
0.7555555555555555
0.7555555555555555
0.5555555555555556
0.7555555555555555
0.6666666666666666
0.7111111111111111
0.5555555555555556
0.5555555555555556
0.7777777777777778
0.8333333333333334
0.7111111111111111
0.5555555555555556
0.7111111111111111
0.5555555555555556
0.5555555555555556
0.6444444444444445
0.7777777777777778
0.7142857142857143
0.6888888888888889
0.5555555555555556
0.7777777777777778
0.5555555555555556
0.7333333333333333
0.8333333333333334
0.5555555555555556
0.7333333333333333
0.5555555555555556
0.5555555555555556
0.6888888888888889
0.5555555555555556
0.5555555555555556
0.7555555555555555
0.5555555555555556
0.6888888888888889
0.7555555555555555
0.8055555555555556
0.7777777777777778
0.7111111111111111
0.7777777777777778
0.6666666666666666
0.7111111111111111
0.6888888888888889
0.7777777777777778
0.9333333333333333
0.5555555555555556
0.8
0.8666666666666667
0.7555555555555555
0.8333333333333334
0.7111111111111111
