--------------------------------
top50
0.034509803921568626
0.010558069381598794
8.163265306122449E-4
0.0203921568627451
0.0203921568627451
0.018775510204081632
0.1191919191919192
0.003137254901960784
0.17012987012987013
0.01019607843137255
0.0032653061224489797
0.018823529411764704
0.07616892911010557
0.04612159329140461
0.0196078431372549
0.07058823529411765
0.004081632653061225
0.010980392156862745
0.06259426847662142
0.004897959183673469
0.010612244897959184
0.18148820326678766
0.049019607843137254
0.07372549019607844
0.057329462989840346
0.01411764705882353
0.006530612244897959
0.004081632653061225
0.012244897959183673
0.03686274509803922
0.01019607843137255
0.04072398190045249
0.0016326530612244899
0.004081632653061225
0.009795918367346938
0.0032653061224489797
0.013061224489795919
0.004705882352941176
8.163265306122449E-4
0.013877551020408163
0.008627450980392156
0.03607843137254902
0.029019607843137254
0.02588235294117647
0.013061224489795919
0.012244897959183673
0.019591836734693877
0.043740573152337855
--------------------------------
top10
0.0
0.0
0.022222222222222223
0.0
0.0
0.01818181818181818
0.23076923076923078
0.022222222222222223
0.3333333333333333
0.0
0.0
0.0
0.03636363636363636
0.0
0.0
0.06060606060606061
0.03636363636363636
0.0
0.0
0.044444444444444446
0.044444444444444446
0.3516483516483517
0.17777777777777778
0.03636363636363636
0.0
0.044444444444444446
0.0
0.0
0.0
0.0
0.0
0.09090909090909091
0.0
0.0
0.1111111111111111
0.044444444444444446
0.0
0.05454545454545454
0.0
0.022222222222222223
0.0
0.044444444444444446
0.08888888888888889
0.06666666666666667
0.0
0.05454545454545454
0.07272727272727272
0.17777777777777778
--------------------------------
top5
0.0
0.0
0.0
0.0
0.0
0.0
0.13333333333333333
0.1
0.6666666666666666
0.0
0.0
0.0
0.1
0.0
0.0
0.06666666666666667
0.0
0.0
0.0
0.0
0.0
0.38095238095238093
0.2
0.0
0.0
0.0
0.0
0.0
0.0
0.0
0.0
0.06666666666666667
0.0
0.0
0.13333333333333333
0.06666666666666667
0.0
0.0
0.0
0.0
0.0
0.2
0.2
0.06666666666666667
0.0
0.0
0.0
0.2857142857142857
