--------------------------------
top50
0.10901960784313726
0.15082956259426847
8.163265306122449E-4
0.08392156862745098
0.09647058823529411
0.018775510204081632
0.41952861952861953
0.08
0.4584415584415584
0.08705882352941176
0.0032653061224489797
0.09176470588235294
0.17873303167420815
0.2976939203354298
0.09019607843137255
0.14666666666666667
0.004897959183673469
0.08705882352941176
0.16591251885369532
0.004897959183673469
0.011428571428571429
0.5595886267392619
0.1817496229260935
0.14274509803921567
0.2474600870827286
0.0815686274509804
0.006530612244897959
0.004081632653061225
0.013061224489795919
0.10666666666666667
0.0792156862745098
0.1870286576168929
0.0016326530612244899
0.004081632653061225
0.009795918367346938
0.0032653061224489797
0.013061224489795919
0.08
8.163265306122449E-4
0.013877551020408163
0.08392156862745098
0.10666666666666667
0.08705882352941176
0.08235294117647059
0.013061224489795919
0.012244897959183673
0.02040816326530612
0.15535444947209653
--------------------------------
top10
0.0
0.0
0.022222222222222223
0.0
0.0
0.34545454545454546
0.7692307692307693
0.022222222222222223
0.6818181818181818
0.0
0.0
0.0
0.36363636363636365
0.0
0.0
0.5909090909090909
0.34545454545454546
0.0
0.0
0.044444444444444446
0.06666666666666667
0.8681318681318682
0.17777777777777778
0.34545454545454546
0.0
0.044444444444444446
0.0
0.0
0.0
0.0
0.0
0.38181818181818183
0.0
0.0
0.1111111111111111
0.044444444444444446
0.0
0.34545454545454546
0.0
0.022222222222222223
0.0
0.044444444444444446
0.08888888888888889
0.06666666666666667
0.0
0.34545454545454546
0.34545454545454546
0.17777777777777778
--------------------------------
top5
0.0
0.0
0.0
0.0
0.0
0.0
0.6
0.1
0.7333333333333333
0.0
0.0
0.0
0.1
0.0
0.0
0.6
0.0
0.0
0.0
0.0
0.0
0.8571428571428571
0.6
0.0
0.0
0.0
0.0
0.0
0.0
0.0
0.0
0.6
0.0
0.0
0.6
0.6
0.0
0.0
0.0
0.0
0.0
0.2
0.2
0.6
0.0
0.0
0.0
0.8571428571428571
