--------------------------------
top50
0.23378582202111614
0.21019607843137256
0.1794871794871795
0.18627450980392157
0.46867167919799496
0.09490196078431372
0.1396078431372549
0.20060331825037708
0.2330316742081448
0.1817496229260935
0.4592731829573935
0.17420814479638008
0.23947750362844702
0.14588235294117646
0.09490196078431372
0.5870056497175141
0.11607843137254902
0.5858757062146893
0.16440422322775264
0.30118798043326345
0.03510204081632653
0.13568627450980392
0.04326530612244898
0.36767676767676766
0.4116883116883117
0.031020408163265307
0.1192156862745098
0.28519593613933236
0.28519593613933236
0.532437171244886
0.11529411764705882
0.11843137254901961
0.05877551020408163
0.09411764705882353
0.1380392156862745
0.3228511530398323
0.23875181422351233
0.30887491264849753
0.43506493506493504
0.24020319303338172
0.1885369532428356
0.053877551020408164
0.09647058823529411
0.30887491264849753
0.32005590496156533
0.10196078431372549
0.572316384180791
0.4570230607966457
0.030204081632653063
0.2526395173453997
--------------------------------
top10
0.43636363636363634
0.38181818181818183
0.022222222222222223
0.044444444444444446
0.38181818181818183
0.044444444444444446
0.38181818181818183
0.1111111111111111
0.38181818181818183
0.044444444444444446
0.5757575757575758
0.41818181818181815
0.41818181818181815
0.34545454545454546
0.06666666666666667
0.509090909090909
0.5757575757575758
0.43636363636363634
0.044444444444444446
0.022222222222222223
0.06666666666666667
0.5757575757575758
0.06666666666666667
0.41818181818181815
0.36363636363636365
0.13333333333333333
0.022222222222222223
0.1111111111111111
0.5757575757575758
0.022222222222222223
0.24444444444444444
0.022222222222222223
0.0
0.4
0.34545454545454546
0.06666666666666667
0.0
0.1111111111111111
0.022222222222222223
0.0
0.5909090909090909
0.022222222222222223
0.08888888888888889
0.044444444444444446
0.36363636363636365
0.0
0.06666666666666667
0.17777777777777778
0.4
0.044444444444444446
--------------------------------
top5
0.6
0.6
0.0
0.2
0.0
0.0
0.6
0.6
0.0
0.6
0.0
0.6666666666666666
0.0
0.0
0.0
0.8666666666666667
0.0
0.6
0.0
0.1
0.0
0.0
0.3
0.6
0.6
0.6
0.1
0.6
0.8571428571428571
0.1
0.6
0.1
0.0
0.3
0.0
0.3
0.0
0.1
0.0
0.0
0.0
0.0
0.0
0.1
0.1
0.0
0.0
0.6
0.1
0.0
