--------------------------------
top-50
0.17467532467532468
0.1085972850678733
0.20397428404441847
0.06612244897959184
0.1357142857142857
0.22937853107344633
0.15164220824598182
0.1378809869375907
0.05176470588235294
0.10338345864661654
0.2887200467562829
0.11558441558441558
0.10779220779220779
0.07390648567119155
0.14025974025974025
0.14942528735632185
0.11320754716981132
0.14658925979680695
0.1326709526592636
0.1516690856313498
0.10196078431372549
0.11529411764705882
0.08754208754208755
0.11137254901960784
0.07372549019607844
0.17592051431911163
0.21507890122735243
0.18984962406015038
0.1615819209039548
0.09502262443438914
0.4319312528267752
0.10558069381598793
0.10285714285714286
0.12916423144360023
0.1995645863570392
0.28054298642533937
0.21530054644808744
0.12578616352201258
0.13220551378446116
0.08823529411764706
0.07616892911010557
0.1898989898989899
0.07982583454281568
0.18421052631578946
0.07197763801537387
0.23934426229508196
0.1515837104072398
0.1027450980392157
0.1294615849969752
0.14352941176470588
0.0936408106219427
0.18142235123367198
0.4704225352112676
0.15668481548699334
0.06823529411764706
0.07184325108853411
0.1961038961038961
0.1357142857142857
0.12844702467343977
0.14805194805194805
0.10823529411764705
0.14814814814814814
0.13220551378446116
0.21016949152542372
0.11828737300435414
0.2786885245901639
0.11248185776487664
0.18451178451178452
0.30815850815850815
0.1444121915820029
0.0899854862119013
0.04472396925227114
0.09954751131221719
0.10482180293501048
0.38053830227743274
0.3579109062980031
0.10957910014513789
0.15037593984962405
0.11085972850678733
0.11043771043771043
0.1595959595959596
0.10407239819004525
0.08646616541353383
0.12525252525252525
0.20871143375680581
0.12401693889897157
0.07407407407407407
0.17846339987900786
0.10935143288084465
0.21863799283154123
0.1
0.11152882205513784
0.12119013062409288
0.20802005012531327
0.19830777366472765
0.07164404223227752
0.06196078431372549
0.0880503144654088
0.12858141160027953
0.10708898944193061
--------------------------------
top-10
0.022222222222222223
0.32051282051282054
0.14545454545454545
0.044444444444444446
0.044444444444444446
0.2
0.43956043956043955
0.18181818181818182
0.2
0.16666666666666666
0.3787878787878788
0.07272727272727272
0.12727272727272726
0.23636363636363636
0.08888888888888889
0.10606060606060606
0.03636363636363636
0.2727272727272727
0.12727272727272726
0.18181818181818182
0.24444444444444444
0.5824175824175825
0.5
0.10606060606060606
0.2727272727272727
0.0
0.41818181818181815
0.12121212121212122
0.5333333333333333
0.18181818181818182
0.022222222222222223
0.2
0.6583333333333333
0.2
0.19696969696969696
0.47619047619047616
0.14545454545454545
0.12727272727272726
0.16666666666666666
0.2909090909090909
0.36363636363636365
0.06666666666666667
0.07272727272727272
0.06666666666666667
0.2948717948717949
0.13333333333333333
0.0
0.12727272727272726
0.08888888888888889
0.044444444444444446
0.01818181818181818
0.4175824175824176
0.09090909090909091
0.2222222222222222
0.30303030303030304
0.13333333333333333
0.17777777777777778
0.03636363636363636
0.3090909090909091
0.24358974358974358
0.16666666666666666
0.24444444444444444
0.044444444444444446
0.06666666666666667
0.3333333333333333
0.14545454545454545
0.13636363636363635
0.13333333333333333
0.19696969696969696
0.2
0.2
0.09090909090909091
0.4358974358974359
0.09090909090909091
0.06666666666666667
0.06666666666666667
0.08888888888888889
0.16363636363636364
0.3333333333333333
0.15555555555555556
0.30303030303030304
0.24242424242424243
0.19696969696969696
0.09090909090909091
0.08888888888888889
0.0
0.10909090909090909
0.06666666666666667
0.25757575757575757
0.2222222222222222
0.07272727272727272
0.08888888888888889
0.14545454545454545
0.358974358974359
0.05454545454545454
0.21818181818181817
0.18181818181818182
0.03636363636363636
0.10909090909090909
0.32051282051282054
--------------------------------
top-5
0.1
0.2
0.26666666666666666
0.06666666666666667
0.0
0.26666666666666666
0.38095238095238093
0.26666666666666666
0.2
0.06666666666666667
0.3333333333333333
0.2
0.06666666666666667
0.1
0.2
0.1
0.0
0.42857142857142855
0.26666666666666666
0.42857142857142855
0.2857142857142857
0.42857142857142855
0.6428571428571429
0.0
0.26666666666666666
0.0
0.5238095238095238
0.0
0.6428571428571429
0.13333333333333333
0.1
0.26666666666666666
0.47619047619047616
0.13333333333333333
0.4
0.06666666666666667
0.0
0.4
0.3
0.2
0.38095238095238093
0.13333333333333333
0.1
0.2
0.2
0.3333333333333333
0.0
0.3
0.2
0.0
0.0
0.3333333333333333
0.13333333333333333
0.2
0.42857142857142855
0.26666666666666666
0.2857142857142857
0.06666666666666667
0.3333333333333333
0.06666666666666667
0.13333333333333333
0.6
0.2
0.2
0.38095238095238093
0.26666666666666666
0.0
0.42857142857142855
0.06666666666666667
0.13333333333333333
0.2
0.06666666666666667
0.6071428571428571
0.2
0.1
0.2
0.13333333333333333
0.2
0.3333333333333333
0.2
0.2857142857142857
0.26666666666666666
0.2
0.13333333333333333
0.2
0.0
0.13333333333333333
0.2
0.3333333333333333
0.38095238095238093
0.13333333333333333
0.2
0.2
0.38095238095238093
0.0
0.3333333333333333
0.06666666666666667
0.0
0.06666666666666667
0.23809523809523808

Average50: 0.1482988155460607	Count: 100
Average10: 0.18572685647685638	Count: 100
Average5: 0.21569047619047602	Count: 100
