--------------------------------
top-50
0.07407407407407407
0.07058823529411765
0.12844702467343977
0.03764705882352941
0.12895927601809956
0.09898989898989899
0.10377358490566038
0.09941944847605225
0.06431372549019608
0.10649350649350649
0.288135593220339
0.08821548821548822
0.03469079939668175
0.06693877551020408
0.23553507424475167
0.04072398190045249
0.09276018099547512
0.2
0.06386066763425254
0.1592156862745098
0.18775510204081633
0.09803921568627451
0.06966618287373004
0.12816326530612246
0.05803921568627451
0.13063973063973064
0.2180327868852459
0.1569023569023569
0.043740573152337855
0.08521870286576169
0.18572292800967938
0.04816326530612245
0.14530612244897959
0.09085213032581453
0.17271407837445574
0.10784313725490197
0.09783368273934312
0.09653092006033183
0.10235690235690235
0.09351432880844646
0.09176470588235294
0.11904761904761904
0.049019607843137254
0.1525974025974026
0.05297532656023222
0.23691168693812797
0.08549019607843138
0.09647058823529411
0.03764705882352941
0.13795918367346938
0.09879336349924585
0.15286195286195287
0.26073805202661826
0.11168831168831168
0.17422867513611615
0.05878084179970972
0.19393939393939394
0.07764876632801161
0.09568627450980392
0.08708272859216255
0.07390648567119155
0.12191582002902758
0.22950819672131148
0.17884278199883108
0.0841799709724238
0.1396103896103896
0.10377358490566038
0.07918552036199095
0.17884278199883108
0.08055152394775036
0.08597285067873303
0.03294117647058824
0.25136612021857924
0.06711915535444947
0.19540229885057472
0.11085972850678733
0.09869375907111756
0.10831586303284417
0.129979035639413
0.07619738751814223
0.1494949494949495
0.09879336349924585
0.02588235294117647
0.08653061224489796
0.20864661654135339
0.07764705882352942
0.07744107744107744
0.15726817042606517
0.12119013062409288
0.07619738751814223
0.10087719298245613
0.04499274310595065
0.09143686502177069
0.18766233766233767
0.2956730769230769
0.09333333333333334
0.08081632653061224
0.1418588399720475
0.1851179673321234
0.18980392156862744
--------------------------------
top-10
0.3333333333333333
0.24242424242424243
0.06666666666666667
0.06666666666666667
0.13333333333333333
0.06666666666666667
0.18181818181818182
0.12727272727272726
0.3333333333333333
0.10909090909090909
0.3787878787878788
0.09090909090909091
0.08888888888888889
0.2
0.28888888888888886
0.03636363636363636
0.022222222222222223
0.3516483516483517
0.16363636363636364
0.5494505494505495
0.10606060606060606
0.16666666666666666
0.36363636363636365
0.05454545454545454
0.19696969696969696
0.022222222222222223
0.41818181818181815
0.1111111111111111
0.18181818181818182
0.34615384615384615
0.03636363636363636
0.06666666666666667
0.7333333333333333
0.16363636363636364
0.28205128205128205
0.24242424242424243
0.2545454545454545
0.2878787878787879
0.2545454545454545
0.5111111111111111
0.23076923076923078
0.01818181818181818
0.16363636363636364
0.06666666666666667
0.13636363636363635
0.044444444444444446
0.05454545454545454
0.14545454545454545
0.4
0.06666666666666667
0.022222222222222223
0.3717948717948718
0.07272727272727272
0.044444444444444446
0.45454545454545453
0.26666666666666666
0.49523809523809526
0.0
0.19696969696969696
0.09090909090909091
0.12727272727272726
0.14545454545454545
0.06666666666666667
0.044444444444444446
0.2727272727272727
0.3974358974358974
0.12121212121212122
0.2222222222222222
0.15151515151515152
0.08888888888888889
0.09090909090909091
0.14545454545454545
0.24444444444444444
0.05454545454545454
0.17777777777777778
0.022222222222222223
0.14545454545454545
0.16363636363636364
0.14545454545454545
0.12121212121212122
0.48717948717948717
0.13636363636363635
0.06666666666666667
0.4696969696969697
0.15555555555555556
0.10606060606060606
0.05454545454545454
0.2
0.24242424242424243
0.35555555555555557
0.10909090909090909
0.022222222222222223
0.2
0.21212121212121213
0.05454545454545454
0.4065934065934066
0.022222222222222223
0.20512820512820512
0.15555555555555556
0.32051282051282054
--------------------------------
top-5
0.7142857142857143
0.2
0.13333333333333333
0.06666666666666667
0.3333333333333333
0.0
0.1
0.1
0.2857142857142857
0.0
0.5714285714285714
0.26666666666666666
0.06666666666666667
0.0
0.5714285714285714
0.1
0.1
0.2
0.4666666666666667
0.5357142857142857
0.1
0.13333333333333333
0.6190476190476191
0.1
0.06666666666666667
0.0
0.6071428571428571
0.3
0.3333333333333333
0.2857142857142857
0.0
0.1
0.7777777777777778
0.13333333333333333
0.2
0.06666666666666667
0.3333333333333333
0.6
0.8
0.7857142857142857
0.13333333333333333
0.0
0.2
0.2
0.0
0.1
0.2
0.26666666666666666
0.6071428571428571
0.0
0.1
0.6428571428571429
0.0
0.0
0.6428571428571429
0.3333333333333333
0.26666666666666666
0.0
0.13333333333333333
0.06666666666666667
0.06666666666666667
0.5
0.1
0.2
0.4666666666666667
0.3333333333333333
0.0
0.5714285714285714
0.0
0.1
0.3
0.4
0.4
0.0
0.4
0.1
0.06666666666666667
0.2
0.2
0.1
0.47619047619047616
0.2
0.13333333333333333
0.75
0.3333333333333333
0.1
0.0
0.5333333333333333
0.06666666666666667
0.5357142857142857
0.0
0.1
0.1
0.26666666666666666
0.06666666666666667
0.3
0.0
0.0
0.2
0.2

Average50: 0.11788977199960783	Count: 100
Average10: 0.18904562104562092	Count: 100
Average5: 0.2391349206349206	Count: 100
