--------------------------------
top-50
0.18376623376623377
0.30639097744360905
0.09023569023569024
0.0641025641025641
0.20050125313283207
0.3333333333333333
0.09879336349924585
0.04897959183673469
0.11510204081632654
0.0326530612244898
0.3966155473294553
0.10621942697414395
0.12142857142857143
0.04326530612244898
0.29017857142857145
0.1869328493647913
0.07878787878787878
0.18940493468795355
0.0936026936026936
0.0946938775510204
0.09216255442670537
0.17387755102040817
0.07767722473604827
0.22431372549019607
0.05656108597285068
0.4800804828973843
0.3590692755156002
0.10105580693815988
0.1616883116883117
0.08571428571428572
0.047895500725689405
0.10745098039215686
0.08653061224489796
0.1331168831168831
0.2942760942760943
0.08831168831168831
0.12727272727272726
0.13647058823529412
0.07756813417190776
0.17982456140350878
0.09090909090909091
0.09740259740259741
0.2459016393442623
0.32821300563236044
0.0792156862745098
0.1628232005590496
0.25806451612903225
0.09725490196078432
0.1038961038961039
0.06079664570230608
0.05568627450980392
0.2706766917293233
0.06778476589797344
0.6308771929824561
0.18572292800967938
0.0784313725490196
0.1949685534591195
0.0880503144654088
0.06693877551020408
0.09216255442670537
0.06745098039215686
0.12549019607843137
0.1869328493647913
0.42377622377622376
0.07755102040816327
0.11250873515024458
0.17330538085255065
0.05505279034690799
0.15838690824079485
0.23220338983050848
0.07256894049346879
0.03167420814479638
0.1355111917725348
0.1138763197586727
0.2577440093512566
0.125544267053701
0.15194805194805194
0.16473149492017417
0.07918552036199095
0.29152542372881357
0.30282485875706217
0.08244897959183674
0.08896103896103896
0.11390635918937805
0.3199365415124273
0.20175438596491227
0.05805515239477504
0.17604355716878403
0.10196078431372549
0.12142857142857143
0.12481857764876633
0.08780841799709724
0.17722473604826547
0.23076923076923078
0.10831586303284417
0.1422077922077922
0.17042606516290726
0.07329462989840348
0.050980392156862744
0.1761006289308176
--------------------------------
top-10
0.12121212121212122
0.45054945054945056
0.21818181818181817
0.022222222222222223
0.03636363636363636
0.14545454545454545
0.4
0.14545454545454545
0.32051282051282054
0.06666666666666667
0.8823529411764706
0.18181818181818182
0.10909090909090909
0.32727272727272727
0.2909090909090909
0.34545454545454546
0.03636363636363636
0.49523809523809526
0.26666666666666666
0.46153846153846156
0.05454545454545454
0.7428571428571429
0.5494505494505495
0.19696969696969696
0.14545454545454545
0.07272727272727272
0.3333333333333333
0.12727272727272726
0.2878787878787879
0.3484848484848485
0.01818181818181818
0.21212121212121213
0.3090909090909091
0.3484848484848485
0.41025641025641024
0.24242424242424243
0.7121212121212122
0.2727272727272727
0.2222222222222222
0.4
0.6222222222222222
0.36363636363636365
0.2222222222222222
0.28205128205128205
0.15151515151515152
0.16363636363636364
0.2
0.2
0.09090909090909091
0.08888888888888889
0.044444444444444446
0.4835164835164835
0.14545454545454545
0.5047619047619047
0.19696969696969696
0.34615384615384615
0.6691176470588235
0.10909090909090909
0.3181818181818182
0.2
0.05454545454545454
0.2545454545454545
0.2222222222222222
0.28205128205128205
0.5238095238095238
0.5333333333333333
0.18181818181818182
0.15151515151515152
0.16666666666666666
0.45054945054945056
0.3484848484848485
0.16363636363636364
0.2727272727272727
0.07272727272727272
0.24444444444444444
0.24444444444444444
0.2222222222222222
0.022222222222222223
0.10909090909090909
0.16363636363636364
0.8
0.19696969696969696
0.07272727272727272
0.24444444444444444
0.08888888888888889
0.06666666666666667
0.06666666666666667
0.12727272727272726
0.38461538461538464
0.022222222222222223
0.43956043956043955
0.044444444444444446
0.358974358974359
0.24242424242424243
0.21212121212121213
0.4725274725274725
0.15555555555555556
0.1111111111111111
0.24444444444444444
0.6583333333333333
--------------------------------
top-5
0.2
0.2
0.5333333333333333
0.0
0.1
0.2
0.38095238095238093
0.13333333333333333
0.2
0.2
1.0
0.7
0.2
0.47619047619047616
0.6190476190476191
0.6190476190476191
0.0
0.26666666666666666
0.4
0.42857142857142855
0.0
0.8055555555555556
0.8095238095238095
0.3
0.2857142857142857
0.1
0.5238095238095238
0.2
0.4666666666666667
0.26666666666666666
0.0
0.13333333333333333
0.6
0.6071428571428571
0.4666666666666667
0.2
0.9166666666666666
0.06666666666666667
0.6
0.6785714285714286
0.9444444444444444
0.5714285714285714
0.3
0.5
0.13333333333333333
0.5333333333333333
0.26666666666666666
0.2857142857142857
0.26666666666666666
0.0
0.1
0.2857142857142857
0.5
0.4
0.06666666666666667
0.5
0.2857142857142857
0.1
0.26666666666666666
0.06666666666666667
0.0
0.4666666666666667
0.4666666666666667
0.2
0.5714285714285714
0.75
0.2
0.4666666666666667
0.0
0.2
0.47619047619047616
0.2
0.2
0.1
0.4
0.6190476190476191
0.13333333333333333
0.1
0.1
0.4
1.0
0.2
0.0
0.4
0.3
0.2
0.1
0.3333333333333333
0.13333333333333333
0.1
0.2857142857142857
0.13333333333333333
0.3333333333333333
0.3333333333333333
0.2
0.5714285714285714
0.4666666666666667
0.13333333333333333
0.5
0.6111111111111112

Average50: 0.1536791711767891	Count: 100
Average10: 0.2642736413912884	Count: 100
Average5: 0.3364206349206348	Count: 100
