--------------------------------
top-50
0.06734006734006734
0.07058823529411765
0.1262699564586357
0.03764705882352941
0.1282051282051282
0.09225589225589226
0.10159651669085631
0.09724238026124818
0.06431372549019608
0.09675324675324676
0.2627118644067797
0.08148148148148149
0.033936651583710405
0.06693877551020408
0.1953405017921147
0.03996983408748114
0.09200603318250378
0.19326599326599325
0.061683599419448475
0.1592156862745098
0.18775510204081633
0.0969079939668175
0.06748911465892599
0.12816326530612246
0.05803921568627451
0.12390572390572391
0.18770491803278688
0.14983164983164984
0.042986425339366516
0.08446455505279035
0.16878402903811252
0.04816326530612245
0.14530612244897959
0.07769423558897243
0.17053701015965167
0.10708898944193061
0.09329140461215933
0.09577677224736049
0.09562289562289562
0.09276018099547512
0.09176470588235294
0.106203007518797
0.048265460030165915
0.14285714285714285
0.05079825834542816
0.20200951877313592
0.08470588235294117
0.09647058823529411
0.03764705882352941
0.13795918367346938
0.09803921568627451
0.14612794612794613
0.2441016333938294
0.10227272727272728
0.1572897761645493
0.05660377358490566
0.1872053872053872
0.07547169811320754
0.09568627450980392
0.08454281567489115
0.07315233785822021
0.11973875181422351
0.19460602855631942
0.15780245470485096
0.08200290275761973
0.12954545454545455
0.10159651669085631
0.07805429864253394
0.15780245470485096
0.0783744557329463
0.08521870286576169
0.03294117647058824
0.22131147540983606
0.06636500754147813
0.17846339987900786
0.11010558069381599
0.0965166908563135
0.10412299091544375
0.12578616352201258
0.07365747460087083
0.14276094276094276
0.09803921568627451
0.02588235294117647
0.08653061224489796
0.19454887218045114
0.07764705882352942
0.07037037037037037
0.143796992481203
0.11901306240928883
0.07402031930333818
0.08771929824561403
0.04281567489114659
0.08925979680696662
0.1775974025974026
0.24519230769230768
0.09333333333333334
0.08081632653061224
0.1376659678546471
0.16817906836055657
0.18980392156862744
--------------------------------
top-10
0.3333333333333333
0.22727272727272727
0.06666666666666667
0.06666666666666667
0.13333333333333333
0.06666666666666667
0.16666666666666666
0.12727272727272726
0.3181818181818182
0.10909090909090909
0.36363636363636365
0.09090909090909091
0.08888888888888889
0.2
0.28888888888888886
0.03636363636363636
0.022222222222222223
0.2857142857142857
0.16363636363636364
0.4835164835164835
0.09090909090909091
0.15151515151515152
0.36363636363636365
0.05454545454545454
0.18181818181818182
0.022222222222222223
0.41818181818181815
0.1111111111111111
0.16666666666666666
0.3076923076923077
0.03636363636363636
0.06666666666666667
0.6083333333333333
0.16363636363636364
0.24358974358974358
0.22727272727272727
0.2545454545454545
0.2727272727272727
0.2545454545454545
0.5111111111111111
0.19230769230769232
0.01818181818181818
0.16363636363636364
0.06666666666666667
0.12121212121212122
0.044444444444444446
0.05454545454545454
0.14545454545454545
0.4
0.06666666666666667
0.022222222222222223
0.3333333333333333
0.07272727272727272
0.044444444444444446
0.4393939393939394
0.26666666666666666
0.4
0.0
0.18181818181818182
0.09090909090909091
0.12727272727272726
0.14545454545454545
0.06666666666666667
0.044444444444444446
0.25757575757575757
0.358974358974359
0.10606060606060606
0.2222222222222222
0.13636363636363635
0.08888888888888889
0.09090909090909091
0.14545454545454545
0.24444444444444444
0.05454545454545454
0.17777777777777778
0.022222222222222223
0.14545454545454545
0.16363636363636364
0.14545454545454545
0.10606060606060606
0.44871794871794873
0.12121212121212122
0.06666666666666667
0.45454545454545453
0.15555555555555556
0.09090909090909091
0.05454545454545454
0.2
0.22727272727272727
0.35555555555555557
0.10909090909090909
0.022222222222222223
0.2
0.19696969696969696
0.05454545454545454
0.34065934065934067
0.022222222222222223
0.16666666666666666
0.15555555555555556
0.28205128205128205
--------------------------------
top-5
0.6666666666666666
0.2
0.13333333333333333
0.06666666666666667
0.3333333333333333
0.0
0.1
0.1
0.23809523809523808
0.0
0.5238095238095238
0.26666666666666666
0.06666666666666667
0.0
0.5238095238095238
0.1
0.1
0.2
0.4666666666666667
0.44642857142857145
0.1
0.13333333333333333
0.5714285714285714
0.1
0.06666666666666667
0.0
0.5
0.3
0.3333333333333333
0.23809523809523808
0.0
0.1
0.6111111111111112
0.13333333333333333
0.2
0.06666666666666667
0.3333333333333333
0.6
0.8
0.6785714285714286
0.13333333333333333
0.0
0.2
0.2
0.0
0.1
0.2
0.26666666666666666
0.5
0.0
0.1
0.5357142857142857
0.0
0.0
0.5357142857142857
0.2857142857142857
0.26666666666666666
0.0
0.13333333333333333
0.06666666666666667
0.06666666666666667
0.5
0.1
0.2
0.4666666666666667
0.2857142857142857
0.0
0.5
0.0
0.1
0.3
0.4
0.4
0.0
0.4
0.1
0.06666666666666667
0.2
0.2
0.1
0.42857142857142855
0.2
0.13333333333333333
0.6428571428571429
0.3333333333333333
0.1
0.0
0.5333333333333333
0.06666666666666667
0.42857142857142855
0.0
0.1
0.1
0.26666666666666666
0.06666666666666667
0.3
0.0
0.0
0.2
0.2

Average50: 0.11149214767931552	Count: 100
Average10: 0.17845496170496158	Count: 100
Average5: 0.22407539682539682	Count: 100
