--------------------------------
top-50
0.2075015124016939
0.20802005012531327
0.08484848484848485
0.10595065312046444
0.20280537697253068
0.0660377358490566
0.13972431077694236
0.08081632653061224
0.13046757164404224
0.07428571428571429
0.35909090909090907
0.10774410774410774
0.0957372466806429
0.09216255442670537
0.19461279461279463
0.2675832892649392
0.08417508417508418
0.18506493506493507
0.053544494720965306
0.07616892911010557
0.12917271407837447
0.16400580551523947
0.08080808080808081
0.21883116883116882
0.07529411764705882
0.0841799709724238
0.3081967213114754
0.19057239057239056
0.13157894736842105
0.0899854862119013
0.03215686274509804
0.09653092006033183
0.11843137254901961
0.16212946158499697
0.3032581453634085
0.09805194805194806
0.05224963715529753
0.15233785822021115
0.1586303284416492
0.09285714285714286
0.083710407239819
0.04499274310595065
0.20451977401129945
0.25310734463276835
0.08597285067873303
0.3077736647276573
0.2546448087431694
0.1243885394828791
0.10025062656641603
0.06531986531986532
0.038461538461538464
0.23340321453529
0.05858585858585859
0.62
0.15910465819721717
0.04470588235294118
0.2051948051948052
0.06711915535444947
0.09796806966618288
0.11320754716981132
0.12156862745098039
0.16063348416289594
0.1706604324956166
0.42469470827679784
0.05333333333333334
0.1530550514216576
0.18378756114605171
0.08235294117647059
0.09216255442670537
0.20387174833635813
0.15024458420684836
0.05370101596516691
0.17708942139099942
0.1223529411764706
0.21657592256503327
0.12844611528822056
0.1744107744107744
0.14078374455732948
0.1286195286195286
0.2506265664160401
0.33989071038251367
0.11529411764705882
0.08144796380090498
0.1344155844155844
0.27075621364357483
0.19782214156079855
0.054426705370101594
0.15668481548699334
0.07607843137254902
0.11842105263157894
0.07686932215234102
0.07088989441930618
0.16110304789550073
0.17420814479638008
0.11949685534591195
0.08888888888888889
0.15601503759398497
0.03770739064856712
0.09803921568627451
0.1191553544494721
--------------------------------
top-10
0.03636363636363636
0.41025641025641024
0.08888888888888889
0.05454545454545454
0.10909090909090909
0.14545454545454545
0.12727272727272726
0.23636363636363636
0.12121212121212122
0.2
0.6083333333333333
0.01818181818181818
0.022222222222222223
0.3181818181818182
0.13333333333333333
0.2909090909090909
0.08888888888888889
0.24242424242424243
0.2727272727272727
0.14545454545454545
0.14545454545454545
0.5714285714285714
0.3333333333333333
0.05454545454545454
0.30303030303030304
0.06666666666666667
0.3076923076923077
0.28205128205128205
0.23076923076923078
0.06666666666666667
0.022222222222222223
0.1111111111111111
0.25757575757575757
0.3939393939393939
0.48484848484848486
0.19696969696969696
0.19696969696969696
0.22727272727272727
0.24358974358974358
0.12727272727272726
0.4666666666666667
0.044444444444444446
0.3333333333333333
0.2564102564102564
0.3333333333333333
0.10909090909090909
0.3111111111111111
0.3333333333333333
0.14545454545454545
0.022222222222222223
0.0
0.30303030303030304
0.12727272727272726
0.49523809523809526
0.24242424242424243
0.2
0.5512820512820513
0.0
0.23636363636363636
0.15151515151515152
0.14545454545454545
0.21794871794871795
0.16363636363636364
0.30303030303030304
0.12727272727272726
0.022222222222222223
0.3333333333333333
0.0
0.03636363636363636
0.3956043956043956
0.3333333333333333
0.13636363636363635
0.3333333333333333
0.09090909090909091
0.32727272727272727
0.06666666666666667
0.3090909090909091
0.25757575757575757
0.09090909090909091
0.044444444444444446
0.3333333333333333
0.07272727272727272
0.1111111111111111
0.08888888888888889
0.08888888888888889
0.1111111111111111
0.022222222222222223
0.1111111111111111
0.05454545454545454
0.05454545454545454
0.13333333333333333
0.044444444444444446
0.3787878787878788
0.2
0.15151515151515152
0.10909090909090909
0.0
0.06666666666666667
0.14545454545454545
0.13636363636363635
--------------------------------
top-5
0.0
0.47619047619047616
0.13333333333333333
0.0
0.06666666666666667
0.06666666666666667
0.06666666666666667
0.2
0.0
0.42857142857142855
0.47619047619047616
0.0
0.0
0.42857142857142855
0.2
0.47619047619047616
0.06666666666666667
0.13333333333333333
0.42857142857142855
0.0
0.13333333333333333
0.47619047619047616
0.3333333333333333
0.1
0.38095238095238093
0.06666666666666667
0.26666666666666666
0.1
0.0
0.0
0.0
0.2
0.47619047619047616
0.5714285714285714
0.6785714285714286
0.0
0.2
0.1
0.2
0.06666666666666667
0.7857142857142857
0.13333333333333333
0.4
0.3
0.06666666666666667
0.26666666666666666
0.4666666666666667
0.2857142857142857
0.2
0.0
0.0
0.42857142857142855
0.13333333333333333
0.4
0.13333333333333333
0.23809523809523808
0.9166666666666666
0.0
0.13333333333333333
0.06666666666666667
0.2
0.0
0.26666666666666666
0.5333333333333333
0.4
0.0
0.42857142857142855
0.0
0.1
0.13333333333333333
0.3333333333333333
0.0
0.2857142857142857
0.0
0.26666666666666666
0.2
0.3333333333333333
0.26666666666666666
0.13333333333333333
0.1
0.47619047619047616
0.0
0.06666666666666667
0.1
0.2
0.3333333333333333
0.1
0.26666666666666666
0.06666666666666667
0.1
0.1
0.0
0.5333333333333333
0.2
0.0
0.1
0.0
0.13333333333333333
0.0
0.2

Average50: 0.14554614460829896	Count: 100
Average10: 0.1910494782994783	Count: 100
Average5: 0.20309523809523808	Count: 100
