--------------------------------
top-50
0.045422781271837874
0.262531328320802
0.07272727272727272
0.08
0.161826981246219
0.08350168350168351
0.10437710437710437
0.08144796380090498
0.08069381598793364
0.10431372549019607
0.2901639344262295
0.0783744557329463
0.08013468013468013
0.10341074020319303
0.06493506493506493
0.06966618287373004
0.15947420634920634
0.1574746008708273
0.07662337662337662
0.07390648567119155
0.15529411764705883
0.09577677224736049
0.06313497822931785
0.13976240391334732
0.09506531204644413
0.029753265602322207
0.13033313851548803
0.2236198462613557
0.08127721335268505
0.07477288609364081
0.023378582202111614
0.1607843137254902
0.12163265306122449
0.1560798548094374
0.20029027576197386
0.12974868497954412
0.09383116883116883
0.12862745098039216
0.14545454545454545
0.13972431077694236
0.07175324675324675
0.04600301659125189
0.18700564971751413
0.1259259259259259
0.09725490196078432
0.08708272859216255
0.15664160401002505
0.1468013468013468
0.07039187227866474
0.07676767676767676
0.03607843137254902
0.3138047138047138
0.03389238294898672
0.4318840579710145
0.10552061495457722
0.08784313725490196
0.19057239057239056
0.06821480406386067
0.07239819004524888
0.09049773755656108
0.09490196078431372
0.23058823529411765
0.06787330316742081
0.331524197195839
0.0792156862745098
0.10062893081761007
0.15218855218855218
0.09176470588235294
0.047895500725689405
0.1367211131276467
0.16298701298701299
0.03996983408748114
0.054426705370101594
0.083710407239819
0.1191772534785239
0.07197763801537387
0.17819706498951782
0.1898989898989899
0.11851851851851852
0.22305194805194806
0.392090395480226
0.12518853695324283
0.07910014513788098
0.10202655485674354
0.12772133526850507
0.16040100250626566
0.04934687953555878
0.08549019607843138
0.13411764705882354
0.05805515239477504
0.0649895178197065
0.03607843137254902
0.12917271407837447
0.2249158249158249
0.14545454545454545
0.08245981830887492
0.09562289562289562
0.06059506531204644
0.0784313725490196
0.21052631578947367
--------------------------------
top-10
0.022222222222222223
0.2878787878787879
0.15555555555555556
0.10909090909090909
0.07272727272727272
0.2878787878787879
0.3111111111111111
0.3333333333333333
0.19696969696969696
0.37362637362637363
0.5
0.01818181818181818
0.022222222222222223
0.4166666666666667
0.06666666666666667
0.13333333333333333
0.07272727272727272
0.45054945054945056
0.23636363636363636
0.3974358974358974
0.18181818181818182
0.3523809523809524
0.42857142857142855
0.12121212121212122
0.38461538461538464
0.08888888888888889
0.20512820512820512
0.38095238095238093
0.09090909090909091
0.2222222222222222
0.0
0.1111111111111111
0.21794871794871795
0.4696969696969697
0.4
0.05454545454545454
0.25757575757575757
0.2564102564102564
0.23484848484848486
0.38181818181818183
0.24444444444444444
0.06666666666666667
0.26666666666666666
0.022222222222222223
0.34065934065934067
0.08888888888888889
0.2909090909090909
0.25757575757575757
0.19696969696969696
0.08333333333333333
0.0
0.4380952380952381
0.08888888888888889
0.3904761904761905
0.21212121212121213
0.5
0.6043956043956044
0.0
0.2
0.2564102564102564
0.15151515151515152
0.2727272727272727
0.07272727272727272
0.23636363636363636
0.3717948717948718
0.15555555555555556
0.37362637362637363
0.0
0.2
0.2564102564102564
0.6153846153846154
0.1111111111111111
0.09090909090909091
0.15151515151515152
0.10909090909090909
0.2222222222222222
0.3090909090909091
0.2948717948717949
0.16363636363636364
0.15151515151515152
0.8014705882352942
0.16666666666666666
0.37777777777777777
0.13333333333333333
0.06666666666666667
0.03333333333333333
0.12727272727272726
0.15555555555555556
0.32051282051282054
0.09090909090909091
0.05454545454545454
0.044444444444444446
0.3974358974358974
0.3333333333333333
0.12121212121212122
0.32727272727272727
0.022222222222222223
0.07272727272727272
0.14545454545454545
0.675
--------------------------------
top-5
0.1
0.2
0.3333333333333333
0.2
0.06666666666666667
0.2857142857142857
0.3333333333333333
0.3333333333333333
0.2
0.38095238095238093
0.75
0.0
0.0
0.5535714285714286
0.2
0.2
0.06666666666666667
0.5714285714285714
0.2857142857142857
0.5714285714285714
0.13333333333333333
0.13333333333333333
0.5
0.0
0.5357142857142857
0.13333333333333333
0.06666666666666667
0.13333333333333333
0.06666666666666667
0.3333333333333333
0.0
0.2
0.13333333333333333
0.6388888888888888
0.38095238095238093
0.0
0.4666666666666667
0.26666666666666666
0.26666666666666666
0.6071428571428571
0.06666666666666667
0.13333333333333333
0.26666666666666666
0.1
0.06666666666666667
0.2
0.4666666666666667
0.2857142857142857
0.3
0.0
0.0
0.5238095238095238
0.13333333333333333
0.3333333333333333
0.13333333333333333
0.6944444444444444
0.8333333333333334
0.0
0.26666666666666666
0.2
0.2
0.6666666666666666
0.2
0.4666666666666667
0.5714285714285714
0.3333333333333333
0.42857142857142855
0.0
0.3333333333333333
0.2
0.7142857142857143
0.1
0.13333333333333333
0.1
0.1
0.5333333333333333
0.38095238095238093
0.26666666666666666
0.13333333333333333
0.2
0.7777777777777778
0.06666666666666667
0.6666666666666666
0.1
0.2
0.13333333333333333
0.2
0.4
0.5238095238095238
0.1
0.13333333333333333
0.0
0.42857142857142855
0.3333333333333333
0.0
0.47619047619047616
0.0
0.1
0.1
0.7555555555555555

Average50: 0.1213268449356876	Count: 100
Average10: 0.22631132592897305	Count: 100
Average5: 0.27189285714285716	Count: 100
