--------------------------------
top-50
0.17402597402597403
0.2932330827067669
0.08350168350168351
0.06334841628959276
0.18734335839598998
0.2773892773892774
0.09803921568627451
0.04897959183673469
0.11510204081632654
0.0326530612244898
0.3617133791644632
0.10202655485674354
0.11136363636363636
0.04285714285714286
0.24503968253968253
0.16969147005444646
0.0723905723905724
0.18722786647314948
0.08653198653198653
0.0946938775510204
0.0899854862119013
0.17387755102040817
0.07692307692307693
0.22431372549019607
0.05580693815987934
0.3955734406438632
0.32416710735060816
0.10030165912518854
0.15194805194805194
0.08571428571428572
0.045718432510885344
0.10745098039215686
0.08653061224489796
0.12337662337662338
0.28754208754208754
0.07954545454545454
0.1202020202020202
0.13647058823529412
0.07337526205450734
0.16666666666666666
0.08116883116883117
0.08831168831168831
0.21584699453551912
0.2880184331797235
0.0792156862745098
0.1586303284416492
0.2231623479640402
0.09725490196078432
0.09415584415584416
0.05695317959468903
0.05568627450980392
0.25720551378446116
0.0639412997903564
0.5168421052631579
0.16878402903811252
0.0784313725490196
0.19077568134171907
0.08385744234800839
0.06693877551020408
0.0899854862119013
0.06705882352941177
0.12549019607843137
0.16999395039322443
0.3678321678321678
0.07755102040816327
0.10831586303284417
0.16911250873515024
0.053167420814479636
0.13734658094681473
0.20677966101694914
0.07039187227866474
0.03092006033182504
0.11826981246218995
0.11312217194570136
0.23670368205727646
0.12300435413642961
0.1422077922077922
0.1625544267053701
0.0784313725490196
0.26581920903954803
0.2774011299435028
0.08244897959183674
0.07922077922077922
0.10971348707197764
0.2850343733474352
0.18828320802005014
0.05587808417997097
0.1588021778584392
0.10196078431372549
0.11168831168831168
0.12264150943396226
0.08563134978229318
0.17647058823529413
0.23001508295625941
0.10377358490566038
0.13246753246753246
0.15726817042606517
0.07111756168359942
0.050980392156862744
0.1740041928721174
--------------------------------
top-10
0.10606060606060606
0.38461538461538464
0.21818181818181817
0.022222222222222223
0.03636363636363636
0.14545454545454545
0.4
0.14545454545454545
0.28205128205128205
0.06666666666666667
0.7279411764705882
0.18181818181818182
0.10909090909090909
0.32727272727272727
0.2909090909090909
0.34545454545454546
0.03636363636363636
0.4
0.26666666666666666
0.4230769230769231
0.05454545454545454
0.6476190476190476
0.4835164835164835
0.18181818181818182
0.14545454545454545
0.07272727272727272
0.3333333333333333
0.12727272727272726
0.2727272727272727
0.3333333333333333
0.01818181818181818
0.19696969696969696
0.3090909090909091
0.3333333333333333
0.3717948717948718
0.22727272727272727
0.696969696969697
0.25757575757575757
0.2222222222222222
0.4
0.6222222222222222
0.36363636363636365
0.2222222222222222
0.24358974358974358
0.13636363636363635
0.16363636363636364
0.2
0.2
0.09090909090909091
0.08888888888888889
0.044444444444444446
0.4175824175824176
0.14545454545454545
0.4095238095238095
0.18181818181818182
0.3076923076923077
0.5147058823529411
0.09090909090909091
0.30303030303030304
0.2
0.05454545454545454
0.2545454545454545
0.2222222222222222
0.24358974358974358
0.42857142857142855
0.5333333333333333
0.16666666666666666
0.14393939393939395
0.15151515151515152
0.38461538461538464
0.3333333333333333
0.16363636363636364
0.25757575757575757
0.07272727272727272
0.24444444444444444
0.24444444444444444
0.2222222222222222
0.022222222222222223
0.10909090909090909
0.16363636363636364
0.7047619047619048
0.18181818181818182
0.07272727272727272
0.24444444444444444
0.08888888888888889
0.05555555555555555
0.06666666666666667
0.12727272727272726
0.31868131868131866
0.022222222222222223
0.37362637362637363
0.044444444444444446
0.32051282051282054
0.22727272727272727
0.19696969696969696
0.4065934065934066
0.15555555555555556
0.1111111111111111
0.24444444444444444
0.5583333333333333
--------------------------------
top-5
0.2
0.2
0.5333333333333333
0.0
0.1
0.2
0.3333333333333333
0.13333333333333333
0.2
0.2
0.7777777777777778
0.7
0.2
0.42857142857142855
0.5714285714285714
0.5714285714285714
0.0
0.26666666666666666
0.4
0.40476190476190477
0.0
0.6388888888888888
0.7619047619047619
0.3
0.23809523809523808
0.1
0.47619047619047616
0.2
0.4666666666666667
0.26666666666666666
0.0
0.13333333333333333
0.6
0.5
0.4666666666666667
0.2
0.7638888888888888
0.06666666666666667
0.6
0.5714285714285714
0.7777777777777778
0.5238095238095238
0.3
0.5
0.13333333333333333
0.5333333333333333
0.26666666666666666
0.23809523809523808
0.26666666666666666
0.0
0.1
0.23809523809523808
0.5
0.4
0.06666666666666667
0.5
0.23809523809523808
0.1
0.26666666666666666
0.06666666666666667
0.0
0.4666666666666667
0.4666666666666667
0.2
0.4642857142857143
0.6428571428571429
0.2
0.36666666666666664
0.0
0.2
0.42857142857142855
0.2
0.2
0.1
0.4
0.5714285714285714
0.13333333333333333
0.1
0.1
0.4
0.7777777777777778
0.2
0.0
0.4
0.3
0.2
0.1
0.3333333333333333
0.13333333333333333
0.1
0.23809523809523808
0.13333333333333333
0.3333333333333333
0.3333333333333333
0.2
0.4642857142857143
0.36666666666666664
0.13333333333333333
0.5
0.5277777777777778

Average50: 0.1428668236360516	Count: 100
Average10: 0.24486833428009894	Count: 100
Average5: 0.31201984126984117	Count: 100
