--------------------------------
top-50
0.19056261343012704
0.19486215538847118
0.07811447811447811
0.10377358490566038
0.18147282291057862
0.06386066763425254
0.12656641604010024
0.08081632653061224
0.1297134238310709
0.07428571428571429
0.34935064935064936
0.10101010101010101
0.09154437456324249
0.08962264150943396
0.18787878787878787
0.23268112109994712
0.07744107744107744
0.17532467532467533
0.05279034690799397
0.07541478129713423
0.1269956458635704
0.16182873730043543
0.07407407407407407
0.20909090909090908
0.07529411764705882
0.08200290275761973
0.27814207650273226
0.18383838383838383
0.11842105263157894
0.08780841799709724
0.03215686274509804
0.09577677224736049
0.11843137254901961
0.14519056261343014
0.2901002506265664
0.08831168831168831
0.050072568940493466
0.1515837104072398
0.15443745632424877
0.08311688311688312
0.08295625942684766
0.043178519593613934
0.1790960451977401
0.22768361581920904
0.08521870286576169
0.27287149656266524
0.22459016393442624
0.12019566736547868
0.08709273182957393
0.05858585858585859
0.036284470246734396
0.2292103424178896
0.05218855218855219
0.5059649122807017
0.14216575922565033
0.04470588235294118
0.19545454545454546
0.06636500754147813
0.09579100145137881
0.1090146750524109
0.12156862745098039
0.15987933634992457
0.14962010520163646
0.36318407960199006
0.05333333333333334
0.13611615245009073
0.1795946890286513
0.08235294117647059
0.0899854862119013
0.1869328493647913
0.14605171208944795
0.05152394775036284
0.15604909409701928
0.1223529411764706
0.1996370235934664
0.11528822055137844
0.16767676767676767
0.1386066763425254
0.12188552188552189
0.237468671679198
0.30983606557377047
0.11529411764705882
0.08069381598793364
0.12467532467532468
0.23585404547858277
0.1808832425892317
0.05224963715529753
0.1397459165154265
0.07607843137254902
0.10526315789473684
0.0726764500349406
0.07013574660633484
0.15892597968069666
0.17345399698340874
0.11530398322851153
0.08215488215488216
0.14285714285714285
0.03695324283559578
0.09803921568627451
0.11840120663650075
--------------------------------
top-10
0.03636363636363636
0.3717948717948718
0.08888888888888889
0.05454545454545454
0.1
0.14545454545454545
0.12727272727272726
0.23636363636363636
0.10606060606060606
0.2
0.48333333333333334
0.01818181818181818
0.022222222222222223
0.29545454545454547
0.13333333333333333
0.2909090909090909
0.08888888888888889
0.22727272727272727
0.2727272727272727
0.14545454545454545
0.14545454545454545
0.47619047619047616
0.3181818181818182
0.05454545454545454
0.2878787878787879
0.06666666666666667
0.2692307692307692
0.24358974358974358
0.19230769230769232
0.06666666666666667
0.022222222222222223
0.1111111111111111
0.24242424242424243
0.3787878787878788
0.4696969696969697
0.18181818181818182
0.18181818181818182
0.21212121212121213
0.21153846153846154
0.12727272727272726
0.4666666666666667
0.044444444444444446
0.3333333333333333
0.21794871794871795
0.2948717948717949
0.10909090909090909
0.3111111111111111
0.3333333333333333
0.14545454545454545
0.022222222222222223
0.0
0.2878787878787879
0.12727272727272726
0.4
0.22727272727272727
0.2
0.5128205128205128
0.0
0.23636363636363636
0.13636363636363635
0.14545454545454545
0.1794871794871795
0.16363636363636364
0.2878787878787879
0.12727272727272726
0.022222222222222223
0.3181818181818182
0.0
0.03636363636363636
0.32967032967032966
0.2948717948717949
0.12121212121212122
0.3141025641025641
0.07575757575757576
0.32727272727272727
0.06666666666666667
0.3090909090909091
0.24242424242424243
0.09090909090909091
0.044444444444444446
0.3181818181818182
0.07272727272727272
0.1111111111111111
0.08888888888888889
0.08888888888888889
0.1
0.022222222222222223
0.1111111111111111
0.05454545454545454
0.05454545454545454
0.13333333333333333
0.044444444444444446
0.36363636363636365
0.2
0.13636363636363635
0.10909090909090909
0.0
0.06666666666666667
0.14545454545454545
0.12121212121212122
--------------------------------
top-5
0.0
0.42857142857142855
0.13333333333333333
0.0
0.06666666666666667
0.06666666666666667
0.06666666666666667
0.2
0.0
0.38095238095238093
0.42857142857142855
0.0
0.0
0.35714285714285715
0.2
0.42857142857142855
0.06666666666666667
0.13333333333333333
0.38095238095238093
0.0
0.13333333333333333
0.42857142857142855
0.2857142857142857
0.1
0.3333333333333333
0.06666666666666667
0.26666666666666666
0.1
0.0
0.0
0.0
0.2
0.42857142857142855
0.4642857142857143
0.5714285714285714
0.0
0.2
0.1
0.2
0.06666666666666667
0.6785714285714286
0.13333333333333333
0.4
0.3
0.06666666666666667
0.26666666666666666
0.4666666666666667
0.23809523809523808
0.2
0.0
0.0
0.38095238095238093
0.13333333333333333
0.4
0.13333333333333333
0.21428571428571427
0.75
0.0
0.13333333333333333
0.06666666666666667
0.2
0.0
0.26666666666666666
0.5333333333333333
0.4
0.0
0.38095238095238093
0.0
0.1
0.13333333333333333
0.2857142857142857
0.0
0.2619047619047619
0.0
0.26666666666666666
0.2
0.2857142857142857
0.26666666666666666
0.13333333333333333
0.1
0.42857142857142855
0.0
0.06666666666666667
0.1
0.2
0.3
0.1
0.26666666666666666
0.06666666666666667
0.1
0.1
0.0
0.5333333333333333
0.2
0.0
0.1
0.0
0.13333333333333333
0.0
0.2

Average50: 0.13590959193039176	Count: 100
Average10: 0.17949839049839045	Count: 100
Average5: 0.1895476190476191	Count: 100
