--------------------------------
top-50
0.061952861952861954
0.25877192982456143
0.06429070580013976
0.05370101596516691
0.16666666666666666
0.26865671641791045
0.023529411764705882
0.04816326530612245
0.03836734693877551
0.0392156862745098
0.22542372881355932
0.10707070707070707
0.09259259259259259
0.06862745098039216
0.08200290275761973
0.09958071278825996
0.03167420814479638
0.08941176470588236
0.07407407407407407
0.04653061224489796
0.032428355957767725
0.05714285714285714
0.05297532656023222
0.19090909090909092
0.04392156862745098
0.37287784679089025
0.1512401693889897
0.09796806966618288
0.1765049678550555
0.07673469387755102
0.04426705370101597
0.05803921568627451
0.0563265306122449
0.12142857142857143
0.05877551020408163
0.06966618287373004
0.07302585604472397
0.08784313725490196
0.08928571428571429
0.15
0.04072398190045249
0.05090497737556561
0.2374405076679006
0.09433962264150944
0.043740573152337855
0.0997822931785196
0.15454545454545454
0.06901960784313725
0.07777777777777778
0.05843137254901961
0.03294117647058824
0.21710526315789475
0.0418552036199095
0.43478260869565216
0.1788135593220339
0.04470588235294118
0.11828737300435414
0.07184325108853411
0.02980392156862745
0.054426705370101594
0.053061224489795916
0.06561085972850679
0.10377358490566038
0.35403863037752414
0.05725490196078432
0.08979734451432565
0.07910014513788098
0.15714285714285714
0.11168831168831168
0.14337568058076225
0.027149321266968326
0.04
0.09389140271493213
0.08069381598793364
0.15457184325108853
0.06784313725490196
0.13046757164404224
0.07541478129713423
0.04392156862745098
0.25248392752776155
0.2694235588972431
0.07102040816326531
0.06359189378057302
0.10027952480782669
0.11611030478955008
0.16606170598911071
0.05117845117845118
0.1653198653198653
0.0792156862745098
0.11528822055137844
0.08944793850454227
0.08735150244584207
0.061683599419448475
0.14027149321266968
0.05333817126269957
0.1111111111111111
0.12299091544374563
0.0859538784067086
0.050980392156862744
0.060408163265306125
--------------------------------
top-10
0.05454545454545454
0.24358974358974358
0.17777777777777778
0.022222222222222223
0.03636363636363636
0.08888888888888889
0.06666666666666667
0.18181818181818182
0.10909090909090909
0.1111111111111111
0.3076923076923077
0.16363636363636364
0.10909090909090909
0.3484848484848485
0.18181818181818182
0.14545454545454545
0.0
0.16363636363636364
0.23636363636363636
0.13636363636363635
0.0
0.23076923076923078
0.26666666666666666
0.09090909090909091
0.23636363636363636
0.03636363636363636
0.17777777777777778
0.09090909090909091
0.13636363636363635
0.22727272727272727
0.01818181818181818
0.044444444444444446
0.17777777777777778
0.36363636363636365
0.38181818181818183
0.09090909090909091
0.4
0.05454545454545454
0.10909090909090909
0.022222222222222223
0.06666666666666667
0.41818181818181815
0.21818181818181817
0.022222222222222223
0.08888888888888889
0.18181818181818182
0.2
0.0
0.09090909090909091
0.08888888888888889
0.044444444444444446
0.18181818181818182
0.14545454545454545
0.4
0.18181818181818182
0.03636363636363636
0.32967032967032966
0.10909090909090909
0.10909090909090909
0.07272727272727272
0.044444444444444446
0.09090909090909091
0.06666666666666667
0.19696969696969696
0.044444444444444446
0.24444444444444444
0.09090909090909091
0.14393939393939395
0.05454545454545454
0.21212121212121213
0.05454545454545454
0.18181818181818182
0.28205128205128205
0.03636363636363636
0.022222222222222223
0.06666666666666667
0.2222222222222222
0.022222222222222223
0.022222222222222223
0.13636363636363635
0.6916666666666667
0.21212121212121213
0.07272727272727272
0.24444444444444444
0.08888888888888889
0.011111111111111112
0.044444444444444446
0.12727272727272726
0.20512820512820512
0.0
0.23076923076923078
0.044444444444444446
0.18181818181818182
0.09090909090909091
0.09090909090909091
0.27472527472527475
0.13333333333333333
0.13333333333333333
0.2222222222222222
0.14545454545454545
--------------------------------
top-5
0.1
0.1
0.4
0.0
0.1
0.2
0.06666666666666667
0.13333333333333333
0.06666666666666667
0.0
0.06666666666666667
0.7
0.2
0.42857142857142855
0.3333333333333333
0.4
0.0
0.06666666666666667
0.4
0.0
0.0
0.13333333333333333
0.5238095238095238
0.1
0.38095238095238093
0.0
0.26666666666666666
0.2
0.13333333333333333
0.06666666666666667
0.0
0.0
0.5
0.5
0.5238095238095238
0.2
0.6666666666666666
0.06666666666666667
0.4
0.1
0.13333333333333333
0.5238095238095238
0.3
0.1
0.13333333333333333
0.6
0.26666666666666666
0.0
0.2
0.0
0.1
0.3333333333333333
0.5
0.3333333333333333
0.06666666666666667
0.0
0.2
0.1
0.1
0.06666666666666667
0.0
0.3
0.0
0.26666666666666666
0.0
0.47619047619047616
0.0
0.36666666666666664
0.0
0.13333333333333333
0.06666666666666667
0.1
0.2
0.0
0.1
0.3
0.2
0.1
0.1
0.4
0.7777777777777778
0.26666666666666666
0.0
0.4
0.3
0.06666666666666667
0.0
0.26666666666666666
0.1
0.0
0.06666666666666667
0.13333333333333333
0.1
0.1
0.2
0.2
0.36666666666666664
0.23809523809523808
0.4
0.13333333333333333

Average50: 0.10395243888313171	Count: 100
Average10: 0.14508688533688532	Count: 100
Average5: 0.19806349206349202	Count: 100
