--------------------------------
top-50
0.16493506493506493
0.10784313725490197
0.18293395675043833
0.06612244897959184
0.12597402597402596
0.20395480225988702
0.1474493361285814
0.13570391872278664
0.05176470588235294
0.09022556390977443
0.26767971946230273
0.10584415584415584
0.09805194805194806
0.07315233785822021
0.1305194805194805
0.132486388384755
0.10936408106219427
0.1444121915820029
0.11163062536528345
0.14985486211901305
0.10196078431372549
0.11529411764705882
0.08080808080808081
0.11137254901960784
0.07372549019607844
0.1548801870251315
0.1940385739333723
0.17669172932330826
0.13615819209039548
0.0942684766214178
0.3704206241519674
0.1048265460030166
0.10285714285714286
0.1081239041496201
0.19738751814223512
0.27978883861236803
0.18524590163934426
0.12159329140461216
0.11904761904761904
0.08748114630467571
0.07541478129713423
0.18383838383838383
0.07764876632801161
0.17105263157894737
0.06778476589797344
0.20928961748633879
0.15082956259426847
0.1027450980392157
0.11252268602540835
0.14352941176470588
0.08944793850454227
0.1792452830188679
0.38611670020120725
0.1397459165154265
0.06823529411764706
0.06966618287373004
0.18636363636363637
0.12597402597402596
0.1262699564586357
0.1383116883116883
0.10823529411764705
0.14395527603074773
0.11904761904761904
0.1847457627118644
0.11611030478955008
0.24378635642517188
0.11030478955007257
0.17777777777777778
0.25244755244755246
0.14223512336719885
0.08780841799709724
0.04053109713487072
0.09879336349924585
0.10062893081761007
0.3018633540372671
0.31797235023041476
0.10740203193033382
0.13721804511278196
0.11010558069381599
0.1037037037037037
0.15286195286195287
0.1033182503770739
0.07330827067669173
0.11952861952861953
0.19177253478523895
0.1088929219600726
0.06988120195667366
0.16152450090744103
0.1085972850678733
0.1786994367639529
0.09025974025974026
0.09837092731829573
0.11901306240928883
0.19486215538847118
0.1634056054997356
0.07088989441930618
0.06196078431372549
0.08385744234800839
0.1243885394828791
0.10633484162895927
--------------------------------
top-10
0.022222222222222223
0.28205128205128205
0.14545454545454545
0.044444444444444446
0.044444444444444446
0.2
0.37362637362637363
0.18181818181818182
0.2
0.15151515151515152
0.36363636363636365
0.07272727272727272
0.12727272727272726
0.23636363636363636
0.08888888888888889
0.09090909090909091
0.03636363636363636
0.2727272727272727
0.12727272727272726
0.16666666666666666
0.24444444444444444
0.5164835164835165
0.46153846153846156
0.09090909090909091
0.2727272727272727
0.0
0.41818181818181815
0.10606060606060606
0.5333333333333333
0.18181818181818182
0.022222222222222223
0.2
0.5333333333333333
0.2
0.18181818181818182
0.38095238095238093
0.14545454545454545
0.12727272727272726
0.15151515151515152
0.2909090909090909
0.3484848484848485
0.06666666666666667
0.07272727272727272
0.06666666666666667
0.2564102564102564
0.13333333333333333
0.0
0.12727272727272726
0.08888888888888889
0.044444444444444446
0.01818181818181818
0.3516483516483517
0.09090909090909091
0.2222222222222222
0.2878787878787879
0.13333333333333333
0.17777777777777778
0.03636363636363636
0.3090909090909091
0.20512820512820512
0.15151515151515152
0.24444444444444444
0.044444444444444446
0.06666666666666667
0.3181818181818182
0.14545454545454545
0.12121212121212122
0.13333333333333333
0.18181818181818182
0.2
0.2
0.09090909090909091
0.40384615384615385
0.09090909090909091
0.06666666666666667
0.06666666666666667
0.08888888888888889
0.16363636363636364
0.2948717948717949
0.15555555555555556
0.2878787878787879
0.22727272727272727
0.18181818181818182
0.09090909090909091
0.08888888888888889
0.0
0.10909090909090909
0.06666666666666667
0.24242424242424243
0.2222222222222222
0.07272727272727272
0.08888888888888889
0.14545454545454545
0.32051282051282054
0.05454545454545454
0.21818181818181817
0.18181818181818182
0.03636363636363636
0.10909090909090909
0.28846153846153844
--------------------------------
top-5
0.1
0.2
0.26666666666666666
0.06666666666666667
0.0
0.26666666666666666
0.3333333333333333
0.26666666666666666
0.2
0.06666666666666667
0.2857142857142857
0.2
0.06666666666666667
0.1
0.2
0.1
0.0
0.38095238095238093
0.26666666666666666
0.35714285714285715
0.23809523809523808
0.38095238095238093
0.5357142857142857
0.0
0.26666666666666666
0.0
0.47619047619047616
0.0
0.5357142857142857
0.13333333333333333
0.1
0.26666666666666666
0.42857142857142855
0.13333333333333333
0.4
0.06666666666666667
0.0
0.4
0.3
0.2
0.3333333333333333
0.13333333333333333
0.1
0.2
0.2
0.3333333333333333
0.0
0.3
0.2
0.0
0.0
0.3333333333333333
0.13333333333333333
0.2
0.38095238095238093
0.26666666666666666
0.23809523809523808
0.06666666666666667
0.2857142857142857
0.06666666666666667
0.13333333333333333
0.6
0.2
0.2
0.3333333333333333
0.26666666666666666
0.0
0.35714285714285715
0.06666666666666667
0.13333333333333333
0.2
0.06666666666666667
0.5178571428571429
0.2
0.1
0.2
0.13333333333333333
0.2
0.2857142857142857
0.2
0.23809523809523808
0.26666666666666666
0.2
0.13333333333333333
0.2
0.0
0.13333333333333333
0.2
0.3333333333333333
0.3333333333333333
0.13333333333333333
0.2
0.2
0.3333333333333333
0.0
0.3333333333333333
0.06666666666666667
0.0
0.06666666666666667
0.21428571428571427

Average50: 0.1370630649090368	Count: 100
Average10: 0.17587046287046282	Count: 100
Average5: 0.20336904761904745	Count: 100
