--------------------------------
top-50
0.06868686868686869
0.2719298245614035
0.06848357791754019
0.05587808417997097
0.1839080459770115
0.3301673450927182
0.023529411764705882
0.04816326530612245
0.03836734693877551
0.0392156862745098
0.25084745762711863
0.11380471380471381
0.09713487071977638
0.06901960784313725
0.08490566037735849
0.10412299091544375
0.032428355957767725
0.08941176470588236
0.07896575821104122
0.04653061224489796
0.033182503770739065
0.05714285714285714
0.055152394775036286
0.19797979797979798
0.04392156862745098
0.45175983436853
0.16817906836055657
0.10014513788098693
0.19754529514903565
0.07673469387755102
0.04716981132075472
0.05803921568627451
0.0563265306122449
0.13116883116883116
0.05877551020408163
0.07184325108853411
0.07686932215234102
0.08784313725490196
0.09935064935064936
0.1603896103896104
0.04147812971342383
0.05128205128205128
0.2723426758328926
0.09724238026124818
0.0444947209653092
0.102322206095791
0.16428571428571428
0.06901960784313725
0.08484848484848485
0.058823529411764705
0.03294117647058824
0.23057644110275688
0.042986425339366516
0.5076726342710998
0.20395480225988702
0.04470588235294118
0.1204644412191582
0.07402031930333818
0.02980392156862745
0.05660377358490566
0.053061224489795916
0.06636500754147813
0.10595065312046444
0.42142230026338895
0.05725490196078432
0.09503843466107617
0.08127721335268505
0.17402597402597403
0.12142857142857143
0.1603145795523291
0.02790346907993967
0.04
0.09502262443438914
0.08144796380090498
0.1574746008708273
0.06823529411764706
0.13122171945701358
0.07616892911010557
0.04392156862745098
0.2735242548217417
0.2825814536340852
0.07102040816326531
0.06778476589797344
0.10482180293501048
0.11828737300435414
0.18451300665456746
0.057912457912457915
0.1723905723905724
0.0792156862745098
0.12844611528822056
0.0936408106219427
0.09154437456324249
0.06386066763425254
0.14102564102564102
0.05587808417997097
0.11784511784511785
0.12718378756114604
0.09014675052410902
0.050980392156862744
0.060408163265306125
--------------------------------
top-10
0.05454545454545454
0.28205128205128205
0.17777777777777778
0.022222222222222223
0.03636363636363636
0.08888888888888889
0.06666666666666667
0.19696969696969696
0.10909090909090909
0.1111111111111111
0.37362637362637363
0.16363636363636364
0.10909090909090909
0.36363636363636365
0.18181818181818182
0.14545454545454545
0.0
0.16363636363636364
0.23636363636363636
0.14545454545454545
0.0
0.2692307692307692
0.26666666666666666
0.10606060606060606
0.23636363636363636
0.03636363636363636
0.17777777777777778
0.09090909090909091
0.15151515151515152
0.24242424242424243
0.01818181818181818
0.044444444444444446
0.17777777777777778
0.36363636363636365
0.38181818181818183
0.09090909090909091
0.4
0.05454545454545454
0.10909090909090909
0.022222222222222223
0.06666666666666667
0.41818181818181815
0.21818181818181817
0.022222222222222223
0.08888888888888889
0.18181818181818182
0.2
0.0
0.09090909090909091
0.08888888888888889
0.044444444444444446
0.18181818181818182
0.14545454545454545
0.49523809523809526
0.19696969696969696
0.03636363636363636
0.3956043956043956
0.10909090909090909
0.10909090909090909
0.07272727272727272
0.044444444444444446
0.09090909090909091
0.06666666666666667
0.21212121212121213
0.044444444444444446
0.24444444444444444
0.09090909090909091
0.15151515151515152
0.05454545454545454
0.22727272727272727
0.05454545454545454
0.19696969696969696
0.32051282051282054
0.03636363636363636
0.022222222222222223
0.06666666666666667
0.2222222222222222
0.022222222222222223
0.022222222222222223
0.15151515151515152
0.8166666666666667
0.22727272727272727
0.07272727272727272
0.24444444444444444
0.08888888888888889
0.022222222222222223
0.044444444444444446
0.12727272727272726
0.24358974358974358
0.0
0.2692307692307692
0.044444444444444446
0.19696969696969696
0.09090909090909091
0.09090909090909091
0.34065934065934067
0.13333333333333333
0.13333333333333333
0.2222222222222222
0.14545454545454545
--------------------------------
top-5
0.1
0.1
0.4
0.0
0.1
0.2
0.06666666666666667
0.13333333333333333
0.06666666666666667
0.0
0.06666666666666667
0.7
0.2
0.47619047619047616
0.3333333333333333
0.4
0.0
0.06666666666666667
0.4
0.0
0.0
0.13333333333333333
0.5714285714285714
0.1
0.42857142857142855
0.0
0.26666666666666666
0.2
0.13333333333333333
0.06666666666666667
0.0
0.0
0.5
0.6071428571428571
0.5714285714285714
0.2
0.7142857142857143
0.06666666666666667
0.4
0.1
0.13333333333333333
0.5714285714285714
0.3
0.1
0.13333333333333333
0.6
0.26666666666666666
0.0
0.2
0.0
0.1
0.3333333333333333
0.5
0.3333333333333333
0.06666666666666667
0.0
0.2
0.1
0.1
0.06666666666666667
0.0
0.3
0.0
0.26666666666666666
0.0
0.5238095238095238
0.0
0.4666666666666667
0.0
0.13333333333333333
0.06666666666666667
0.1
0.2
0.0
0.1
0.3
0.2
0.1
0.1
0.4
1.0
0.26666666666666666
0.0
0.4
0.3
0.06666666666666667
0.0
0.26666666666666666
0.1
0.0
0.06666666666666667
0.13333333333333333
0.1
0.1
0.2
0.2
0.4666666666666667
0.2857142857142857
0.4
0.13333333333333333

Average50: 0.11145436304529191	Count: 100
Average10: 0.15328632478632476	Count: 100
Average5: 0.20716666666666658	Count: 100
