--------------------------------
top-20
0.0
0.0
0.0
0.0
0.0
0.0
0.16600790513833993
0.0
0.0
0.0
0.0
0.0
0.0
0.31666666666666665
0.4211822660098522
0.0
0.0380952380952381
0.0
0.2988505747126437
0.0
0.0
0.21666666666666667
0.0
0.0
0.16600790513833993
0.0
0.0
0.0
0.0
0.14492753623188406
0.0
0.005263157894736842
0.0
0.25
0.0
0.0
NaN
0.0
0.0
0.06190476190476191
0.2753623188405797
0.0
0.0
0.0
0.0
0.0
0.010526315789473684
0.27692307692307694
0.0
NaN
0.2753623188405797
0.14492753623188406
0.2438423645320197
0.12554112554112554
0.26021505376344084
0.08571428571428572
0.1471861471861472
0.30114942528735633
0.26021505376344084
0.2438423645320197
0.4731182795698925
0.26021505376344084
0.0
0.2438423645320197
0.0
0.0
0.0
0.12554112554112554
0.031578947368421054
0.1471861471861472
0.08571428571428572
0.26021505376344084
0.0
0.05263157894736842
0.0
0.0
0.26021505376344084
0.0
0.031578947368421054
0.0
0.33903133903133903
0.08571428571428572
0.14761904761904762
0.0
0.14492753623188406
0.14761904761904762
0.3789173789173789
0.33251231527093594
0.0
0.0
0.0
0.14761904761904762
0.07368421052631578
0.0
0.0
0.44946236559139785
0.18972332015810275
NaN
0.0
NaN
--------------------------------
top-10
0.0
0.0
0.0
0.0
0.0
0.0
0.12121212121212122
0.0
0.03636363636363636
0.0
0.06060606060606061
0.0
0.06060606060606061
0.2727272727272727
0.2727272727272727
0.06060606060606061
0.0
0.03636363636363636
0.11538461538461539
0.03636363636363636
0.03636363636363636
0.11538461538461539
0.0
0.0
0.12121212121212122
0.06060606060606061
0.03636363636363636
0.0
0.06060606060606061
0.0
0.0
0.05454545454545454
0.0
0.21978021978021978
0.0
0.21978021978021978
NaN
0.0
0.0
0.1111111111111111
0.47058823529411764
0.0
0.18181818181818182
0.0
0.0
0.0
0.09090909090909091
0.15151515151515152
0.0
NaN
0.47368421052631576
0.0
0.01818181818181818
0.13636363636363635
0.01818181818181818
0.2
0.12727272727272726
0.1282051282051282
0.01818181818181818
0.01818181818181818
0.47619047619047616
0.01818181818181818
0.0
0.01818181818181818
0.0
0.0
0.0
0.13636363636363635
0.15151515151515152
0.12727272727272726
0.2
0.01818181818181818
0.0
0.2222222222222222
0.16363636363636364
0.0
0.01818181818181818
0.2727272727272727
0.15151515151515152
0.0
0.3333333333333333
0.2
0.45454545454545453
0.0
0.0
0.5333333333333333
0.34615384615384615
0.23809523809523808
0.0
0.0
0.0
0.45454545454545453
0.2727272727272727
0.0
0.0
0.3956043956043956
0.26373626373626374
NaN
0.26373626373626374
NaN
--------------------------------
top-5
0.0
0.0
0.0
0.2
0.0
0.0
0.0
0.2
0.0
0.0
0.0
0.0
0.0
0.42857142857142855
0.38095238095238093
0.0
0.0
0.0
0.0
0.0
0.0
0.0
0.0
0.0
0.0
0.0
0.0
0.4444444444444444
0.0
0.2
0.0
0.1
0.0
0.0
0.0
0.0
NaN
0.0
0.0
0.36666666666666664
0.4444444444444444
0.2857142857142857
0.5555555555555556
0.0
0.0
0.26666666666666666
0.2
0.0
0.0
NaN
0.4444444444444444
0.2
0.0
0.1
0.0
0.6333333333333333
0.0
0.1
0.0
0.0
0.47619047619047616
0.0
0.0
0.0
0.0
0.0
0.0
0.1
0.6
0.0
0.6333333333333333
0.0
0.0
0.6333333333333333
0.0
0.0
0.0
0.4444444444444444
0.6
0.0
0.13333333333333333
0.6333333333333333
0.8214285714285714
0.0
0.0
0.8214285714285714
0.42857142857142855
0.0
0.0
0.3333333333333333
0.0
0.8214285714285714
0.9666666666666667
0.0
0.38095238095238093
0.4444444444444444
0.06666666666666667
NaN
0.0
NaN
--------------------------------
top-3
0.0
0.0
0.0
0.16666666666666666
0.0
0.0
0.16666666666666666
0.16666666666666666
0.0
0.0
0.0
0.0
0.0
0.4
0.3333333333333333
0.0
0.0
0.0
0.0
0.0
0.0
0.0
0.0
0.0
0.16666666666666666
0.0
0.0
0.4
0.0
0.0
0.0
0.3333333333333333
0.0
0.3333333333333333
0.16666666666666666
0.16666666666666666
NaN
0.0
0.4
0.5833333333333334
0.4
0.0
0.6
0.0
0.0
0.3333333333333333
0.6666666666666666
0.3333333333333333
0.0
NaN
0.4
0.0
0.0
0.3333333333333333
0.0
0.75
0.0
0.3333333333333333
0.0
0.5
0.6
0.0
0.0
0.5
0.0
0.0
0.0
0.3333333333333333
1.0
0.0
0.75
0.0
0.0
0.75
0.0
0.0
0.0
0.4
1.0
0.5
0.0
0.75
0.7666666666666667
0.0
0.0
0.7666666666666667
0.4
0.0
0.0
0.6
0.0
0.7666666666666667
0.7666666666666667
0.0
0.4
0.4
0.5
NaN
0.0
NaN

Average20: 0.09526090413772233	Var: 0.016335123524364843	Count: 96
Average10: 0.10283102368048193	Var: 0.018998197356718052	Count: 96
Average5: 0.15510085978835977	Var: 0.060571797902384976	Count: 96
Average3: 0.21232638888888886	Var: 0.07951530550733024	Count: 96
